PH, moisture
82000, 63, 5117
84000, 75, 5167
86000, 70, 5135
88000, 70, 5056
90000, 72, 5054
92000, 69, 5119
94000, 72, 5129
96000, 77, 5167
98000, 74, 5182
100000, 73, 5047
102000, 70, 5130
104000, 78, 5116
106000, 77, 5194
108000, 68, 5197
110000, 70, 5151
112000, 76, 5194
114000, 78, 5105
116000, 65, 5019
118000, 72, 5074
120000, 71, 5101
122000, 67, 5010
124000, 68, 5193
126000, 72, 5148
128000, 65, 5023
130000, 68, 5032
132000, 78, 5190
134000, 67, 5056
136000, 67, 5126
138000, 68, 5107
140000, 76, 5114
142000, 64, 5085
144000, 65, 5176
146000, 74, 5168
148000, 78, 5195
150000, 61, 5020
152000, 63, 5057
154000, 63, 5126
156000, 77, 5193
158000, 75, 5015
160000, 75, 5100
162000, 76, 5192
164000, 72, 5085
166000, 60, 5008
168000, 74, 5110
170000, 62, 5027
172000, 65, 5176
174000, 69, 5170
176000, 64, 5055
178000, 68, 5065
180000, 78, 5112
182000, 71, 5194
184000, 71, 5124
186000, 68, 5173
188000, 72, 5191
190000, 66, 5180
192000, 67, 5003
194000, 79, 5052
196000, 77, 5012
198000, 71, 5108
200000, 75, 5126
202000, 67, 5172
204000, 77, 5154
206000, 77, 5162
208000, 79, 5020
210000, 72, 5026
212000, 69, 5067
214000, 70, 5188
216000, 62, 5046
218000, 76, 5094
220000, 62, 5134
222000, 71, 5167
224000, 72, 5014
226000, 68, 5181
228000, 77, 5198
230000, 75, 5181
232000, 77, 5114
234000, 71, 5062
236000, 70, 5042
238000, 69, 5009
240000, 62, 5014
242000, 61, 5077
244000, 70, 5059
246000, 65, 5113
248000, 67, 5001
250000, 70, 5167
252000, 60, 5121
254000, 64, 5021
256000, 74, 5154
258000, 72, 5185
260000, 74, 5024
262000, 64, 5098
264000, 79, 5082
266000, 62, 5044
268000, 67, 5163
270000, 75, 5144
272000, 64, 5033
274000, 65, 5027
276000, 72, 5107
278000, 75, 5013
280000, 75, 5105
282000, 77, 5011
284000, 79, 5065
286000, 76, 5128
288000, 60, 5129
290000, 66, 5072
292000, 68, 5128
294000, 69, 5124
296000, 60, 5088
298000, 71, 5176
300000, 68, 5124
302000, 62, 5180
304000, 74, 5134
306000, 62, 5087
308000, 71, 5165
310000, 77, 5078
312000, 70, 5163
314000, 78, 5050
316000, 64, 5055
318000, 66, 5008
320000, 77, 5107
322000, 70, 5135
324000, 71, 5174
326000, 75, 5028
328000, 71, 5180
330000, 77, 5169
332000, 69, 5008
334000, 77, 5138
336000, 78, 5002
338000, 73, 5117
340000, 71, 5097
342000, 62, 5024
344000, 79, 5184
346000, 73, 5125
348000, 64, 5149
350000, 66, 5088
352000, 77, 5007
354000, 70, 5079
356000, 67, 5187
358000, 72, 5077
360000, 62, 5183
362000, 69, 5029
364000, 61, 5096
366000, 63, 5130
368000, 71, 5087
370000, 68, 5040
372000, 64, 5087
374000, 69, 5055
376000, 73, 5067
378000, 67, 5165
380000, 70, 5123
382000, 65, 5093
384000, 76, 5014
386000, 66, 5083
388000, 62, 5057
390000, 60, 5181
392000, 79, 5168
394000, 70, 5139
396000, 63, 5044
398000, 74, 5001
400000, 73, 5157
402000, 76, 5161
404000, 75, 5145
406000, 73, 5068
408000, 73, 5003
410000, 65, 5080
412000, 75, 5125
414000, 61, 5024
416000, 76, 5009
418000, 66, 5112
420000, 63, 5181
422000, 76, 5193
424000, 78, 5081
426000, 64, 5185
428000, 78, 5113
430000, 71, 5162
432000, 76, 5154
434000, 72, 5055
436000, 76, 5088
438000, 78, 5018
440000, 73, 5054
442000, 70, 5096
444000, 78, 5169
446000, 70, 5104
448000, 70, 5107
450000, 63, 5160
452000, 73, 5181
454000, 72, 5020
456000, 64, 5114
458000, 61, 5116
460000, 79, 5132
462000, 79, 5086
464000, 62, 5137
466000, 76, 5127
468000, 72, 5061
470000, 79, 5032
472000, 76, 5029
474000, 79, 5144
476000, 66, 5005
478000, 63, 5127
480000, 73, 5060
482000, 78, 5188
484000, 77, 5160
486000, 63, 5058
488000, 78, 5075
490000, 61, 5003
492000, 78, 5098
494000, 70, 5199
496000, 67, 5124
498000, 60, 5016
500000, 70, 5197
502000, 76, 5016
504000, 66, 5195
506000, 74, 5013
508000, 63, 5130
510000, 63, 5116
512000, 63, 5110
514000, 71, 5128
516000, 71, 5174
518000, 60, 5067
520000, 72, 5003
522000, 67, 5174
524000, 73, 5190
526000, 67, 5087
528000, 79, 5159
530000, 71, 5026
532000, 67, 5139
534000, 71, 5032
536000, 60, 5155
538000, 60, 5022
540000, 70, 5163
542000, 73, 5119
544000, 69, 5013
546000, 75, 5162
548000, 78, 5168
550000, 61, 5103
552000, 76, 5124
554000, 64, 5149
556000, 64, 5017
558000, 77, 5045
560000, 66, 5090
562000, 74, 5143
564000, 73, 5047
566000, 75, 5187
568000, 63, 5016
570000, 70, 5074
572000, 71, 5073
574000, 63, 5001
576000, 69, 5014
578000, 73, 5058
580000, 76, 5004
582000, 77, 5185
584000, 68, 5107
586000, 70, 5073
588000, 70, 5022
590000, 62, 5155
592000, 78, 5053
594000, 79, 5038
596000, 72, 5157
598000, 76, 5005
600000, 78, 5138
602000, 68, 5022
604000, 79, 5147
606000, 70, 5016
608000, 64, 5031
610000, 68, 5088
612000, 78, 5066
614000, 77, 5136
616000, 67, 5171
618000, 76, 5079
620000, 70, 5099
622000, 62, 5086
624000, 70, 5094
626000, 65, 5090
628000, 63, 5006
630000, 79, 5147
632000, 68, 5182
634000, 64, 5129
636000, 78, 5081
638000, 76, 5017
640000, 72, 5155
642000, 76, 5134
644000, 71, 5199
646000, 68, 5132
648000, 62, 5017
650000, 67, 5052
652000, 68, 5135
654000, 75, 5192
656000, 73, 5055
658000, 60, 5111
660000, 62, 5177
662000, 76, 5029
664000, 66, 5074
666000, 73, 5122
668000, 76, 5162
670000, 74, 5187
672000, 66, 5046
674000, 75, 5066
676000, 67, 5029
678000, 64, 5082
680000, 60, 5097
682000, 64, 5148
684000, 75, 5010
686000, 79, 5091
688000, 70, 5024
690000, 63, 5155
692000, 79, 5176
694000, 68, 5159
696000, 73, 5037
698000, 74, 5026
700000, 65, 5057
702000, 70, 5177
704000, 69, 5076
706000, 69, 5057
708000, 69, 5083
710000, 67, 5090
712000, 79, 5128
714000, 61, 5147
716000, 65, 5090
718000, 64, 5191
720000, 73, 5194
722000, 77, 5079
724000, 73, 5095
726000, 76, 5167
728000, 61, 5158
730000, 73, 5118
732000, 74, 5142
734000, 65, 5024
736000, 70, 5008
738000, 67, 5150
740000, 71, 5137
742000, 67, 5078
744000, 75, 5158
746000, 78, 5151
748000, 60, 5169
750000, 72, 5189
752000, 68, 5184
754000, 63, 5136
756000, 63, 5003
758000, 68, 5013
760000, 67, 5119
762000, 79, 5139
764000, 76, 5112
766000, 79, 5181
768000, 66, 5169
770000, 63, 5139
772000, 65, 5134
774000, 61, 5111
776000, 78, 5086
778000, 71, 5127
780000, 66, 5088
782000, 64, 5036
784000, 62, 5055
786000, 70, 5192
788000, 78, 5199
790000, 74, 5013
792000, 66, 5017
794000, 74, 5013
796000, 75, 5107
798000, 60, 5144
800000, 79, 5076
802000, 60, 5068
804000, 61, 5106
806000, 79, 5189
808000, 67, 5079
810000, 75, 5099
812000, 76, 5191
814000, 79, 5015
816000, 74, 5020
818000, 60, 5187
820000, 67, 5187
822000, 78, 5030
824000, 66, 5138
826000, 78, 5160
828000, 64, 5134
830000, 61, 5076
832000, 68, 5138
834000, 67, 5194
836000, 71, 5099
838000, 62, 5009
840000, 79, 5085
842000, 79, 5187
844000, 62, 5181
846000, 76, 5167
848000, 73, 5129
850000, 64, 5034
852000, 66, 5102
854000, 79, 5139
856000, 79, 5196
858000, 60, 5111
860000, 78, 5004
862000, 71, 5023
864000, 70, 5081
866000, 63, 5018
868000, 71, 5126
870000, 79, 5064
872000, 72, 5189
874000, 78, 5041
876000, 76, 5095
878000, 77, 5150
880000, 69, 5028
882000, 66, 5049
884000, 65, 5191
886000, 74, 5074
888000, 73, 5017
890000, 63, 5164
892000, 79, 5150
894000, 76, 5177
896000, 70, 5151
898000, 64, 5038
900000, 72, 5173
902000, 69, 5035
904000, 62, 5069
906000, 73, 5062
908000, 69, 5055
910000, 74, 5014
912000, 75, 5173
914000, 64, 5136
916000, 70, 5191
918000, 70, 5043
920000, 63, 5099
922000, 70, 5192
924000, 65, 5030
926000, 71, 5050
928000, 69, 5140
930000, 74, 5105
932000, 79, 5175
934000, 71, 5161
936000, 73, 5050
938000, 78, 5019
940000, 69, 5094
942000, 60, 5116
944000, 77, 5133
946000, 65, 5100
948000, 63, 5080
950000, 73, 5150
952000, 69, 5048
954000, 70, 5045
956000, 75, 5068
958000, 72, 5069
960000, 63, 5054
962000, 76, 5098
964000, 60, 5043
966000, 70, 5104
968000, 67, 5138
970000, 76, 5057
972000, 63, 5198
974000, 72, 5168
976000, 69, 5155
978000, 71, 5106
980000, 69, 5112
982000, 65, 5073
984000, 67, 5079
986000, 67, 5022
988000, 71, 5167
990000, 69, 5134
992000, 69, 5075
994000, 61, 5058
996000, 72, 5186
998000, 73, 5160
1000000, 66, 5012
1002000, 60, 5037
1004000, 77, 5056
1006000, 77, 5122
1008000, 78, 5055
1010000, 65, 5110
1012000, 66, 5166
1014000, 60, 5007
1016000, 69, 5096
1018000, 66, 5106
1020000, 78, 5168
1022000, 74, 5151
1024000, 70, 5083
1026000, 60, 5027
1028000, 69, 5043
1030000, 78, 5064
1032000, 63, 5057
1034000, 74, 5013
1036000, 75, 5154
1038000, 70, 5101
1040000, 70, 5041
1042000, 79, 5072
1044000, 61, 5009
1046000, 68, 5029
1048000, 76, 5131
1050000, 74, 5000
1052000, 77, 5004
1054000, 69, 5049
1056000, 74, 5038
1058000, 72, 5030
1060000, 60, 5095
1062000, 77, 5037
1064000, 72, 5176
1066000, 76, 5047
1068000, 66, 5190
1070000, 60, 5059
1072000, 65, 5137
1074000, 60, 5139
1076000, 61, 5080
1078000, 73, 5181
1080000, 73, 5075
1082000, 77, 5123
1084000, 73, 5145
1086000, 71, 5112
1088000, 74, 5062
1090000, 66, 5198
1092000, 72, 5155
1094000, 72, 5123
1096000, 65, 5181
1098000, 77, 5163
1100000, 78, 5098
1102000, 70, 5153
1104000, 64, 5077
1106000, 77, 5144
1108000, 60, 5026
1110000, 75, 5081
1112000, 77, 5087
1114000, 71, 5198
1116000, 68, 5156
1118000, 64, 5125
1120000, 73, 5192
1122000, 69, 5103
1124000, 68, 5048
1126000, 66, 5062
1128000, 78, 5131
1130000, 75, 5148
1132000, 75, 5145
1134000, 76, 5141
1136000, 65, 5129
1138000, 75, 5055
1140000, 65, 5133
1142000, 74, 5078
1144000, 75, 5126
1146000, 69, 5042
1148000, 78, 5030
1150000, 67, 5157
1152000, 60, 5132
1154000, 60, 5131
1156000, 69, 5020
1158000, 69, 5175
1160000, 77, 5139
1162000, 70, 5078
1164000, 66, 5049
1166000, 69, 5118
1168000, 69, 5180
1170000, 72, 5186
1172000, 67, 5131
1174000, 71, 5027
1176000, 70, 5108
1178000, 73, 5079
1180000, 71, 5129
1182000, 66, 5048
1184000, 74, 5127
1186000, 61, 5132
1188000, 65, 5191
1190000, 78, 5128
1192000, 78, 5026
1194000, 70, 5177
1196000, 66, 5032
1198000, 73, 5084
1200000, 66, 5193
1202000, 70, 5131
1204000, 63, 5175
1206000, 71, 5138
1208000, 68, 5050
1210000, 61, 5070
1212000, 69, 5174
1214000, 75, 5034
1216000, 66, 5044
1218000, 77, 5099
1220000, 61, 5013
1222000, 61, 5166
1224000, 79, 5185
1226000, 79, 5060
1228000, 60, 5019
1230000, 68, 5036
1232000, 65, 5016
1234000, 60, 5060
1236000, 73, 5174
1238000, 76, 5065
1240000, 62, 5048
1242000, 69, 5039
1244000, 78, 5058
1246000, 68, 5030
1248000, 68, 5004
1250000, 67, 5114
1252000, 72, 5062
1254000, 69, 5038
1256000, 68, 5175
1258000, 60, 5127
1260000, 67, 5158
1262000, 69, 5085
1264000, 65, 5069
1266000, 70, 5136
1268000, 73, 5055
1270000, 62, 5000
1272000, 70, 5194
1274000, 62, 5042
1276000, 64, 5109
1278000, 76, 5124
1280000, 63, 5167
1282000, 65, 5035
1284000, 61, 5096
1286000, 61, 5012
1288000, 62, 5163
1290000, 61, 5194
1292000, 64, 5062
1294000, 69, 5152
1296000, 65, 5158
1298000, 78, 5094
1300000, 76, 5086
1302000, 63, 5193
1304000, 64, 5007
1306000, 77, 5070
1308000, 69, 5095
1310000, 72, 5199
1312000, 69, 5120
1314000, 73, 5164
1316000, 77, 5127
1318000, 67, 5168
1320000, 60, 5060
1322000, 71, 5005
1324000, 75, 5142
1326000, 71, 5063
1328000, 78, 5191
1330000, 78, 5089
1332000, 68, 5115
1334000, 61, 5193
1336000, 62, 5060
1338000, 74, 5041
1340000, 69, 5114
1342000, 72, 5137
1344000, 79, 5097
1346000, 78, 5141
1348000, 75, 5076
1350000, 75, 5025
1352000, 77, 5191
1354000, 71, 5029
1356000, 76, 5047
1358000, 67, 5194
1360000, 61, 5191
1362000, 64, 5151
1364000, 60, 5095
1366000, 79, 5134
1368000, 77, 5184
1370000, 74, 5072
1372000, 64, 5183
1374000, 66, 5092
1376000, 78, 5054
1378000, 72, 5055
1380000, 72, 5052
1382000, 67, 5127
1384000, 78, 5172
1386000, 62, 5171
1388000, 60, 5008
1390000, 79, 5181
1392000, 66, 5125
1394000, 75, 5055
1396000, 66, 5156
1398000, 74, 5084
1400000, 75, 5066
1402000, 70, 5069
1404000, 72, 5036
1406000, 79, 5179
1408000, 67, 5123
1410000, 64, 5018
1412000, 63, 5119
1414000, 72, 5175
1416000, 73, 5160
1418000, 60, 5047
1420000, 71, 5065
1422000, 60, 5045
1424000, 74, 5034
1426000, 60, 5094
1428000, 73, 5105
1430000, 74, 5118
1432000, 70, 5023
1434000, 63, 5112
1436000, 70, 5013
1438000, 75, 5115
1440000, 67, 5080
1442000, 72, 5148
1444000, 62, 5042
1446000, 61, 5091
1448000, 67, 5046
1450000, 60, 5056
1452000, 70, 5160
1454000, 70, 5047
1456000, 73, 5159
1458000, 70, 5027
1460000, 67, 5169
1462000, 64, 5051
1464000, 67, 5050
1466000, 77, 5197
1468000, 64, 5077
1470000, 74, 5054
1472000, 65, 5000
1474000, 65, 5101
1476000, 64, 5029
1478000, 65, 5066
1480000, 75, 5051
1482000, 64, 5006
1484000, 76, 5095
1486000, 65, 5135
1488000, 61, 5091
1490000, 62, 5045
1492000, 61, 5111
1494000, 66, 5119
1496000, 67, 5046
1498000, 70, 5088
1500000, 76, 5170
1502000, 74, 5179
1504000, 79, 5194
1506000, 65, 5093
1508000, 63, 5196
1510000, 67, 5143
1512000, 65, 5176
1514000, 70, 5130
1516000, 70, 5191
1518000, 72, 5160
1520000, 78, 5121
1522000, 71, 5034
1524000, 71, 5148
1526000, 68, 5045
1528000, 65, 5119
1530000, 70, 5085
1532000, 62, 5196
1534000, 79, 5084
1536000, 73, 5101
1538000, 66, 5195
1540000, 71, 5060
1542000, 73, 5149
1544000, 71, 5197
1546000, 60, 5081
1548000, 76, 5061
1550000, 66, 5190
1552000, 66, 5088
1554000, 63, 5114
1556000, 71, 5051
1558000, 77, 5134
1560000, 62, 5028
1562000, 64, 5144
1564000, 68, 5183
1566000, 60, 5035
1568000, 79, 5039
1570000, 79, 5138
1572000, 62, 5092
1574000, 65, 5107
1576000, 63, 5100
1578000, 71, 5101
1580000, 72, 5084
1582000, 69, 5105
1584000, 75, 5099
1586000, 76, 5107
1588000, 76, 5013
1590000, 74, 5084
1592000, 69, 5009
1594000, 69, 5098
1596000, 65, 5039
1598000, 79, 5064
1600000, 71, 5153
1602000, 76, 5172
1604000, 65, 5157
1606000, 70, 5047
1608000, 67, 5111
1610000, 66, 5130
1612000, 64, 5089
1614000, 64, 5183
1616000, 65, 5096
1618000, 67, 5058
1620000, 76, 5147
1622000, 67, 5051
1624000, 69, 5168
1626000, 78, 5073
1628000, 65, 5171
1630000, 78, 5014
1632000, 70, 5171
1634000, 66, 5163
1636000, 66, 5063
1638000, 77, 5123
1640000, 73, 5045
1642000, 63, 5099
1644000, 76, 5168
1646000, 60, 5117
1648000, 74, 5080
1650000, 67, 5097
1652000, 74, 5022
1654000, 76, 5033
1656000, 70, 5024
1658000, 64, 5104
1660000, 73, 5161
1662000, 73, 5090
1664000, 79, 5093
1666000, 76, 5197
1668000, 71, 5166
1670000, 70, 5166
1672000, 63, 5054
1674000, 79, 5065
1676000, 75, 5128
1678000, 67, 5172
1680000, 74, 5181
1682000, 74, 5151
1684000, 72, 5097
1686000, 63, 5036
1688000, 79, 5141
1690000, 64, 5037
1692000, 74, 5132
1694000, 69, 5047
1696000, 76, 5073
1698000, 64, 5008
1700000, 61, 5183
1702000, 75, 5025
1704000, 61, 5058
1706000, 68, 5023
1708000, 65, 5139
1710000, 76, 5052
1712000, 76, 5059
1714000, 73, 5022
1716000, 64, 5111
1718000, 63, 5182
1720000, 60, 5132
1722000, 75, 5136
1724000, 77, 5053
1726000, 79, 5174
1728000, 63, 5159
1730000, 68, 5040
1732000, 78, 5002
1734000, 77, 5084
1736000, 75, 5070
1738000, 60, 5045
1740000, 79, 5004
1742000, 64, 5015
1744000, 77, 5132
1746000, 70, 5104
1748000, 79, 5153
1750000, 61, 5094
1752000, 63, 5086
1754000, 78, 5067
1756000, 67, 5136
1758000, 67, 5005
1760000, 72, 5161
1762000, 74, 5129
1764000, 64, 5199
1766000, 70, 5042
1768000, 68, 5097
1770000, 68, 5064
1772000, 75, 5180
1774000, 68, 5079
1776000, 74, 5068
1778000, 76, 5032
1780000, 69, 5190
1782000, 76, 5060
1784000, 78, 5013
1786000, 74, 5118
1788000, 70, 5195
1790000, 70, 5106
1792000, 76, 5022
1794000, 63, 5089
1796000, 67, 5043
1798000, 76, 5060
