moisture (%)
85000, 3744
90000, 3870
95000, 3826
100000, 3867
105000, 3857
110000, 3899
115000, 3706
120000, 3801
125000, 3780
130000, 3774
135000, 3857
140000, 3749
145000, 3805
150000, 3728
155000, 3760
160000, 3854
165000, 3757
170000, 3895
175000, 3767
180000, 3899
185000, 3868
190000, 3771
195000, 3817
200000, 3857
205000, 3797
210000, 3802
215000, 3752
220000, 3801
225000, 3834
230000, 3748
235000, 3828
240000, 3739
245000, 3789
250000, 3771
255000, 3740
260000, 3737
265000, 3805
270000, 3708
275000, 3776
280000, 3834
285000, 3704
290000, 3736
295000, 3860
300000, 3789
305000, 3705
310000, 3837
315000, 3891
320000, 3856
325000, 3820
330000, 3824
335000, 3738
340000, 3828
345000, 3749
350000, 3837
355000, 3739
360000, 3736
365000, 3767
370000, 3746
375000, 3780
380000, 3896
385000, 3765
390000, 3842
395000, 3855
400000, 3827
405000, 3827
410000, 3752
415000, 3776
420000, 3863
425000, 3724
430000, 3893
435000, 3883
440000, 3777
445000, 3839
450000, 3736
455000, 3706
460000, 3740
465000, 3744
470000, 3760
475000, 3880
480000, 3766
485000, 3743
490000, 3756
495000, 3714
500000, 3732
505000, 3806
510000, 3839
515000, 3857
520000, 3742
525000, 3707
530000, 3894
535000, 3747
540000, 3849
545000, 3703
550000, 3877
555000, 3727
560000, 3745
565000, 3754
570000, 3798
575000, 3796
580000, 3875
585000, 3743
590000, 3710
595000, 3735
600000, 3754
605000, 3712
610000, 3863
615000, 3887
620000, 3790
625000, 3818
630000, 3849
635000, 3777
640000, 3752
645000, 3847
650000, 3802
655000, 3825
660000, 3842
665000, 3809
670000, 3734
675000, 3768
680000, 3705
685000, 3788
690000, 3816
695000, 3772
700000, 3856
705000, 3883
710000, 3881
715000, 3754
720000, 3713
725000, 3820
730000, 3719
735000, 3708
740000, 3789
745000, 3890
750000, 3760
755000, 3896
760000, 3799
765000, 3746
770000, 3803
775000, 3833
780000, 3860
785000, 3774
790000, 3892
795000, 3890
800000, 3784
805000, 3816
810000, 3730
815000, 3894
820000, 3708
825000, 3818
830000, 3753
835000, 3776
840000, 3831
845000, 3731
850000, 3829
855000, 3730
860000, 3854
865000, 3750
870000, 3771
875000, 3745
880000, 3888
885000, 3850
890000, 3741
895000, 3874
900000, 3751
905000, 3744
910000, 3880
915000, 3702
920000, 3872
925000, 3844
930000, 3822
935000, 3817
940000, 3785
945000, 3768
950000, 3742
955000, 3834
960000, 3825
965000, 3832
970000, 3713
975000, 3750
980000, 3870
985000, 3708
990000, 3804
995000, 3817
1000000, 3878
1005000, 3883
1010000, 3895
1015000, 3706
1020000, 3785
1025000, 3717
1030000, 3728
1035000, 3740
1040000, 3701
1045000, 3803
1050000, 3840
1055000, 3757
1060000, 3741
1065000, 3839
1070000, 3745
1075000, 3785
1080000, 3725
1085000, 3886
1090000, 3703
1095000, 3852
1100000, 3785
1105000, 3864
1110000, 3787
1115000, 3865
1120000, 3865
1125000, 3762
1130000, 3711
1135000, 3768
1140000, 3743
1145000, 3719
1150000, 3843
1155000, 3867
1160000, 3798
1165000, 3807
1170000, 3738
1175000, 3845
1180000, 3893
1185000, 3809
1190000, 3848
1195000, 3829
1200000, 3780
1205000, 3883
1210000, 3777
1215000, 3887
1220000, 3842
1225000, 3841
1230000, 3797
1235000, 3813
1240000, 3884
1245000, 3875
1250000, 3874
1255000, 3788
1260000, 3899
1265000, 3858
1270000, 3897
1275000, 3781
1280000, 3765
1285000, 3803
1290000, 3864
1295000, 3720
1300000, 3775
1305000, 3794
1310000, 3717
1315000, 3889
1320000, 3768
1325000, 3820
1330000, 3896
1335000, 3884
1340000, 3863
1345000, 3861
1350000, 3843
1355000, 3740
1360000, 3706
1365000, 3703
1370000, 3708
1375000, 3720
1380000, 3725
1385000, 3832
1390000, 3780
1395000, 3899
1400000, 3794
1405000, 3820
1410000, 3759
1415000, 3755
1420000, 3753
1425000, 3712
1430000, 3865
1435000, 3705
1440000, 3758
1445000, 3830
1450000, 3828
1455000, 3747
1460000, 3858
1465000, 3749
1470000, 3868
1475000, 3836
1480000, 3857
1485000, 3745
1490000, 3858
1495000, 3749
1500000, 3784
1505000, 3777
1510000, 3715
1515000, 3787
1520000, 3821
1525000, 3738
1530000, 3847
1535000, 3833
1540000, 3751
1545000, 3769
1550000, 3726
1555000, 3827
1560000, 3730
1565000, 3706
1570000, 3729
1575000, 3899
1580000, 3852
1585000, 3842
1590000, 3844
1595000, 3848
1600000, 3800
1605000, 3894
1610000, 3876
1615000, 3886
1620000, 3810
1625000, 3739
1630000, 3890
1635000, 3750
1640000, 3830
1645000, 3808
1650000, 3813
1655000, 3793
1660000, 3788
1665000, 3767
1670000, 3804
1675000, 3803
1680000, 3713
1685000, 3894
1690000, 3808
1695000, 3811
1700000, 3793
1705000, 3769
1710000, 3832
1715000, 3810
1720000, 3879
1725000, 3735
1730000, 3857
1735000, 3730
1740000, 3841
1745000, 3798
1750000, 3740
1755000, 3801
1760000, 3736
1765000, 3894
1770000, 3706
1775000, 3850
1780000, 3742
1785000, 3881
1790000, 3855
1795000, 3857
