light
110000, 4326
140000, 4390
170000, 4343
200000, 4414
230000, 4315
260000, 4469
290000, 4365
320000, 4439
350000, 4351
380000, 4374
410000, 4429
440000, 4439
470000, 4317
500000, 4406
530000, 4443
560000, 4436
590000, 4422
620000, 4310
650000, 4479
680000, 4404
710000, 4402
740000, 4436
770000, 4437
800000, 4468
830000, 4495
860000, 4366
890000, 4474
920000, 4378
950000, 4373
980000, 4354
1010000, 4329
1040000, 4399
1070000, 4301
1100000, 4365
1130000, 4443
1160000, 4396
1190000, 4341
1220000, 4361
1250000, 4394
1280000, 4358
1310000, 4368
1340000, 4417
1370000, 4321
1400000, 4366
1430000, 4488
1460000, 4394
1490000, 4345
1520000, 4343
1550000, 4317
1580000, 4357
1610000, 4431
1640000, 4327
1670000, 4416
1700000, 4396
1730000, 4347
1760000, 4358
1790000, 4365
