light
110000, 4374
140000, 4401
170000, 4400
200000, 4439
230000, 4308
260000, 4302
290000, 4395
320000, 4318
350000, 4315
380000, 4355
410000, 4377
440000, 4474
470000, 4453
500000, 4490
530000, 4333
560000, 4362
590000, 4376
620000, 4432
650000, 4375
680000, 4302
710000, 4480
740000, 4413
770000, 4489
800000, 4465
830000, 4450
860000, 4310
890000, 4335
920000, 4377
950000, 4459
980000, 4336
1010000, 4304
1040000, 4474
1070000, 4498
1100000, 4456
1130000, 4369
1160000, 4326
1190000, 4318
1220000, 4306
1250000, 4344
1280000, 4442
1310000, 4347
1340000, 4423
1370000, 4424
1400000, 4382
1430000, 4372
1460000, 4428
1490000, 4306
1520000, 4311
1550000, 4405
1580000, 4309
1610000, 4439
1640000, 4463
1670000, 4439
1700000, 4429
1730000, 4376
1760000, 4360
1790000, 4350
