temperature (C)
90000, 2013
100000, 2022
110000, 2067
120000, 2030
130000, 1946
140000, 2004
150000, 1986
160000, 1935
170000, 2072
180000, 2083
190000, 2061
200000, 1998
210000, 2033
220000, 1967
230000, 2043
240000, 2034
250000, 2042
260000, 2072
270000, 2053
280000, 1946
290000, 1941
300000, 1954
310000, 2037
320000, 1910
330000, 2039
340000, 1930
350000, 1992
360000, 1969
370000, 2040
380000, 1992
390000, 1998
400000, 1912
410000, 1941
420000, 2055
430000, 1908
440000, 1965
450000, 2035
460000, 2073
470000, 2058
480000, 2018
490000, 1921
500000, 1904
510000, 2002
520000, 2077
530000, 2049
540000, 2024
550000, 2033
560000, 2092
570000, 1945
580000, 1937
590000, 1916
600000, 1975
610000, 2009
620000, 1976
630000, 1914
640000, 2055
650000, 2012
660000, 1909
670000, 1958
680000, 1957
690000, 1940
700000, 1994
710000, 2043
720000, 1926
730000, 1997
740000, 1963
750000, 2063
760000, 2059
770000, 1928
780000, 2063
790000, 1930
800000, 2084
810000, 1904
820000, 1948
830000, 2060
840000, 2033
850000, 2058
860000, 2063
870000, 2078
880000, 1975
890000, 2073
900000, 1931
910000, 2017
920000, 2042
930000, 2019
940000, 1952
950000, 2030
960000, 1952
970000, 2036
980000, 1921
990000, 1990
1000000, 1911
1010000, 1920
1020000, 2071
1030000, 1923
1040000, 2044
1050000, 2006
1060000, 1957
1070000, 2033
1080000, 1995
1090000, 1926
1100000, 1967
1110000, 2026
1120000, 2050
1130000, 2083
1140000, 1903
1150000, 1993
1160000, 1975
1170000, 1912
1180000, 2070
1190000, 1949
1200000, 1953
1210000, 2021
1220000, 1999
1230000, 2036
1240000, 1924
1250000, 1917
1260000, 2043
1270000, 1923
1280000, 2004
1290000, 2028
1300000, 2031
1310000, 1946
1320000, 2048
1330000, 1914
1340000, 1936
1350000, 1970
1360000, 2083
1370000, 2057
1380000, 1954
1390000, 1991
1400000, 1905
1410000, 2010
1420000, 1942
1430000, 1981
1440000, 2040
1450000, 1916
1460000, 2090
1470000, 2068
1480000, 2010
1490000, 1987
1500000, 2063
1510000, 1949
1520000, 1910
1530000, 2047
1540000, 1967
1550000, 2099
1560000, 1930
1570000, 1999
1580000, 2023
1590000, 1979
1600000, 2008
1610000, 1970
1620000, 1964
1630000, 2073
1640000, 2073
1650000, 1964
1660000, 2078
1670000, 1921
1680000, 2069
1690000, 1974
1700000, 2050
1710000, 2003
1720000, 2032
1730000, 1941
1740000, 2040
1750000, 2087
1760000, 2052
1770000, 2068
1780000, 2069
1790000, 2044
