light
110000, 4398
140000, 4494
170000, 4303
200000, 4357
230000, 4466
260000, 4329
290000, 4393
320000, 4356
350000, 4456
380000, 4496
410000, 4461
440000, 4406
470000, 4409
500000, 4331
530000, 4369
560000, 4422
590000, 4468
620000, 4409
650000, 4319
680000, 4490
710000, 4349
740000, 4452
770000, 4452
800000, 4335
830000, 4358
860000, 4419
890000, 4467
920000, 4324
950000, 4439
980000, 4470
1010000, 4414
1040000, 4317
1070000, 4459
1100000, 4363
1130000, 4356
1160000, 4446
1190000, 4390
1220000, 4423
1250000, 4448
1280000, 4351
1310000, 4317
1340000, 4488
1370000, 4315
1400000, 4397
1430000, 4406
1460000, 4450
1490000, 4406
1520000, 4455
1550000, 4307
1580000, 4313
1610000, 4347
1640000, 4486
1670000, 4469
1700000, 4302
1730000, 4444
1760000, 4428
1790000, 4408
