temperature (C)
90000, 1921
100000, 1904
110000, 2065
120000, 1922
130000, 2024
140000, 1921
150000, 2040
160000, 2023
170000, 1930
180000, 2032
190000, 2074
200000, 2014
210000, 1909
220000, 1963
230000, 1966
240000, 1942
250000, 1999
260000, 1929
270000, 1908
280000, 1970
290000, 2012
300000, 2092
310000, 2032
320000, 2093
330000, 1968
340000, 2044
350000, 1905
360000, 2041
370000, 2093
380000, 2039
390000, 2074
400000, 1971
410000, 1917
420000, 2046
430000, 1952
440000, 2028
450000, 1917
460000, 1906
470000, 2073
480000, 2039
490000, 2081
500000, 1947
510000, 2089
520000, 2059
530000, 1944
540000, 1983
550000, 2032
560000, 2042
570000, 1910
580000, 2068
590000, 1926
600000, 2032
610000, 2021
620000, 1939
630000, 2082
640000, 2050
650000, 1967
660000, 2068
670000, 2047
680000, 2089
690000, 2007
700000, 2086
710000, 2089
720000, 2085
730000, 2017
740000, 1942
750000, 1964
760000, 1935
770000, 1934
780000, 2007
790000, 1977
800000, 2011
810000, 1977
820000, 1993
830000, 1970
840000, 2094
850000, 1953
860000, 1990
870000, 1983
880000, 2093
890000, 2017
900000, 2055
910000, 1937
920000, 1968
930000, 2082
940000, 1977
950000, 2085
960000, 2098
970000, 2079
980000, 2042
990000, 1970
1000000, 2030
1010000, 1925
1020000, 2020
1030000, 1967
1040000, 1927
1050000, 2083
1060000, 2090
1070000, 1953
1080000, 2029
1090000, 2006
1100000, 2024
1110000, 2036
1120000, 1964
1130000, 1998
1140000, 1921
1150000, 1941
1160000, 2025
1170000, 2018
1180000, 1908
1190000, 1921
1200000, 2006
1210000, 1935
1220000, 2078
1230000, 2062
1240000, 2083
1250000, 2002
1260000, 2014
1270000, 1956
1280000, 1921
1290000, 1983
1300000, 1993
1310000, 1982
1320000, 1994
1330000, 2055
1340000, 2032
1350000, 1965
1360000, 1975
1370000, 1971
1380000, 1914
1390000, 2023
1400000, 1942
1410000, 1995
1420000, 1985
1430000, 2016
1440000, 2079
1450000, 1902
1460000, 2048
1470000, 1971
1480000, 2099
1490000, 2036
1500000, 2022
1510000, 1985
1520000, 1954
1530000, 1946
1540000, 2067
1550000, 1981
1560000, 1972
1570000, 1981
1580000, 1936
1590000, 2084
1600000, 1979
1610000, 2077
1620000, 2064
1630000, 1943
1640000, 1917
1650000, 2047
1660000, 1913
1670000, 1995
1680000, 2034
1690000, 2092
1700000, 2052
1710000, 1994
1720000, 2002
1730000, 2010
1740000, 1952
1750000, 1971
1760000, 2022
1770000, 1939
1780000, 2061
1790000, 1903
