temperature (C)
90000, 1932
100000, 2053
110000, 1956
120000, 2003
130000, 1946
140000, 1914
150000, 1957
160000, 2084
170000, 1903
180000, 1959
190000, 2039
200000, 1995
210000, 2043
220000, 2097
230000, 2047
240000, 1985
250000, 2053
260000, 2011
270000, 2004
280000, 1957
290000, 2012
300000, 1984
310000, 1940
320000, 1922
330000, 1914
340000, 1989
350000, 1983
360000, 2048
370000, 1980
380000, 2057
390000, 1995
400000, 1994
410000, 1988
420000, 1972
430000, 2013
440000, 2058
450000, 1949
460000, 1972
470000, 1932
480000, 2062
490000, 1910
500000, 2080
510000, 1951
520000, 1958
530000, 1925
540000, 1987
550000, 2052
560000, 1968
570000, 1907
580000, 1928
590000, 2066
600000, 2097
610000, 1989
620000, 2055
630000, 2004
640000, 2069
650000, 1995
660000, 1918
670000, 2011
680000, 1944
690000, 1949
700000, 2087
710000, 2074
720000, 1972
730000, 2091
740000, 2032
750000, 1957
760000, 1932
770000, 1962
780000, 1941
790000, 1936
800000, 1916
810000, 2016
820000, 2045
830000, 1976
840000, 2045
850000, 2022
860000, 2082
870000, 1921
880000, 2009
890000, 2012
900000, 1952
910000, 1993
920000, 1959
930000, 2002
940000, 2032
950000, 2046
960000, 2054
970000, 2025
980000, 1976
990000, 1918
1000000, 2028
1010000, 2020
1020000, 2078
1030000, 1938
1040000, 1906
1050000, 2018
1060000, 1986
1070000, 1932
1080000, 1972
1090000, 1967
1100000, 2088
1110000, 1939
1120000, 2038
1130000, 2004
1140000, 2058
1150000, 2008
1160000, 1946
1170000, 1961
1180000, 2074
1190000, 1909
1200000, 2046
1210000, 1902
1220000, 2064
1230000, 1947
1240000, 2087
1250000, 2096
1260000, 1962
1270000, 2042
1280000, 2039
1290000, 1980
1300000, 1995
1310000, 2079
1320000, 1941
1330000, 1962
1340000, 2075
1350000, 2084
1360000, 2005
1370000, 1922
1380000, 1933
1390000, 2067
1400000, 1995
1410000, 1919
1420000, 2083
1430000, 2058
1440000, 2074
1450000, 1988
1460000, 1947
1470000, 2007
1480000, 2039
1490000, 1961
1500000, 1967
1510000, 1917
1520000, 1982
1530000, 1964
1540000, 2024
1550000, 1986
1560000, 1965
1570000, 2091
1580000, 2056
1590000, 2086
1600000, 2067
1610000, 1937
1620000, 1918
1630000, 1935
1640000, 1932
1650000, 2079
1660000, 1962
1670000, 1959
1680000, 1980
1690000, 1916
1700000, 1998
1710000, 2099
1720000, 1963
1730000, 1989
1740000, 1989
1750000, 1995
1760000, 1914
1770000, 2068
1780000, 1932
1790000, 2046
