moisture (%)
85000, 3822
90000, 3779
95000, 3824
100000, 3813
105000, 3830
110000, 3788
115000, 3819
120000, 3896
125000, 3809
130000, 3741
135000, 3859
140000, 3706
145000, 3827
150000, 3897
155000, 3702
160000, 3752
165000, 3766
170000, 3839
175000, 3837
180000, 3810
185000, 3823
190000, 3787
195000, 3755
200000, 3873
205000, 3839
210000, 3820
215000, 3862
220000, 3738
225000, 3865
230000, 3795
235000, 3822
240000, 3856
245000, 3849
250000, 3818
255000, 3864
260000, 3840
265000, 3731
270000, 3704
275000, 3700
280000, 3822
285000, 3817
290000, 3708
295000, 3895
300000, 3754
305000, 3852
310000, 3711
315000, 3898
320000, 3727
325000, 3748
330000, 3713
335000, 3858
340000, 3870
345000, 3736
350000, 3825
355000, 3883
360000, 3803
365000, 3706
370000, 3883
375000, 3860
380000, 3822
385000, 3888
390000, 3817
395000, 3778
400000, 3702
405000, 3715
410000, 3862
415000, 3883
420000, 3898
425000, 3713
430000, 3842
435000, 3724
440000, 3740
445000, 3744
450000, 3838
455000, 3734
460000, 3736
465000, 3821
470000, 3874
475000, 3773
480000, 3788
485000, 3829
490000, 3726
495000, 3832
500000, 3884
505000, 3707
510000, 3863
515000, 3796
520000, 3836
525000, 3895
530000, 3777
535000, 3767
540000, 3715
545000, 3839
550000, 3769
555000, 3877
560000, 3758
565000, 3873
570000, 3894
575000, 3885
580000, 3858
585000, 3806
590000, 3871
595000, 3827
600000, 3762
605000, 3894
610000, 3738
615000, 3803
620000, 3777
625000, 3878
630000, 3756
635000, 3863
640000, 3792
645000, 3777
650000, 3843
655000, 3761
660000, 3865
665000, 3777
670000, 3833
675000, 3800
680000, 3718
685000, 3888
690000, 3711
695000, 3836
700000, 3752
705000, 3888
710000, 3876
715000, 3897
720000, 3790
725000, 3734
730000, 3724
735000, 3823
740000, 3877
745000, 3812
750000, 3810
755000, 3752
760000, 3812
765000, 3790
770000, 3823
775000, 3792
780000, 3824
785000, 3860
790000, 3875
795000, 3702
800000, 3716
805000, 3709
810000, 3842
815000, 3888
820000, 3817
825000, 3726
830000, 3712
835000, 3712
840000, 3765
845000, 3850
850000, 3839
855000, 3736
860000, 3877
865000, 3809
870000, 3789
875000, 3858
880000, 3815
885000, 3850
890000, 3848
895000, 3813
900000, 3865
905000, 3773
910000, 3732
915000, 3738
920000, 3860
925000, 3735
930000, 3898
935000, 3793
940000, 3795
945000, 3856
950000, 3886
955000, 3884
960000, 3824
965000, 3732
970000, 3855
975000, 3845
980000, 3881
985000, 3899
990000, 3764
995000, 3719
1000000, 3840
1005000, 3789
1010000, 3789
1015000, 3748
1020000, 3847
1025000, 3842
1030000, 3796
1035000, 3830
1040000, 3768
1045000, 3771
1050000, 3800
1055000, 3777
1060000, 3729
1065000, 3814
1070000, 3730
1075000, 3711
1080000, 3727
1085000, 3893
1090000, 3712
1095000, 3889
1100000, 3736
1105000, 3815
1110000, 3847
1115000, 3769
1120000, 3717
1125000, 3893
1130000, 3784
1135000, 3774
1140000, 3835
1145000, 3849
1150000, 3875
1155000, 3778
1160000, 3837
1165000, 3790
1170000, 3782
1175000, 3737
1180000, 3860
1185000, 3804
1190000, 3712
1195000, 3807
1200000, 3742
1205000, 3836
1210000, 3773
1215000, 3781
1220000, 3895
1225000, 3879
1230000, 3788
1235000, 3761
1240000, 3756
1245000, 3727
1250000, 3749
1255000, 3864
1260000, 3783
1265000, 3759
1270000, 3743
1275000, 3731
1280000, 3806
1285000, 3741
1290000, 3895
1295000, 3720
1300000, 3771
1305000, 3743
1310000, 3831
1315000, 3814
1320000, 3848
1325000, 3807
1330000, 3881
1335000, 3800
1340000, 3706
1345000, 3784
1350000, 3828
1355000, 3745
1360000, 3746
1365000, 3844
1370000, 3800
1375000, 3815
1380000, 3721
1385000, 3886
1390000, 3776
1395000, 3778
1400000, 3707
1405000, 3803
1410000, 3833
1415000, 3839
1420000, 3857
1425000, 3784
1430000, 3888
1435000, 3744
1440000, 3732
1445000, 3822
1450000, 3896
1455000, 3734
1460000, 3729
1465000, 3718
1470000, 3872
1475000, 3824
1480000, 3840
1485000, 3746
1490000, 3714
1495000, 3766
1500000, 3730
1505000, 3705
1510000, 3862
1515000, 3739
1520000, 3716
1525000, 3805
1530000, 3700
1535000, 3867
1540000, 3761
1545000, 3867
1550000, 3766
1555000, 3747
1560000, 3859
1565000, 3808
1570000, 3805
1575000, 3795
1580000, 3712
1585000, 3706
1590000, 3780
1595000, 3740
1600000, 3829
1605000, 3784
1610000, 3784
1615000, 3752
1620000, 3735
1625000, 3887
1630000, 3785
1635000, 3836
1640000, 3780
1645000, 3724
1650000, 3711
1655000, 3707
1660000, 3726
1665000, 3815
1670000, 3795
1675000, 3763
1680000, 3891
1685000, 3711
1690000, 3804
1695000, 3729
1700000, 3744
1705000, 3818
1710000, 3802
1715000, 3756
1720000, 3800
1725000, 3894
1730000, 3707
1735000, 3725
1740000, 3889
1745000, 3808
1750000, 3712
1755000, 3897
1760000, 3703
1765000, 3756
1770000, 3849
1775000, 3803
1780000, 3751
1785000, 3899
1790000, 3711
1795000, 3766
