temperature (C)
90000, 2075
100000, 1901
110000, 2090
120000, 1909
130000, 1904
140000, 2003
150000, 2072
160000, 2058
170000, 1996
180000, 1974
190000, 1911
200000, 1959
210000, 1907
220000, 2066
230000, 1984
240000, 2012
250000, 1984
260000, 1970
270000, 2001
280000, 1970
290000, 2025
300000, 2054
310000, 1996
320000, 1940
330000, 1921
340000, 2064
350000, 1963
360000, 2024
370000, 1973
380000, 1917
390000, 1937
400000, 1949
410000, 1938
420000, 2061
430000, 2043
440000, 1991
450000, 1955
460000, 1963
470000, 2050
480000, 1947
490000, 1971
500000, 1980
510000, 2006
520000, 1943
530000, 2026
540000, 1964
550000, 2028
560000, 2008
570000, 2075
580000, 2070
590000, 2091
600000, 1973
610000, 2055
620000, 1985
630000, 1948
640000, 1935
650000, 1970
660000, 1996
670000, 2039
680000, 2093
690000, 2052
700000, 1922
710000, 1954
720000, 2065
730000, 1941
740000, 1908
750000, 1913
760000, 1931
770000, 2099
780000, 2097
790000, 1962
800000, 1953
810000, 1951
820000, 1904
830000, 1953
840000, 2044
850000, 2016
860000, 2059
870000, 1985
880000, 2034
890000, 1930
900000, 2051
910000, 1994
920000, 1968
930000, 2034
940000, 2007
950000, 1915
960000, 1903
970000, 1971
980000, 2090
990000, 2061
1000000, 1976
1010000, 1917
1020000, 1927
1030000, 2012
1040000, 2098
1050000, 2058
1060000, 1916
1070000, 2007
1080000, 1940
1090000, 2045
1100000, 1911
1110000, 2083
1120000, 1976
1130000, 2068
1140000, 2034
1150000, 1904
1160000, 2090
1170000, 2049
1180000, 1975
1190000, 1983
1200000, 2033
1210000, 2082
1220000, 2051
1230000, 1936
1240000, 1965
1250000, 1910
1260000, 2072
1270000, 2052
1280000, 1924
1290000, 1982
1300000, 2001
1310000, 1996
1320000, 2075
1330000, 1982
1340000, 1979
1350000, 1978
1360000, 2059
1370000, 2003
1380000, 1974
1390000, 2050
1400000, 1962
1410000, 2019
1420000, 1928
1430000, 2040
1440000, 2055
1450000, 2068
1460000, 1946
1470000, 2027
1480000, 1918
1490000, 1922
1500000, 1946
1510000, 2096
1520000, 2014
1530000, 2000
1540000, 2009
1550000, 2094
1560000, 1904
1570000, 1927
1580000, 2039
1590000, 1997
1600000, 2019
1610000, 1964
1620000, 1930
1630000, 1975
1640000, 2043
1650000, 1948
1660000, 2058
1670000, 2024
1680000, 1931
1690000, 2058
1700000, 1952
1710000, 1984
1720000, 2037
1730000, 2047
1740000, 2034
1750000, 2049
1760000, 2035
1770000, 2078
1780000, 2030
1790000, 2092
