90680 2016
100525 1999
120613 1945
140622 1959
150519 2056
160674 2073
170519 1984
180637 1946
190617 1949
200557 1957
210525 1900
220515 1994
230519 2059
240651 2028
250522 2056
260522 1902
270528 1926
280626 1932
290530 2063
300626 2019
310515 1970
320564 1901
330541 2080
340699 1997
350618 2087
360632 1918
370699 1903
380583 2096
390525 2071
400574 2084
410538 2023
420702 1947
430595 1985
450535 1980
460679 1933
470631 1976
480598 2004
490562 2033
500587 2033
510506 1905
520651 1991
530525 2011
540515 2060
550631 2082
560529 1998
570623 1910
580519 2005
590569 1985
610639 1942
630532 2058
640683 2031
650583 2025
660576 2088
670519 2033
680682 2028
690649 2030
710545 1902
720509 1915
730721 1932
740520 1940
750619 1909
760601 1908
770525 2029
780635 2057
790614 2038
800570 2060
810608 2047
820506 2073
840572 1997
850566 2084
860721 1959
870541 1913
880589 1953
900582 1996
910652 2003
930660 2080
940648 1973
950554 1958
960641 1986
970644 1940
980638 2061
990522 1995
1000570 2073
1010564 1979
1020506 1963
1040509 2023
1050525 1948
1060577 2034
1070593 2006
1080645 1990
1090670 2015
1100644 1953
1110626 2097
1120584 1926
1130545 1909
1140604 2054
1150512 2069
1160516 2095
1170638 1977
1180670 2087
1190516 1900
