82552 5071, 74
84522 5002, 62
86539 5197, 79
88558 5160, 74
90576 5107, 71
92522 5172, 74
94525 5051, 61
96550 5030, 66
98527 5013, 71
104542 5148, 73
106536 5147, 78
108660 5162, 78
110503 5093, 72
112533 5189, 69
114548 5186, 76
116502 5169, 78
118589 5090, 66
120664 5068, 79
122670 5100, 70
124528 5165, 67
128606 5113, 79
130538 5131, 63
132709 5172, 79
134502 5051, 79
136515 5199, 75
138601 5194, 70
140545 5182, 74
142558 5041, 69
144502 5198, 69
146525 5105, 63
148600 5045, 74
150503 5025, 69
152542 5131, 77
154550 5004, 70
156575 5023, 75
158565 5008, 64
162567 5083, 62
164537 5166, 77
166524 5048, 75
168533 5113, 67
170525 5037, 71
172502 5184, 72
174522 5050, 61
178542 5114, 67
182502 5069, 71
184512 5067, 69
186528 5059, 70
188584 5129, 79
192598 5126, 70
194559 5007, 79
196530 5025, 69
200561 5095, 61
202580 5144, 74
204631 5144, 65
206816 5102, 60
208628 5145, 62
210569 5015, 70
212522 5034, 74
214563 5160, 79
216531 5017, 61
218611 5146, 60
222654 5156, 65
224554 5128, 73
226653 5010, 69
228573 5133, 66
230673 5178, 64
232518 5086, 62
234627 5150, 63
236627 5055, 72
238502 5099, 78
240519 5147, 64
242688 5006, 68
244562 5088, 68
246542 5034, 66
248561 5155, 69
250651 5110, 75
252601 5144, 64
256708 5121, 70
258625 5001, 73
260561 5110, 78
262601 5002, 78
264558 5030, 76
266551 5139, 75
268631 5130, 76
270615 5025, 75
272536 5154, 68
274530 5058, 60
276518 5099, 62
278559 5181, 76
280638 5118, 67
282592 5018, 79
284641 5046, 75
286574 5079, 71
288608 5092, 65
290519 5160, 69
292557 5184, 62
294509 5012, 70
296533 5024, 61
298611 5161, 66
300604 5167, 71
302573 5036, 61
304515 5072, 77
308533 5101, 62
310614 5152, 69
312579 5185, 71
314528 5134, 75
316564 5177, 64
318533 5194, 73
320628 5132, 64
322530 5036, 75
324509 5074, 70
326502 5126, 70
328528 5076, 67
330553 5044, 65
332647 5003, 73
334589 5038, 71
336589 5057, 77
338643 5030, 67
340602 5106, 76
342522 5149, 68
344530 5096, 79
346553 5093, 77
348505 5125, 69
350554 5074, 62
352535 5101, 77
354586 5124, 68
356586 5052, 66
358596 5079, 79
360620 5027, 70
362657 5175, 70
364550 5002, 66
366518 5025, 64
368515 5188, 63
370753 5107, 66
372509 5118, 62
374550 5196, 73
376584 5102, 70
378586 5070, 69
380641 5080, 69
382533 5083, 66
384651 5044, 64
388695 5176, 73
390667 5167, 70
392525 5164, 73
394562 5085, 68
396522 5082, 75
398530 5090, 60
400509 5052, 66
402518 5072, 67
404531 5158, 64
406618 5071, 71
408631 5105, 79
410516 5103, 64
412619 5071, 64
414587 5002, 73
416554 5127, 79
418502 5079, 63
420585 5095, 74
422534 5093, 71
424525 5180, 77
428554 5123, 72
430602 5044, 71
432536 5049, 64
434545 5067, 60
436515 5125, 71
438542 5108, 73
440535 5108, 74
442601 5168, 64
444536 5059, 73
446636 5031, 79
448587 5124, 67
450503 5042, 63
452522 5010, 64
454551 5051, 62
456547 5186, 64
458590 5106, 60
460676 5053, 77
462541 5175, 69
464592 5059, 72
466533 5085, 79
468550 5119, 65
470561 5163, 79
472622 5162, 67
474530 5005, 60
476533 5118, 70
478509 5025, 65
480605 5036, 66
482651 5155, 75
484614 5133, 73
486708 5159, 67
488653 5073, 72
490583 5016, 74
492553 5152, 63
494573 5132, 65
496581 5160, 71
498512 5196, 66
500670 5074, 72
502505 5189, 64
504559 5076, 71
506621 5030, 65
508630 5168, 62
510605 5199, 69
512583 5012, 64
514509 5093, 61
516528 5084, 68
518512 5177, 70
522542 5096, 69
524525 5149, 70
528544 5075, 62
530609 5106, 77
532515 5173, 68
534525 5058, 68
536553 5176, 76
538595 5103, 77
540737 5057, 62
542564 5148, 64
546573 5087, 68
548502 5086, 74
550692 5060, 62
552571 5136, 64
554590 5198, 70
556505 5067, 77
558580 5163, 60
560519 5036, 63
562540 5088, 64
564579 5094, 65
566533 5082, 64
568648 5183, 71
570756 5118, 66
572594 5104, 72
574515 5136, 79
576522 5077, 65
578578 5005, 71
580608 5151, 64
582548 5028, 69
584502 5109, 72
586578 5106, 72
588617 5098, 61
590522 5042, 63
592592 5085, 75
594505 5172, 68
596607 5052, 68
598542 5044, 66
602611 5048, 66
604528 5167, 60
606572 5061, 61
608522 5083, 67
610632 5147, 69
612505 5165, 64
614591 5097, 74
616689 5089, 74
618502 5180, 61
622614 5193, 72
624542 5094, 66
626528 5175, 79
628512 5151, 61
630568 5065, 62
632556 5155, 60
634547 5086, 60
636525 5124, 62
638534 5131, 71
640679 5137, 78
642622 5149, 67
644564 5101, 66
646559 5095, 70
648644 5145, 62
650561 5166, 74
652530 5113, 68
654538 5064, 61
656512 5183, 67
658522 5157, 74
660673 5076, 79
662557 5015, 69
664560 5190, 66
666531 5080, 62
668505 5158, 73
670692 5116, 74
672663 5015, 76
674638 5124, 67
676545 5193, 77
678603 5106, 60
680631 5046, 77
682561 5123, 63
684502 5106, 61
688597 5032, 60
690522 5125, 66
692596 5151, 66
694579 5198, 72
696590 5088, 66
698555 5191, 69
700525 5023, 73
702602 5050, 71
704564 5102, 60
706539 5047, 74
708667 5090, 64
710512 5144, 75
712540 5023, 76
714515 5189, 77
716567 5089, 77
718665 5121, 77
720734 5048, 71
722533 5010, 77
724548 5076, 65
726531 5134, 60
728556 5164, 72
730712 5036, 60
732528 5044, 60
734528 5161, 72
736543 5034, 68
738617 5118, 79
740612 5115, 69
742573 5073, 66
744674 5021, 71
746533 5036, 75
748502 5104, 62
750589 5004, 66
752509 5130, 60
756530 5197, 64
758612 5122, 63
760677 5070, 64
762603 5133, 77
764563 5133, 62
766664 5033, 76
768558 5022, 71
770506 5106, 77
772533 5141, 62
774622 5013, 70
776583 5074, 61
778525 5023, 77
780642 5037, 71
782536 5062, 65
784564 5115, 71
786525 5122, 71
788593 5062, 63
790519 5041, 73
792579 5150, 63
794522 5046, 75
796502 5022, 66
798706 5161, 76
800503 5026, 67
802530 5188, 63
804570 5136, 75
806505 5083, 67
808561 5086, 75
810598 5196, 66
812533 5078, 76
814569 5136, 64
816635 5045, 66
820586 5183, 77
822647 5142, 70
824544 5073, 65
826536 5158, 70
828666 5062, 78
830533 5113, 72
832536 5031, 66
834525 5163, 70
836611 5104, 64
838536 5193, 76
840569 5154, 73
842505 5180, 69
844618 5124, 61
848554 5158, 70
850522 5060, 63
852606 5046, 77
854586 5066, 75
856550 5199, 72
858559 5035, 75
860654 5115, 70
862564 5050, 65
864531 5099, 72
866524 5107, 65
868657 5199, 76
870731 5178, 71
872690 5083, 78
874607 5052, 61
876540 5056, 62
878599 5112, 75
880509 5084, 76
882502 5170, 71
884546 5188, 68
886505 5030, 72
888542 5198, 64
890562 5008, 78
892610 5160, 63
894643 5083, 64
896742 5109, 65
898550 5064, 69
900643 5077, 74
902533 5195, 72
904505 5131, 74
906568 5154, 70
908528 5050, 67
910649 5068, 60
912561 5034, 71
914509 5145, 74
916548 5052, 67
918564 5103, 79
920628 5138, 78
922525 5153, 69
924676 5047, 69
926573 5081, 67
928567 5169, 64
930667 5186, 73
932539 5075, 75
936550 5197, 73
938570 5097, 70
940630 5137, 68
942598 5043, 67
944536 5156, 64
946587 5060, 77
948533 5016, 61
950686 5121, 66
952512 5165, 62
954660 5023, 77
956530 5011, 76
958578 5189, 65
960506 5024, 73
962547 5189, 60
964654 5146, 73
966558 5099, 72
968638 5123, 67
970645 5085, 62
972518 5124, 71
974577 5073, 79
976580 5190, 61
978536 5165, 71
980558 5063, 72
982528 5185, 74
984599 5127, 66
986630 5162, 63
988603 5184, 79
990651 5023, 63
992547 5032, 72
994533 5141, 75
996518 5007, 68
998594 5138, 77
1000598 5012, 78
1004605 5130, 69
1006567 5021, 71
1008586 5015, 78
1010571 5155, 60
1012589 5172, 60
1014612 5000, 60
1016582 5019, 65
1018533 5185, 74
1020612 5054, 79
1022539 5115, 63
1024533 5125, 63
1026539 5037, 66
1028597 5092, 74
1030522 5154, 61
1032647 5018, 75
1034536 5052, 69
1036512 5008, 71
1038592 5047, 68
1040516 5062, 78
1042552 5164, 70
1044590 5047, 60
1046618 5064, 77
1048656 5086, 78
1052509 5133, 76
1054599 5115, 70
1056620 5149, 69
1058512 5003, 76
1060782 5164, 73
1062531 5038, 77
1064536 5183, 60
1066505 5159, 78
1068515 5035, 60
1070541 5072, 69
1072543 5161, 60
1074536 5030, 60
1076608 5092, 79
1078692 5167, 76
1082589 5152, 72
1084567 5044, 66
1086525 5008, 72
1088646 5133, 64
1090699 5161, 62
1092611 5077, 68
1094567 5195, 70
1096590 5169, 72
1098567 5149, 69
1100532 5145, 61
1102530 5181, 72
1104533 5075, 60
1106655 5030, 63
1108674 5026, 74
1112536 5163, 63
1114539 5089, 72
1116641 5151, 70
1118522 5035, 70
1120581 5130, 71
1122515 5165, 68
1124582 5137, 72
1126590 5145, 73
1128587 5145, 63
1130509 5037, 77
1132536 5080, 74
1134512 5168, 64
1136652 5025, 70
1138531 5167, 78
1140585 5032, 77
1142578 5168, 75
1144555 5029, 60
1146573 5082, 72
1150657 5173, 72
1152543 5057, 64
1154528 5197, 76
1156639 5193, 74
1158512 5111, 68
1160596 5108, 71
1164525 5061, 68
1166567 5163, 67
1168567 5142, 61
1170512 5163, 73
1172514 5042, 64
1174536 5009, 76
1176582 5007, 73
1178536 5073, 76
1180619 5194, 72
1182525 5014, 78
1184600 5090, 65
1186638 5042, 66
1188656 5177, 76
1190526 5000, 77
1192669 5109, 60
1194561 5081, 60
1196644 5057, 73
1198536 5040, 62
