90651 2016
100525 1999
110540 1919
130589 1966
140622 1959
150629 2056
160512 2073
180515 1946
190579 1949
210616 1900
220595 1994
230509 2059
240506 2028
250509 2056
270512 1926
280566 1932
300509 2019
310522 1970
320743 1901
330525 2080
340522 1997
350586 2087
360579 1918
370506 1903
380513 2096
390541 2071
400512 2084
420525 1947
430566 1985
440756 1977
450576 1980
460525 1933
470646 1976
480519 2004
490541 2033
500622 2033
510522 1905
520538 1991
530532 2011
540522 2060
550512 2082
560586 1998
570503 1910
580503 2005
590513 1985
600519 1913
610525 1942
630506 2058
640525 2031
650634 2025
660512 2088
670515 2033
680513 2028
690573 2030
700509 1988
710593 1902
720515 1915
730522 1932
740599 1940
750503 1909
760515 1908
770503 2029
780541 2057
790525 2038
800565 2060
810557 2047
820522 2073
840525 1997
850506 2084
870509 1913
880547 1953
900515 1996
910515 2003
920503 2040
930579 2080
940503 1973
960512 1986
970512 1940
990525 1995
1000535 2073
1020680 1963
1030506 1972
1050512 1948
1060535 2034
1070631 2006
1080642 1990
1090569 2015
1110522 2097
1120509 1926
1130529 1909
1140519 2054
1150585 2069
1170512 1977
1180550 2087
1190503 1900
