86388 3762
90993 3733
96022 3716
101130 3866
105983 3871
110857 3727
120930 3765
126168 3774
130970 3798
135753 3700
145910 3881
151169 3830
155585 3883
165933 3813
171051 3801
180898 3770
187013 3798
190832 3779
196164 3828
215966 3849
221294 3861
236680 3837
241020 3764
245979 3740
250909 3818
256114 3862
261145 3832
266144 3807
270761 3897
276232 3865
281308 3806
286403 3863
290953 3857
296044 3790
301106 3863
305894 3714
311332 3784
315651 3781
325846 3803
330737 3708
335816 3785
341067 3762
346006 3755
356100 3757
360814 3714
365875 3820
371198 3733
375792 3819
380825 3727
386007 3843
390999 3792
396246 3765
400829 3762
406069 3756
411132 3723
416295 3841
420834 3863
426277 3704
430681 3845
435954 3722
441098 3855
445678 3831
450732 3786
455901 3748
461326 3766
466080 3707
475971 3768
481039 3783
490900 3826
495990 3895
500943 3792
505706 3821
510671 3723
516049 3734
521293 3826
525734 3795
530756 3856
535754 3743
540662 3803
546048 3725
551252 3774
555702 3713
561168 3749
565753 3711
570980 3800
575859 3710
580924 3743
585772 3732
591149 3703
595836 3762
601230 3701
606022 3702
610791 3795
616128 3829
620942 3738
625765 3870
630749 3787
640991 3827
645948 3798
651239 3790
655938 3774
660946 3820
665743 3749
671024 3720
675926 3860
680756 3750
685931 3784
690841 3882
696021 3771
700771 3709
705900 3850
715930 3799
725776 3727
730656 3819
735706 3750
740827 3764
745868 3821
750732 3871
755846 3878
760779 3893
766334 3859
770792 3761
776364 3728
780693 3834
791152 3751
796119 3881
800909 3814
806016 3872
811173 3739
816055 3741
820845 3756
825757 3822
830930 3852
835935 3721
840898 3741
846065 3765
850986 3722
856054 3793
861073 3816
866205 3763
871189 3850
876124 3809
881013 3712
885941 3896
896112 3898
900886 3722
905819 3745
911307 3725
915631 3711
920868 3711
926314 3802
931037 3831
936219 3791
940806 3842
946150 3823
955968 3894
960861 3862
965871 3838
971100 3718
976116 3807
985887 3773
991021 3770
996100 3793
1001043 3743
1005957 3786
1010780 3728
1015840 3720
1021228 3881
1025930 3815
1030972 3894
1036155 3792
1040765 3819
1050802 3894
1055673 3855
1060974 3834
1066022 3794
1070892 3885
1075705 3746
1081121 3856
1085676 3740
1091076 3722
1096065 3831
1105819 3732
1110750 3729
1115901 3797
1121211 3848
1125798 3889
1130726 3707
1135854 3702
1145869 3889
1150967 3785
1155757 3844
1160895 3858
1165914 3839
1170754 3703
1175952 3743
1180953 3829
1185801 3791
1190933 3863
1195778 3706
