86674 3762
91272 3733
96196 3716
111206 3727
116132 3845
121299 3765
126265 3774
131449 3798
136272 3700
141160 3756
146359 3881
151385 3830
156413 3883
166251 3813
171112 3801
176204 3877
182049 3770
187036 3798
191428 3779
201283 3835
206323 3776
211681 3739
216117 3849
221414 3861
226381 3788
236558 3837
241223 3764
246177 3740
251402 3818
256242 3862
261255 3832
266484 3807
271218 3897
276300 3865
281403 3806
286287 3863
291059 3857
296346 3790
301392 3863
306180 3714
316106 3781
326160 3803
331446 3708
336221 3785
341161 3762
346298 3755
351373 3853
356488 3757
361319 3714
366058 3820
371613 3733
376206 3819
381189 3727
386369 3843
391285 3792
396396 3765
406211 3756
411379 3723
416279 3841
421260 3863
426405 3704
431332 3845
441144 3855
446206 3831
451345 3786
456273 3748
461436 3766
465965 3707
471131 3771
476189 3768
481302 3783
486277 3883
491100 3826
496090 3895
501221 3792
506110 3821
511178 3723
516158 3734
521192 3826
525926 3795
530978 3856
536170 3743
541097 3803
546089 3725
551411 3774
556173 3713
561212 3749
566212 3711
571165 3800
575837 3710
581181 3743
586202 3732
591213 3703
596156 3762
601391 3701
606192 3702
611232 3795
616147 3829
621114 3738
626099 3870
631228 3787
636220 3702
641179 3827
646106 3798
651179 3790
656310 3774
661241 3820
666236 3749
671216 3720
676193 3860
680999 3750
686140 3784
691342 3882
696149 3771
701340 3709
706010 3850
711366 3725
716341 3799
721138 3833
726093 3727
731383 3819
736168 3750
741022 3764
745849 3821
751239 3871
756138 3878
761159 3893
766430 3859
771161 3761
776496 3728
781182 3834
786019 3741
791298 3751
796240 3881
800934 3814
806247 3872
811359 3739
816186 3741
821036 3756
826258 3822
831070 3852
836224 3721
841190 3741
846049 3765
851091 3722
856166 3793
861053 3816
866295 3763
871243 3850
876220 3809
881234 3712
886108 3896
890935 3882
896318 3898
901215 3722
906236 3745
911358 3725
916202 3711
921014 3711
926465 3802
931230 3831
936395 3791
941254 3842
946038 3823
951059 3822
956131 3894
961258 3862
966134 3838
971203 3718
976250 3807
981068 3801
986157 3773
991275 3770
1001267 3743
1006245 3786
1011009 3728
1016266 3720
1021251 3881
1025972 3815
1031093 3894
1036197 3792
1046125 3703
1051077 3894
1056193 3855
1061187 3834
1066218 3794
1071157 3885
1076218 3746
1081280 3856
1086160 3740
1091255 3722
1096081 3831
1100951 3751
1106371 3732
1111236 3729
1115997 3797
1121297 3848
1126337 3889
1131126 3707
1136168 3702
1141287 3823
1146305 3889
1151304 3785
1156138 3844
1166097 3839
1171121 3703
1176180 3743
1181119 3829
1186003 3791
1191162 3863
1196134 3706
