82595 5071, 74
84509 5002, 62
86505 5197, 79
88533 5160, 74
90522 5107, 71
92556 5172, 74
94542 5051, 61
96512 5030, 66
98550 5013, 71
100647 5083, 76
102544 5180, 75
104542 5148, 73
106525 5147, 78
108536 5162, 78
110503 5093, 72
112505 5189, 69
114538 5186, 76
116587 5169, 78
120519 5068, 79
122615 5100, 70
124592 5165, 67
126555 5107, 66
130711 5131, 63
132553 5172, 79
134525 5051, 79
136657 5199, 75
138502 5194, 70
140602 5182, 74
142580 5041, 69
144579 5198, 69
146561 5105, 63
148539 5045, 74
150712 5025, 69
152509 5131, 77
154621 5004, 70
156672 5023, 75
158502 5008, 64
160509 5000, 72
164537 5166, 77
166650 5048, 75
168525 5113, 67
170625 5037, 71
172527 5184, 72
174540 5050, 61
176553 5164, 71
178505 5114, 67
180522 5055, 64
182551 5069, 71
184525 5067, 69
186512 5059, 70
188515 5129, 79
190506 5139, 78
192515 5126, 70
194536 5007, 79
196789 5025, 69
198549 5050, 78
200524 5095, 61
202530 5144, 74
206505 5102, 60
208663 5145, 62
210519 5015, 70
212525 5034, 74
214557 5160, 79
216525 5017, 61
220503 5014, 65
222512 5156, 65
224525 5128, 73
226605 5010, 69
228530 5133, 66
232564 5086, 62
234663 5150, 63
236544 5055, 72
238567 5099, 78
240609 5147, 64
242570 5006, 68
244573 5088, 68
246563 5034, 66
248569 5155, 69
250563 5110, 75
252522 5144, 64
254519 5000, 79
256539 5121, 70
258573 5001, 73
262515 5002, 78
266579 5139, 75
268515 5130, 76
270506 5025, 75
272525 5154, 68
274567 5058, 60
276775 5099, 62
280547 5118, 67
282545 5018, 79
284651 5046, 75
286553 5079, 71
288747 5092, 65
290545 5160, 69
292515 5184, 62
294518 5012, 70
296518 5024, 61
298558 5161, 66
300525 5167, 71
302533 5036, 61
304570 5072, 77
308574 5101, 62
310512 5152, 69
312505 5185, 71
314545 5134, 75
316547 5177, 64
318525 5194, 73
320541 5132, 64
322654 5036, 75
324553 5074, 70
326634 5126, 70
328569 5076, 67
330515 5044, 65
332505 5003, 73
334512 5038, 71
336618 5057, 77
338647 5030, 67
340506 5106, 76
342559 5149, 68
344577 5096, 79
346564 5093, 77
348575 5125, 69
350503 5074, 62
352502 5101, 77
354502 5124, 68
356581 5052, 66
358683 5079, 79
360525 5027, 70
362558 5175, 70
364512 5002, 66
366505 5025, 64
368593 5188, 63
370515 5107, 66
372525 5118, 62
374670 5196, 73
376696 5102, 70
378502 5070, 69
382583 5083, 66
384657 5044, 64
386570 5186, 70
388573 5176, 73
390525 5167, 70
392599 5164, 73
394502 5085, 68
396502 5082, 75
398505 5090, 60
400550 5052, 66
402505 5072, 67
404502 5158, 64
406579 5071, 71
408544 5105, 79
410593 5103, 64
412505 5071, 64
414522 5002, 73
416524 5127, 79
418573 5079, 63
420582 5095, 74
422534 5093, 71
424641 5180, 77
426502 5092, 75
428502 5123, 72
430503 5044, 71
432505 5049, 64
434570 5067, 60
436536 5125, 71
438627 5108, 73
440616 5108, 74
442502 5168, 64
444612 5059, 73
446616 5031, 79
448522 5124, 67
450538 5042, 63
452502 5010, 64
454525 5051, 62
456525 5186, 64
458618 5106, 60
460509 5053, 77
464502 5059, 72
466522 5085, 79
468502 5119, 65
472564 5162, 67
476544 5118, 70
478570 5025, 65
480522 5036, 66
482576 5155, 75
484512 5133, 73
486525 5159, 67
488622 5073, 72
490519 5016, 74
492530 5152, 63
494578 5132, 65
496505 5160, 71
498531 5196, 66
500503 5074, 72
502522 5189, 64
504515 5076, 71
506522 5030, 65
508533 5168, 62
510519 5199, 69
512502 5012, 64
514678 5093, 61
516553 5084, 68
518609 5177, 70
520629 5138, 61
522525 5096, 69
524570 5149, 70
526585 5020, 75
528553 5075, 62
532531 5173, 68
534522 5058, 68
536525 5176, 76
540506 5057, 62
542650 5148, 64
544556 5168, 71
546505 5087, 68
548558 5086, 74
550503 5060, 62
552544 5136, 64
554525 5198, 70
556502 5067, 77
558522 5163, 60
560561 5036, 63
562505 5088, 64
564512 5094, 65
566564 5082, 64
568525 5183, 71
570512 5118, 66
572561 5104, 72
574522 5136, 79
576509 5077, 65
578598 5005, 71
580585 5151, 64
582648 5028, 69
584525 5109, 72
586522 5106, 72
588584 5098, 61
590580 5042, 63
592518 5085, 75
594579 5172, 68
596502 5052, 68
598651 5044, 66
600535 5119, 79
602578 5048, 66
604558 5167, 60
606525 5061, 61
608586 5083, 67
610611 5147, 69
612611 5165, 64
614505 5097, 74
616505 5089, 74
618622 5180, 61
620615 5111, 74
622603 5193, 72
624512 5094, 66
626553 5175, 79
628525 5151, 61
630525 5065, 62
632539 5155, 60
634509 5086, 60
636548 5124, 62
638580 5131, 71
640519 5137, 78
642615 5149, 67
644530 5101, 66
646512 5095, 70
648530 5145, 62
650517 5166, 74
652525 5113, 68
654512 5064, 61
656505 5183, 67
658720 5157, 74
660541 5076, 79
662528 5015, 69
664607 5190, 66
666525 5080, 62
668580 5158, 73
670569 5116, 74
672519 5015, 76
674544 5124, 67
676530 5193, 77
678576 5106, 60
680561 5046, 77
682590 5123, 63
684587 5106, 61
686606 5098, 77
688527 5032, 60
690519 5125, 66
692502 5151, 66
694558 5198, 72
696596 5088, 66
698654 5191, 69
700519 5023, 73
702542 5050, 71
704536 5102, 60
706518 5047, 74
708502 5090, 64
710529 5144, 75
712563 5023, 76
714551 5189, 77
716641 5089, 77
718573 5121, 77
720519 5048, 71
722550 5010, 77
724545 5076, 65
726586 5134, 60
728539 5164, 72
730515 5036, 60
732522 5044, 60
734502 5161, 72
736625 5034, 68
738522 5118, 79
740517 5115, 69
742522 5073, 66
744729 5021, 71
746587 5036, 75
748525 5104, 62
750715 5004, 66
752502 5130, 60
754512 5104, 68
756625 5197, 64
758564 5122, 63
760531 5070, 64
762527 5133, 77
764502 5133, 62
766598 5033, 76
768567 5022, 71
770580 5106, 77
772530 5141, 62
774534 5013, 70
776625 5074, 61
778515 5023, 77
780522 5037, 71
782502 5062, 65
784515 5115, 71
786550 5122, 71
788540 5062, 63
790541 5041, 73
794530 5046, 75
796502 5022, 66
798530 5161, 76
800561 5026, 67
802567 5188, 63
804505 5136, 75
806522 5083, 67
808512 5086, 75
810506 5196, 66
812644 5078, 76
814519 5136, 64
816553 5045, 66
818525 5063, 65
820525 5183, 77
822544 5142, 70
824763 5073, 65
826561 5158, 70
828680 5062, 78
830590 5113, 72
832567 5031, 66
834505 5163, 70
836522 5104, 64
838525 5193, 76
840512 5154, 73
842622 5180, 69
844502 5124, 61
846619 5034, 60
848548 5158, 70
850512 5060, 63
852505 5046, 77
854527 5066, 75
856570 5199, 72
858525 5035, 75
860654 5115, 70
862544 5050, 65
864627 5099, 72
866583 5107, 65
868525 5199, 76
870515 5178, 71
872502 5083, 78
874550 5052, 61
876512 5056, 62
878632 5112, 75
880573 5084, 76
882667 5170, 71
884615 5188, 68
886515 5030, 72
888531 5198, 64
892638 5160, 63
894581 5083, 64
896525 5109, 65
898599 5064, 69
900560 5077, 74
902599 5195, 72
904592 5131, 74
906505 5154, 70
908566 5050, 67
910535 5068, 60
912547 5034, 71
916502 5052, 67
918525 5103, 79
920574 5138, 78
922574 5153, 69
924544 5047, 69
926530 5081, 67
928522 5169, 64
930535 5186, 73
932530 5075, 75
934655 5067, 76
936641 5197, 73
938512 5097, 70
940547 5137, 68
942559 5043, 67
944502 5156, 64
946667 5060, 77
948561 5016, 61
950567 5121, 66
952525 5165, 62
954648 5023, 77
956515 5011, 76
958561 5189, 65
960519 5024, 73
962558 5189, 60
964525 5146, 73
966534 5099, 72
968579 5123, 67
970506 5085, 62
972614 5124, 71
974502 5073, 79
976505 5190, 61
978530 5165, 71
980509 5063, 72
982530 5185, 74
984599 5127, 66
986512 5162, 63
990573 5023, 63
992530 5032, 72
994587 5141, 75
996502 5007, 68
998522 5138, 77
1000503 5012, 78
1002638 5179, 63
1004530 5130, 69
1006705 5021, 71
1008509 5015, 78
1010705 5155, 60
1012578 5172, 60
1014502 5000, 60
1016563 5019, 65
1018505 5185, 74
1020525 5054, 79
1022621 5115, 63
1024631 5125, 63
1026555 5037, 66
1028584 5092, 74
1030515 5154, 61
1032647 5018, 75
1034502 5052, 69
1036596 5008, 71
1038525 5047, 68
1040615 5062, 78
1042628 5164, 70
1044522 5047, 60
1046602 5064, 77
1048666 5086, 78
1050576 5179, 60
1052525 5133, 76
1054555 5115, 70
1056502 5149, 69
1058580 5003, 76
1060509 5164, 73
1062575 5038, 77
1064634 5183, 60
1066534 5159, 78
1068525 5035, 60
1070545 5072, 69
1072653 5161, 60
1074533 5030, 60
1076539 5092, 79
1078540 5167, 76
1080509 5035, 76
1082505 5152, 72
1084509 5044, 66
1086521 5008, 72
1088502 5133, 64
1090519 5161, 62
1092581 5077, 68
1094641 5195, 70
1096578 5169, 72
1098512 5149, 69
1100503 5145, 61
1102584 5181, 72
1104561 5075, 60
1106542 5030, 63
1108615 5026, 74
1110657 5001, 75
1112522 5163, 63
1114601 5089, 72
1116575 5151, 70
1118515 5035, 70
1120512 5130, 71
1122533 5165, 68
1124530 5137, 72
1126525 5145, 73
1128530 5145, 63
1130634 5037, 77
1132539 5080, 74
1134509 5168, 64
1136547 5025, 70
1138530 5167, 78
1140515 5032, 77
1142525 5168, 75
1144547 5029, 60
1146502 5082, 72
1148505 5029, 63
1150503 5173, 72
1152546 5057, 64
1154525 5197, 76
1156522 5193, 74
1158525 5111, 68
1160615 5108, 71
1162651 5034, 69
1164639 5061, 68
1166515 5163, 67
1168522 5142, 61
1170525 5163, 73
1172505 5042, 64
1174525 5009, 76
1176654 5007, 73
1178638 5073, 76
1180503 5194, 72
1182564 5014, 78
1186558 5042, 66
1188515 5177, 76
1190532 5000, 77
1192644 5109, 60
1194639 5081, 60
1196641 5057, 73
1198502 5040, 62
