90503 2016
100614 1999
110638 1919
120515 1945
130565 1966
140583 1959
150506 2056
160633 2073
170598 1984
180579 1946
190628 1949
200509 1957
210576 1900
220515 1994
230599 2059
240576 2028
250522 2056
260609 1902
270582 1926
280632 1932
290559 2063
300686 2019
310631 1970
320716 1901
330528 2080
340547 1997
350522 2087
360660 1918
370566 1903
380621 2096
390549 2071
400509 2084
420615 1947
430648 1985
440542 1977
460566 1933
470564 1976
480638 2004
490569 2033
510601 1905
520593 1991
530563 2011
540591 2060
550660 2082
560516 1998
570673 1910
580642 2005
590509 1985
600657 1913
610591 1942
630619 2058
640512 2031
650503 2025
660683 2088
670640 2033
680561 2028
690522 2030
700614 1988
710519 1902
720603 1915
730638 1932
740564 1940
750589 1909
760611 1908
770590 2029
780614 2057
790644 2038
800509 2060
810605 2047
820589 2073
830569 2078
840696 1997
850525 2084
860509 1959
870512 1913
880592 1953
890577 2063
900660 1996
910566 2003
920570 2040
930718 2080
950573 1958
960608 1986
970525 1940
980564 2061
1000537 2073
1010564 1979
1020522 1963
1030628 1972
1040602 2023
1050641 1948
1060619 2034
1080522 1990
1090677 2015
1100532 1953
1110626 2097
1120531 1926
1130522 1909
1140664 2054
1150638 2069
1160599 2095
1170631 1977
1180557 2087
1190577 1900
