82950 5071, 74
87791 5197, 79
88679 5160, 74
91040 5107, 71
92967 5172, 74
97067 5030, 66
100803 5083, 76
103200 5180, 75
105365 5148, 73
113082 5189, 69
115275 5186, 76
116920 5169, 78
119434 5090, 66
120773 5068, 79
122926 5100, 70
124817 5165, 67
126967 5107, 66
131007 5131, 63
132734 5172, 79
137455 5199, 75
141117 5182, 74
142725 5041, 69
144803 5198, 69
146945 5105, 63
151133 5025, 69
153287 5131, 77
155094 5004, 70
156609 5023, 75
159121 5008, 64
169242 5113, 67
170899 5037, 71
175049 5050, 61
176866 5164, 71
178804 5114, 67
181745 5055, 64
182895 5069, 71
185321 5067, 69
187427 5059, 70
188608 5129, 79
191251 5139, 78
192809 5126, 70
194913 5007, 79
196826 5025, 69
200779 5095, 61
203232 5144, 74
204959 5144, 65
209133 5145, 62
211229 5015, 70
213454 5034, 74
215024 5160, 79
217096 5017, 61
218924 5146, 60
221109 5014, 65
226996 5010, 69
229193 5133, 66
233023 5086, 62
235513 5150, 63
236858 5055, 72
238908 5099, 78
240942 5147, 64
243231 5006, 68
246973 5034, 66
250959 5110, 75
252951 5144, 64
255105 5000, 79
256826 5121, 70
259323 5001, 73
261096 5110, 78
262971 5002, 78
264761 5030, 76
266919 5139, 75
269140 5130, 76
270873 5025, 75
272805 5154, 68
274844 5058, 60
277130 5099, 62
278701 5181, 76
280753 5118, 67
282931 5018, 79
285017 5046, 75
286813 5079, 71
288898 5092, 65
291168 5160, 69
292851 5184, 62
294622 5012, 70
296800 5024, 61
298980 5161, 66
300906 5167, 71
303028 5036, 61
304924 5072, 77
306947 5135, 77
308822 5101, 62
311180 5152, 69
312844 5185, 71
315005 5134, 75
316767 5177, 64
319027 5194, 73
321123 5132, 64
322907 5036, 75
324677 5074, 70
326787 5126, 70
329189 5076, 67
332741 5003, 73
335003 5038, 71
337375 5057, 77
340984 5106, 76
342925 5149, 68
344722 5096, 79
349088 5125, 69
351088 5074, 62
353148 5101, 77
354773 5124, 68
361180 5027, 70
364950 5002, 66
367024 5025, 64
368852 5188, 63
371129 5107, 66
372768 5118, 62
374719 5196, 73
376916 5102, 70
378938 5070, 69
380686 5080, 69
382970 5083, 66
386844 5186, 70
389360 5176, 73
392929 5164, 73
394913 5085, 68
396766 5082, 75
398844 5090, 60
400879 5052, 66
403168 5072, 67
405014 5158, 64
406809 5071, 71
408830 5105, 79
413238 5071, 64
414945 5002, 73
416909 5127, 79
418722 5079, 63
421116 5095, 74
422940 5093, 71
425022 5180, 77
427429 5092, 75
429103 5123, 72
431083 5044, 71
432963 5049, 64
434764 5067, 60
438863 5108, 73
440994 5108, 74
442866 5168, 64
445099 5059, 73
447037 5031, 79
449392 5124, 67
451137 5042, 63
454893 5051, 62
456869 5186, 64
458972 5106, 60
461390 5053, 77
462825 5175, 69
464802 5059, 72
466722 5085, 79
468836 5119, 65
470744 5163, 79
472816 5162, 67
474748 5005, 60
477109 5118, 70
478663 5025, 65
480969 5036, 66
482948 5155, 75
486697 5159, 67
489036 5073, 72
490707 5016, 74
492912 5152, 63
494848 5132, 65
496953 5160, 71
499021 5196, 66
501123 5074, 72
502748 5189, 64
505055 5076, 71
506705 5030, 65
510895 5199, 69
512851 5012, 64
514776 5093, 61
516751 5084, 68
518951 5177, 70
521039 5138, 61
522825 5096, 69
524883 5149, 70
526713 5020, 75
530893 5106, 77
532888 5173, 68
534618 5058, 68
536921 5176, 76
538843 5103, 77
541127 5057, 62
542910 5148, 64
544906 5168, 71
546797 5087, 68
549075 5086, 74
553029 5136, 64
554823 5198, 70
556845 5067, 77
558667 5163, 60
560980 5036, 63
562846 5088, 64
564877 5094, 65
566856 5082, 64
569051 5183, 71
570670 5118, 66
572776 5104, 72
575159 5136, 79
576605 5077, 65
579066 5005, 71
580746 5151, 64
582776 5028, 69
585112 5109, 72
586848 5106, 72
588987 5098, 61
590991 5042, 63
593052 5085, 75
594932 5172, 68
596896 5052, 68
598818 5044, 66
600917 5119, 79
602695 5048, 66
604838 5167, 60
606708 5061, 61
608904 5083, 67
610629 5147, 69
612892 5165, 64
615020 5097, 74
617008 5089, 74
619202 5180, 61
622857 5193, 72
624762 5094, 66
626925 5175, 79
628909 5151, 61
630877 5065, 62
632953 5155, 60
635026 5086, 60
639084 5131, 71
640664 5137, 78
643281 5149, 67
644782 5101, 66
646939 5095, 70
649209 5145, 62
650805 5166, 74
652805 5113, 68
654767 5064, 61
657146 5183, 67
658730 5157, 74
660857 5076, 79
662905 5015, 69
664890 5190, 66
666683 5080, 62
669059 5158, 73
671107 5116, 74
673009 5015, 76
674913 5124, 67
676643 5193, 77
678873 5106, 60
680895 5046, 77
682939 5123, 63
684712 5106, 61
687046 5098, 77
689042 5032, 60
690957 5125, 66
692911 5151, 66
695043 5198, 72
696949 5088, 66
698851 5191, 69
700696 5023, 73
702893 5050, 71
704926 5102, 60
706993 5047, 74
708844 5090, 64
710799 5144, 75
712914 5023, 76
714754 5189, 77
716835 5089, 77
718971 5121, 77
721043 5048, 71
722795 5010, 77
724773 5076, 65
728992 5164, 72
730844 5036, 60
732883 5044, 60
734832 5161, 72
738844 5118, 79
740790 5115, 69
743110 5073, 66
745058 5021, 71
746854 5036, 75
751057 5004, 66
752958 5130, 60
756728 5197, 64
758845 5122, 63
760855 5070, 64
762687 5133, 77
764910 5133, 62
767160 5033, 76
770741 5106, 77
773142 5141, 62
774902 5013, 70
776969 5074, 61
778652 5023, 77
780742 5037, 71
782903 5062, 65
785099 5115, 71
787100 5122, 71
791012 5041, 73
792882 5150, 63
794909 5046, 75
796777 5022, 66
798745 5161, 76
800891 5026, 67
802889 5188, 63
804950 5136, 75
806682 5083, 67
811103 5196, 66
812809 5078, 76
814761 5136, 64
816863 5045, 66
818729 5063, 65
823092 5142, 70
824782 5073, 65
826738 5158, 70
829005 5062, 78
833033 5031, 66
834715 5163, 70
836776 5104, 64
838765 5193, 76
840788 5154, 73
842724 5180, 69
844938 5124, 61
846728 5034, 60
848980 5158, 70
850937 5060, 63
852877 5046, 77
856865 5199, 72
859242 5035, 75
860754 5115, 70
862961 5050, 65
864634 5099, 72
866929 5107, 65
868875 5199, 76
871064 5178, 71
873169 5083, 78
875160 5052, 61
877006 5056, 62
878634 5112, 75
880983 5084, 76
882935 5170, 71
885039 5188, 68
887277 5030, 72
888993 5198, 64
890878 5008, 78
892783 5160, 63
895073 5083, 64
896918 5109, 65
898781 5064, 69
901142 5077, 74
903289 5195, 72
904871 5131, 74
907047 5154, 70
908764 5050, 67
911335 5068, 60
912963 5034, 71
914871 5145, 74
916961 5052, 67
918804 5103, 79
921077 5138, 78
922906 5153, 69
925052 5047, 69
926712 5081, 67
928720 5169, 64
931226 5186, 73
932948 5075, 75
935241 5067, 76
936628 5197, 73
938717 5097, 70
941195 5137, 68
943355 5043, 67
944793 5156, 64
946808 5060, 77
948869 5016, 61
950789 5121, 66
952686 5165, 62
954632 5023, 77
956878 5011, 76
958997 5189, 65
960821 5024, 73
963336 5189, 60
966892 5099, 72
968928 5123, 67
970903 5085, 62
975035 5073, 79
977097 5190, 61
978779 5165, 71
980988 5063, 72
983132 5185, 74
984986 5127, 66
986761 5162, 63
988937 5184, 79
990876 5023, 63
992760 5032, 72
994814 5141, 75
997169 5007, 68
1000922 5012, 78
1003015 5179, 63
1005070 5130, 69
1006709 5021, 71
1008731 5015, 78
1011059 5155, 60
1012968 5172, 60
1014855 5000, 60
1017020 5019, 65
1018808 5185, 74
1020828 5054, 79
1022970 5115, 63
1024909 5125, 63
1026848 5037, 66
1029143 5092, 74
1030879 5154, 61
1032682 5018, 75
1034770 5052, 69
1036777 5008, 71
1038860 5047, 68
1040860 5062, 78
1042715 5164, 70
1044910 5047, 60
1046864 5064, 77
1048719 5086, 78
1050879 5179, 60
1052847 5133, 76
1054985 5115, 70
1056945 5149, 69
1058784 5003, 76
1060710 5164, 73
1062880 5038, 77
1065006 5183, 60
1070955 5072, 69
1072950 5161, 60
1075041 5030, 60
1078667 5167, 76
1080909 5035, 76
1082938 5152, 72
1085043 5044, 66
1086937 5008, 72
1088747 5133, 64
1091162 5161, 62
1092722 5077, 68
1096790 5169, 72
1098706 5149, 69
1100808 5145, 61
1102506 5181, 72
1104986 5075, 60
1106631 5030, 63
1109055 5026, 74
1111101 5001, 75
1113054 5163, 63
1115061 5089, 72
1119061 5035, 70
1120793 5130, 71
1122763 5165, 68
1125108 5137, 72
1126934 5145, 73
1128820 5145, 63
1130910 5037, 77
1133109 5080, 74
1134781 5168, 64
1136728 5025, 70
1139063 5167, 78
1140932 5032, 77
1142919 5168, 75
1146978 5082, 72
1148732 5029, 63
1150994 5173, 72
1152976 5057, 64
1154919 5197, 76
1156729 5193, 74
1159061 5111, 68
1160817 5108, 71
1162922 5034, 69
1164943 5061, 68
1166587 5163, 67
1169124 5142, 61
1170972 5163, 73
1172879 5042, 64
1174742 5009, 76
1176879 5007, 73
1178885 5073, 76
1181034 5194, 72
1182741 5014, 78
1184603 5090, 65
1187081 5042, 66
1188818 5177, 76
1190918 5000, 77
1192747 5109, 60
1194730 5081, 60
1197011 5057, 73
1199013 5040, 62
