84751 5002, 62
88128 5197, 79
90834 5107, 71
92989 5172, 74
95255 5051, 61
97196 5030, 66
101345 5083, 76
104875 5148, 73
107822 5147, 78
109236 5162, 78
112843 5189, 69
115249 5186, 76
116811 5169, 78
121023 5068, 79
122844 5100, 70
125013 5165, 67
126806 5107, 66
129045 5113, 79
134700 5051, 79
137130 5199, 75
138635 5194, 70
142845 5041, 69
146764 5105, 63
149022 5045, 74
150796 5025, 69
152950 5131, 77
154657 5004, 70
156808 5023, 75
159231 5008, 64
161025 5000, 72
164846 5166, 77
166880 5048, 75
169252 5113, 67
170732 5037, 71
173091 5184, 72
175146 5050, 61
176644 5164, 71
178853 5114, 67
181330 5055, 64
185285 5067, 69
187466 5059, 70
188684 5129, 79
191102 5139, 78
193142 5126, 70
194693 5007, 79
197406 5025, 69
199155 5050, 78
200700 5095, 61
205272 5144, 65
208942 5145, 62
211096 5015, 70
212897 5034, 74
217061 5017, 61
218684 5146, 60
221237 5014, 65
222697 5156, 65
224946 5128, 73
226872 5010, 69
230882 5178, 64
232868 5086, 62
235442 5150, 63
237132 5055, 72
238681 5099, 78
240919 5147, 64
245261 5088, 68
248943 5155, 69
250929 5110, 75
253289 5144, 64
256978 5121, 70
259075 5001, 73
260780 5110, 78
262741 5002, 78
264885 5030, 76
266877 5139, 75
268820 5130, 76
271089 5025, 75
273258 5154, 68
274747 5058, 60
276707 5099, 62
279227 5181, 76
280683 5118, 67
282986 5018, 79
284871 5046, 75
289113 5092, 65
292716 5184, 62
294844 5012, 70
298730 5161, 66
300791 5167, 71
303354 5036, 61
304801 5072, 77
306811 5135, 77
309162 5101, 62
310890 5152, 69
314750 5134, 75
319095 5194, 73
322888 5036, 75
324706 5074, 70
327145 5126, 70
329208 5076, 67
330740 5044, 65
332964 5003, 73
335022 5038, 71
336755 5057, 77
339097 5030, 67
341157 5106, 76
343097 5149, 68
344961 5096, 79
349395 5125, 69
353041 5101, 77
354944 5124, 68
356713 5052, 66
358965 5079, 79
360979 5027, 70
363293 5175, 70
366731 5025, 64
368794 5188, 63
370822 5107, 66
372801 5118, 62
374929 5196, 73
377045 5102, 70
379461 5070, 69
383335 5083, 66
384679 5044, 64
386847 5186, 70
388860 5176, 73
394845 5085, 68
396728 5082, 75
399067 5090, 60
402800 5072, 67
404988 5158, 64
406896 5071, 71
409102 5105, 79
411095 5103, 64
412912 5071, 64
414852 5002, 73
417200 5127, 79
418989 5079, 63
421156 5095, 74
422894 5093, 71
424974 5180, 77
426855 5092, 75
429019 5123, 72
430751 5044, 71
432902 5049, 64
434974 5067, 60
437260 5125, 71
438695 5108, 73
443040 5168, 64
445261 5059, 73
448714 5124, 67
451010 5042, 63
452969 5010, 64
455132 5051, 62
456976 5186, 64
458820 5106, 60
460925 5053, 77
462718 5175, 69
465012 5059, 72
467012 5085, 79
470678 5163, 79
472793 5162, 67
479014 5025, 65
480814 5036, 66
482712 5155, 75
485094 5133, 73
486882 5159, 67
488864 5073, 72
491046 5016, 74
492951 5152, 63
495117 5132, 65
496885 5160, 71
499205 5196, 66
500814 5074, 72
502774 5189, 64
504841 5076, 71
507022 5030, 65
510770 5199, 69
512619 5012, 64
514980 5093, 61
516709 5084, 68
518799 5177, 70
520929 5138, 61
522970 5096, 69
527033 5020, 75
528679 5075, 62
532885 5173, 68
534996 5058, 68
537006 5176, 76
538907 5103, 77
540955 5057, 62
544938 5168, 71
547042 5087, 68
549123 5086, 74
551295 5060, 62
552757 5136, 64
555104 5198, 70
556946 5067, 77
558725 5163, 60
560783 5036, 63
563033 5088, 64
564987 5094, 65
566869 5082, 64
568754 5183, 71
570992 5118, 66
572818 5104, 72
575114 5136, 79
576803 5077, 65
579001 5005, 71
581018 5151, 64
582996 5028, 69
585102 5109, 72
586926 5106, 72
588687 5098, 61
590853 5042, 63
593003 5085, 75
597003 5052, 68
598980 5044, 66
600837 5119, 79
603128 5048, 66
605061 5167, 60
606880 5061, 61
609070 5083, 67
610900 5147, 69
612608 5165, 64
615291 5097, 74
616665 5089, 74
619021 5180, 61
620735 5111, 74
622746 5193, 72
625011 5094, 66
626792 5175, 79
629064 5151, 61
631139 5065, 62
632891 5155, 60
634942 5086, 60
637106 5124, 62
638925 5131, 71
641206 5137, 78
643197 5149, 67
644944 5101, 66
646955 5095, 70
649287 5145, 62
651225 5166, 74
652879 5113, 68
657104 5183, 67
658727 5157, 74
661090 5076, 79
663093 5015, 69
666861 5080, 62
670953 5116, 74
673042 5015, 76
675172 5124, 67
676921 5193, 77
680687 5046, 77
682981 5123, 63
685013 5106, 61
687197 5098, 77
689123 5032, 60
691189 5125, 66
693005 5151, 66
695026 5198, 72
696816 5088, 66
699099 5191, 69
700868 5023, 73
702971 5050, 71
707090 5047, 74
708905 5090, 64
711033 5144, 75
712785 5023, 76
715071 5189, 77
719058 5121, 77
723125 5010, 77
724818 5076, 65
726708 5134, 60
729145 5164, 72
732840 5044, 60
734874 5161, 72
737195 5034, 68
738682 5118, 79
742858 5073, 66
744818 5021, 71
747022 5036, 75
748873 5104, 62
751148 5004, 66
752741 5130, 60
754851 5104, 68
756711 5197, 64
759010 5122, 63
761059 5070, 64
762981 5133, 77
765058 5133, 62
767041 5033, 76
768838 5022, 71
770967 5106, 77
773171 5141, 62
774770 5013, 70
776698 5074, 61
779014 5023, 77
780987 5037, 71
783023 5062, 65
784799 5115, 71
786810 5122, 71
788735 5062, 63
791102 5041, 73
794870 5046, 75
797143 5022, 66
798864 5161, 76
802818 5188, 63
804895 5136, 75
806924 5083, 67
808961 5086, 75
811253 5196, 66
813142 5078, 76
814984 5136, 64
816711 5045, 66
818846 5063, 65
823037 5142, 70
824934 5073, 65
827064 5158, 70
828760 5062, 78
830801 5113, 72
834984 5163, 70
836802 5104, 64
838723 5193, 76
840851 5154, 73
842986 5180, 69
844978 5124, 61
846996 5034, 60
848705 5158, 70
850808 5060, 63
853103 5046, 77
854856 5066, 75
856736 5199, 72
861029 5115, 70
862708 5050, 65
864877 5099, 72
867045 5107, 65
869153 5199, 76
870762 5178, 71
872879 5083, 78
875082 5052, 61
876938 5056, 62
878907 5112, 75
881153 5084, 76
883019 5170, 71
884929 5188, 68
887067 5030, 72
888716 5198, 64
893077 5160, 63
895180 5083, 64
899058 5064, 69
900872 5077, 74
902651 5195, 72
904955 5131, 74
907145 5154, 70
908738 5050, 67
911123 5068, 60
912850 5034, 71
914987 5145, 74
917068 5052, 67
918690 5103, 79
924832 5047, 69
926912 5081, 67
928917 5169, 64
931094 5186, 73
933097 5075, 75
934998 5067, 76
936676 5197, 73
938824 5097, 70
940902 5137, 68
942965 5043, 67
944900 5156, 64
946954 5060, 77
948692 5016, 61
950941 5121, 66
952922 5165, 62
954615 5023, 77
957002 5011, 76
958942 5189, 65
960874 5024, 73
963022 5189, 60
964866 5146, 73
966830 5099, 72
968731 5123, 67
970775 5085, 62
972686 5124, 71
974906 5073, 79
976745 5190, 61
978925 5165, 71
983213 5185, 74
985073 5127, 66
987004 5162, 63
990792 5023, 63
992964 5032, 72
995199 5141, 75
996781 5007, 68
1000835 5012, 78
1002767 5179, 63
1004808 5130, 69
1006700 5021, 71
1009045 5015, 78
1010685 5155, 60
1014787 5000, 60
1016576 5019, 65
1019031 5185, 74
1020923 5054, 79
1022983 5115, 63
1026835 5037, 66
1029117 5092, 74
1030849 5154, 61
1032986 5018, 75
1034984 5052, 69
1036900 5008, 71
1038731 5047, 68
1040796 5062, 78
1043236 5164, 70
1045069 5047, 60
1046971 5064, 77
1048790 5086, 78
1050768 5179, 60
1052886 5133, 76
1055166 5115, 70
1056981 5149, 69
1060865 5164, 73
1062913 5038, 77
1064822 5183, 60
1066843 5159, 78
1068722 5035, 60
1070929 5072, 69
1072810 5161, 60
1074934 5030, 60
1076971 5092, 79
1078647 5167, 76
1080902 5035, 76
1083142 5152, 72
1084847 5044, 66
1086675 5008, 72
1090689 5161, 62
1092884 5077, 68
1094841 5195, 70
1096981 5169, 72
1099023 5149, 69
1100931 5145, 61
1102791 5181, 72
1105157 5075, 60
1106773 5030, 63
1108919 5026, 74
1111055 5001, 75
1112702 5163, 63
1114871 5089, 72
1117010 5151, 70
1118883 5035, 70
1121015 5130, 71
1125034 5137, 72
1127176 5145, 73
1129075 5145, 63
1131079 5037, 77
1132867 5080, 74
1135060 5168, 64
1137019 5025, 70
1138834 5167, 78
1141129 5032, 77
1142660 5168, 75
1144940 5029, 60
1148897 5029, 63
1151267 5173, 72
1152708 5057, 64
1154848 5197, 76
1156875 5193, 74
1158919 5111, 68
1160949 5108, 71
1162864 5034, 69
1164712 5061, 68
1166987 5163, 67
1170828 5163, 73
1173212 5042, 64
1174674 5009, 76
1176730 5007, 73
1178986 5073, 76
1180993 5194, 72
1183120 5014, 78
1184838 5090, 65
1188986 5177, 76
1190791 5000, 77
1192883 5109, 60
1194943 5081, 60
1196862 5057, 73
1199123 5040, 62
