90844 2016
101371 1999
110853 1919
121089 1945
130840 1966
140998 1959
151149 2056
160868 2073
170852 1984
180767 1946
190858 1949
200816 1957
211530 1900
221254 1994
230721 2059
251092 2056
261169 1902
270926 1926
281115 1932
301007 2019
311059 1970
320693 1901
331086 2080
340651 1997
351283 2087
361213 1918
371096 1903
390752 2071
400730 2084
410829 2023
421200 1947
431170 1985
451123 1980
481189 2004
490973 2033
500970 2033
510872 1905
520901 1991
540885 2060
550878 2082
571114 1910
581064 2005
591078 1985
601173 1913
610944 1942
620791 2000
631070 2058
640831 2031
651088 2025
660906 2088
670835 2033
690711 2030
700680 1988
711006 1902
721023 1915
731021 1932
740737 1940
751168 1909
760730 1908
771049 2029
780937 2057
790881 2038
800920 2060
810885 2047
840767 1997
851087 2084
860985 1959
870922 1913
881027 1953
890895 2063
900992 1996
910904 2003
920901 2040
930993 2080
941055 1973
950887 1958
961175 1986
971104 1940
980736 2061
990812 1995
1000915 2073
1021064 1963
1031072 1972
1040810 2023
1050892 1948
1060995 2034
1070871 2006
1080989 1990
1090715 2015
1100822 1953
1111141 2097
1120969 1926
1130769 1909
1140886 2054
1151285 2069
1160840 2095
1170868 1977
1180809 2087
1191111 1900
