91080 2016
100641 1999
110868 1919
120799 1945
130747 1966
141030 1959
151126 2056
161153 2073
170885 1984
180928 1946
191011 1949
200742 1957
211079 1900
221095 1994
230778 2059
241017 2028
250949 2056
270721 1926
281023 1932
290743 2063
301175 2019
310883 1970
330932 2080
341004 1997
351065 2087
361020 1918
371208 1903
391200 2071
420988 1947
431067 1985
440839 1977
451240 1980
461012 1933
470960 1976
481043 2004
491080 2033
500936 2033
511150 1905
521146 1991
530578 2011
540641 2060
551272 2082
561208 1998
570666 1910
581041 2005
590933 1985
601223 1913
611047 1942
620697 2000
630923 2058
641009 2031
650765 2025
661100 2088
670735 2033
680946 2028
691136 2030
700997 1988
710978 1902
720821 1915
730988 1932
740860 1940
750712 1909
760945 1908
770991 2029
780719 2057
790978 2038
800944 2060
810918 2047
831019 2078
840891 1997
851060 2084
861114 1959
870895 1913
881134 1953
890739 2063
901162 1996
910881 2003
920800 2040
931007 2080
940999 1973
950769 1958
961092 1986
970893 1940
990984 1995
1000788 2073
1010939 1979
1020712 1963
1031059 1972
1040691 2023
1050896 1948
1060825 2034
1070693 2006
1080949 1990
1090987 2015
1101042 1953
1111012 2097
1121151 1926
1140837 2054
1151077 2069
1170854 1977
1180888 2087
1190986 1900
