82598 5071, 74
84515 5002, 62
86525 5197, 79
88537 5160, 74
90515 5107, 71
92502 5172, 74
94502 5051, 61
96509 5030, 66
100644 5083, 76
102505 5180, 75
104515 5148, 73
106591 5147, 78
108525 5162, 78
110506 5093, 72
112522 5189, 69
114574 5186, 76
116525 5169, 78
120557 5068, 79
122547 5100, 70
124585 5165, 67
126570 5107, 66
128536 5113, 79
130545 5131, 63
132682 5172, 79
134718 5051, 79
136635 5199, 75
138581 5194, 70
140647 5182, 74
142602 5041, 69
144533 5198, 69
146570 5105, 63
148544 5045, 74
150525 5025, 69
152592 5131, 77
154611 5004, 70
160506 5000, 72
162653 5083, 62
164534 5166, 77
166515 5048, 75
168530 5113, 67
170670 5037, 71
172541 5184, 72
176570 5164, 71
180525 5055, 64
182566 5069, 71
184515 5067, 69
186522 5059, 70
188605 5129, 79
190515 5139, 78
192584 5126, 70
194553 5007, 79
196530 5025, 69
198518 5050, 78
200593 5095, 61
202597 5144, 74
204527 5144, 65
206585 5102, 60
208512 5145, 62
210506 5015, 70
212502 5034, 74
214627 5160, 79
216530 5017, 61
218611 5146, 60
220544 5014, 65
222575 5156, 65
224522 5128, 73
226544 5010, 69
228502 5133, 66
230654 5178, 64
232502 5086, 62
234542 5150, 63
236521 5055, 72
238550 5099, 78
240528 5147, 64
242579 5006, 68
244502 5088, 68
246522 5034, 66
248545 5155, 69
250512 5110, 75
252648 5144, 64
254525 5000, 79
256525 5121, 70
258644 5001, 73
260519 5110, 78
262502 5002, 78
266608 5139, 75
268551 5130, 76
270522 5025, 75
272519 5154, 68
274525 5058, 60
276502 5099, 62
278505 5181, 76
280503 5118, 67
282551 5018, 79
284574 5046, 75
286565 5079, 71
288522 5092, 65
290513 5160, 69
292589 5184, 62
296521 5024, 61
298522 5161, 66
300506 5167, 71
302578 5036, 61
304525 5072, 77
306505 5135, 77
308527 5101, 62
310519 5152, 69
312559 5185, 71
314631 5134, 75
316522 5177, 64
318580 5194, 73
320509 5132, 64
322527 5036, 75
324525 5074, 70
326645 5126, 70
328539 5076, 67
330613 5044, 65
332578 5003, 73
334602 5038, 71
336522 5057, 77
338522 5030, 67
340613 5106, 76
342502 5149, 68
344519 5096, 79
346544 5093, 77
348561 5125, 69
350593 5074, 62
352569 5101, 77
354598 5124, 68
356539 5052, 66
358525 5079, 79
360512 5027, 70
362625 5175, 70
364502 5002, 66
366522 5025, 64
368502 5188, 63
370519 5107, 66
372533 5118, 62
374624 5196, 73
376601 5102, 70
378525 5070, 69
380670 5080, 69
382505 5083, 66
384512 5044, 64
386666 5186, 70
388557 5176, 73
390515 5167, 70
392509 5164, 73
394548 5085, 68
398614 5090, 60
400525 5052, 66
402545 5072, 67
404567 5158, 64
406647 5071, 71
408561 5105, 79
410615 5103, 64
412586 5071, 64
414616 5002, 73
416579 5127, 79
418539 5079, 63
420503 5095, 74
422525 5093, 71
424631 5180, 77
426547 5092, 75
428585 5123, 72
430585 5044, 71
432525 5049, 64
434502 5067, 60
436627 5125, 71
438665 5108, 73
440609 5108, 74
442505 5168, 64
444599 5059, 73
446553 5031, 79
448533 5124, 67
450522 5042, 63
452551 5010, 64
454651 5051, 62
456530 5186, 64
458667 5106, 60
460512 5053, 77
462512 5175, 69
464572 5059, 72
466530 5085, 79
468533 5119, 65
470599 5163, 79
472561 5162, 67
474502 5005, 60
476588 5118, 70
478502 5025, 65
480519 5036, 66
482576 5155, 75
484657 5133, 73
486590 5159, 67
488575 5073, 72
490618 5016, 74
492530 5152, 63
494558 5132, 65
496561 5160, 71
498560 5196, 66
500622 5074, 72
502502 5189, 64
504522 5076, 71
506512 5030, 65
508525 5168, 62
510509 5199, 69
512616 5012, 64
514530 5093, 61
516518 5084, 68
518505 5177, 70
520525 5138, 61
522571 5096, 69
526544 5020, 75
528577 5075, 62
530552 5106, 77
532531 5173, 68
534505 5058, 68
536550 5176, 76
538515 5103, 77
540525 5057, 62
542530 5148, 64
544547 5168, 71
546512 5087, 68
548530 5086, 74
550525 5060, 62
552602 5136, 64
554561 5198, 70
556522 5067, 77
558542 5163, 60
560510 5036, 63
562548 5088, 64
564677 5094, 65
566505 5082, 64
568505 5183, 71
570509 5118, 66
572536 5104, 72
574692 5136, 79
576577 5077, 65
578555 5005, 71
580601 5151, 64
582502 5028, 69
588525 5098, 61
592505 5085, 75
594573 5172, 68
596578 5052, 68
598657 5044, 66
600522 5119, 79
602533 5048, 66
604618 5167, 60
606502 5061, 61
608505 5083, 67
610522 5147, 69
612525 5165, 64
614502 5097, 74
616561 5089, 74
618519 5180, 61
622673 5193, 72
624531 5094, 66
626725 5175, 79
628536 5151, 61
630525 5065, 62
632530 5155, 60
634512 5086, 60
636557 5124, 62
638525 5131, 71
640535 5137, 78
642505 5149, 67
644536 5101, 66
646525 5095, 70
648512 5145, 62
650567 5166, 74
652584 5113, 68
654582 5064, 61
656522 5183, 67
658505 5157, 74
660525 5076, 79
662660 5015, 69
664667 5190, 66
666527 5080, 62
668583 5158, 73
670512 5116, 74
672512 5015, 76
674539 5124, 67
676553 5193, 77
680593 5046, 77
682505 5123, 63
684595 5106, 61
686536 5098, 77
688685 5032, 60
690503 5125, 66
692533 5151, 66
694673 5198, 72
696544 5088, 66
698522 5191, 69
700503 5023, 73
702522 5050, 71
704544 5102, 60
706667 5047, 74
708522 5090, 64
710570 5144, 75
712534 5023, 76
716518 5089, 77
718536 5121, 77
720544 5048, 71
722515 5010, 77
724525 5076, 65
726551 5134, 60
728625 5164, 72
730519 5036, 60
732530 5044, 60
734502 5161, 72
736525 5034, 68
738553 5118, 79
740676 5115, 69
744502 5021, 71
746583 5036, 75
748522 5104, 62
750503 5004, 66
752647 5130, 60
756527 5197, 64
758502 5122, 63
760547 5070, 64
762553 5133, 77
764628 5133, 62
766505 5033, 76
768522 5022, 71
770615 5106, 77
774519 5013, 70
776525 5074, 61
778631 5023, 77
780512 5037, 71
782505 5062, 65
784505 5115, 71
786631 5122, 71
790550 5041, 73
792553 5150, 63
794544 5046, 75
796505 5022, 66
798525 5161, 76
800650 5026, 67
802644 5188, 63
804509 5136, 75
806547 5083, 67
808505 5086, 75
812567 5078, 76
814607 5136, 64
816515 5045, 66
818509 5063, 65
820515 5183, 77
822512 5142, 70
824530 5073, 65
826502 5158, 70
828530 5062, 78
830576 5113, 72
832644 5031, 66
834705 5163, 70
836525 5104, 64
838669 5193, 76
840525 5154, 73
842740 5180, 69
844525 5124, 61
846522 5034, 60
848509 5158, 70
850512 5060, 63
852530 5046, 77
854505 5066, 75
856638 5199, 72
858598 5035, 75
862522 5050, 65
866547 5107, 65
868581 5199, 76
870515 5178, 71
872530 5083, 78
874550 5052, 61
878525 5112, 75
880696 5084, 76
882522 5170, 71
884560 5188, 68
886637 5030, 72
888509 5198, 64
890573 5008, 78
892518 5160, 63
894525 5083, 64
896612 5109, 65
898576 5064, 69
900509 5077, 74
902525 5195, 72
904570 5131, 74
906525 5154, 70
908555 5050, 67
910506 5068, 60
912553 5034, 71
914561 5145, 74
916545 5052, 67
918583 5103, 79
920535 5138, 78
922519 5153, 69
924614 5047, 69
926505 5081, 67
928553 5169, 64
930522 5186, 73
932567 5075, 75
934536 5067, 76
936530 5197, 73
938533 5097, 70
940515 5137, 68
942512 5043, 67
946502 5060, 77
948522 5016, 61
952539 5165, 62
954625 5023, 77
956621 5011, 76
958536 5189, 65
960512 5024, 73
962544 5189, 60
964528 5146, 73
966512 5099, 72
968651 5123, 67
970506 5085, 62
972530 5124, 71
974505 5073, 79
976553 5190, 61
978558 5165, 71
980644 5063, 72
982515 5185, 74
984502 5127, 66
986530 5162, 63
988525 5184, 79
990557 5023, 63
992505 5032, 72
994602 5141, 75
996585 5007, 68
998650 5138, 77
1000522 5012, 78
1002608 5179, 63
1004648 5130, 69
1006525 5021, 71
1008509 5015, 78
1010545 5155, 60
1012609 5172, 60
1014581 5000, 60
1016502 5019, 65
1018502 5185, 74
1020515 5054, 79
1022553 5115, 63
1026502 5037, 66
1028505 5092, 74
1030535 5154, 61
1032553 5018, 75
1034505 5052, 69
1036572 5008, 71
1038589 5047, 68
1040545 5062, 78
1044518 5047, 60
1046542 5064, 77
1048512 5086, 78
1050509 5179, 60
1052522 5133, 76
1054571 5115, 70
1056525 5149, 69
1058530 5003, 76
1060563 5164, 73
1062505 5038, 77
1064525 5183, 60
1066548 5159, 78
1068557 5035, 60
1070513 5072, 69
1072525 5161, 60
1074634 5030, 60
1076676 5092, 79
1078551 5167, 76
1080519 5035, 76
1082570 5152, 72
1084622 5044, 66
1086505 5008, 72
1088530 5133, 64
1090614 5161, 62
1092553 5077, 68
1094654 5195, 70
1096570 5169, 72
1100670 5145, 61
1102512 5181, 72
1104502 5075, 60
1106525 5030, 63
1110554 5001, 75
1112525 5163, 63
1114530 5089, 72
1116505 5151, 70
1118570 5035, 70
1120515 5130, 71
1122566 5165, 68
1124632 5137, 72
1126587 5145, 73
1128660 5145, 63
1130577 5037, 77
1132525 5080, 74
1134542 5168, 64
1136525 5025, 70
1138624 5167, 78
1140519 5032, 77
1142505 5168, 75
1144602 5029, 60
1146602 5082, 72
1148530 5029, 63
1150612 5173, 72
1152525 5057, 64
1154657 5197, 76
1156502 5193, 74
1158522 5111, 68
1162539 5034, 69
1164525 5061, 68
1166634 5163, 67
1168505 5142, 61
1170641 5163, 73
1172502 5042, 64
1174505 5009, 76
1176574 5007, 73
1178604 5073, 76
1180512 5194, 72
1184530 5090, 65
1186558 5042, 66
1190650 5000, 77
1192640 5109, 60
1194567 5081, 60
1196662 5057, 73
1198570 5040, 62
