85528 3762
90512 3733
95550 3716
100506 3866
105505 3871
110565 3727
115590 3845
120563 3765
125502 3774
130628 3798
135509 3700
145548 3881
150512 3830
155512 3883
160509 3787
165544 3813
170532 3801
175576 3877
180512 3770
185522 3798
190560 3779
195583 3828
200657 3835
205533 3776
210547 3739
215521 3849
220522 3861
225554 3788
230564 3723
235641 3837
240519 3764
245561 3740
250614 3818
260545 3832
265655 3807
270515 3897
275502 3865
280522 3806
285710 3863
290583 3857
295527 3790
300506 3863
305567 3714
310573 3784
315505 3781
325521 3803
330506 3708
335525 3785
340509 3762
345563 3755
350692 3853
355602 3757
360525 3714
365579 3820
370515 3733
375502 3819
380538 3727
385667 3843
390515 3792
395563 3765
400528 3762
405618 3756
410560 3723
415557 3841
420512 3863
425588 3704
430519 3845
435576 3722
440509 3855
445547 3831
450515 3786
455505 3748
460531 3766
470599 3771
475554 3768
480528 3783
485547 3883
490515 3826
495521 3895
500644 3792
505541 3821
510512 3723
515538 3734
520506 3826
525538 3795
530679 3856
535566 3743
540519 3803
545566 3725
550519 3774
555554 3713
560503 3749
565554 3711
570506 3800
575512 3710
580636 3743
585570 3732
590615 3703
595512 3762
600602 3701
605541 3702
610503 3795
615602 3829
620503 3738
625614 3870
630528 3787
635567 3702
640506 3827
645563 3798
650509 3790
655547 3774
660554 3820
665568 3749
670573 3720
675557 3860
680538 3750
685541 3784
690576 3882
695636 3771
700528 3709
705557 3850
710542 3725
715512 3799
720506 3833
725724 3727
730515 3819
735550 3750
740631 3764
745502 3821
750519 3871
755537 3878
760509 3893
765515 3859
775512 3728
780531 3834
785512 3741
790503 3751
795505 3881
800525 3814
805570 3872
810550 3739
815502 3741
820557 3756
825628 3822
835505 3721
840512 3741
845578 3765
850503 3722
855563 3793
865567 3763
870522 3850
875528 3809
880696 3712
885586 3896
890606 3882
895586 3898
900519 3722
905676 3745
910506 3725
915586 3711
925502 3802
930582 3831
935685 3791
940519 3842
945509 3823
950517 3822
955525 3894
960519 3862
965552 3838
970503 3718
975518 3807
980638 3801
985560 3773
990515 3770
995626 3793
1000512 3743
1005583 3786
1010519 3728
1015541 3720
1020670 3881
1025650 3815
1030512 3894
1035560 3792
1040679 3819
1045582 3703
1050515 3894
1055583 3855
1060512 3834
1065502 3794
1070634 3885
1075512 3746
1080522 3856
1085518 3740
1090563 3722
1095742 3831
1100561 3751
1105508 3732
1110506 3729
1115518 3797
1120606 3848
1125528 3889
1130711 3707
1135592 3702
1140509 3823
1145550 3889
1150519 3785
1155505 3844
1160663 3858
1165581 3839
1170522 3703
1175592 3743
1180515 3829
1185502 3791
1190602 3863
1195572 3706
