86243 3762
90943 3733
96119 3716
101338 3866
110697 3727
120856 3765
126030 3774
130886 3798
135775 3700
140688 3756
146427 3881
151189 3830
155681 3883
161229 3787
165956 3813
170808 3801
175809 3877
180833 3770
186038 3798
191271 3779
196177 3828
200679 3835
205884 3776
211027 3739
215715 3849
220890 3861
226202 3788
230942 3723
240892 3764
245735 3740
255889 3862
260722 3832
266221 3807
270992 3897
275956 3865
281072 3806
285683 3863
291087 3857
296025 3790
300893 3863
305699 3714
310713 3784
315904 3781
321093 3876
326032 3803
331193 3708
335845 3785
341121 3762
345962 3755
351102 3853
356190 3757
360735 3714
365541 3820
370852 3733
376107 3819
380552 3727
385971 3843
391091 3792
395764 3765
400659 3762
405774 3756
415801 3841
420955 3863
426280 3704
431014 3845
436159 3722
440983 3855
446123 3831
451319 3786
455811 3748
461319 3766
465849 3707
476186 3768
481006 3783
486036 3883
490883 3826
496003 3895
500891 3792
505998 3821
510675 3723
515776 3734
521035 3826
526045 3795
530788 3856
535920 3743
540909 3803
545794 3725
551104 3774
555743 3713
560871 3749
566103 3711
570732 3800
575798 3710
581091 3743
585708 3732
596115 3762
600891 3701
606067 3702
610911 3795
616096 3829
620708 3738
625846 3870
630807 3787
635992 3702
640931 3827
645881 3798
656105 3774
660932 3820
666057 3749
670911 3720
675641 3860
685845 3784
691014 3882
695982 3771
700730 3709
705814 3850
716219 3799
720745 3833
725968 3727
730887 3819
735882 3750
745708 3821
751114 3871
755968 3878
760772 3893
766087 3859
770846 3761
776319 3728
780856 3834
785906 3741
790944 3751
796096 3881
800999 3814
805923 3872
810727 3739
816093 3741
820939 3756
826190 3822
830787 3852
835823 3721
840771 3741
845773 3765
851203 3722
855971 3793
860731 3816
865846 3763
871280 3850
876156 3809
880916 3712
886050 3896
890752 3882
896019 3898
900835 3722
905884 3745
911074 3725
916125 3711
920845 3711
926237 3802
931104 3831
935801 3791
941112 3842
945842 3823
955897 3894
960911 3862
965820 3838
970934 3718
976138 3807
980740 3801
985910 3773
991081 3770
995939 3793
1001009 3743
1005819 3786
1010700 3728
1015984 3720
1021083 3881
1026013 3815
1030956 3894
1035940 3792
1040719 3819
1045842 3703
1050992 3894
1055709 3855
1060587 3834
1066051 3794
1070888 3885
1075965 3746
1081095 3856
1086032 3740
1090814 3722
1095953 3831
1100988 3751
1105967 3732
1111148 3729
1115638 3797
1121215 3848
1126014 3889
1130914 3707
1135660 3702
1140823 3823
1146000 3889
1150812 3785
1156109 3844
1161392 3858
1166084 3839
1170941 3703
1176112 3743
1181073 3829
1185869 3791
1190910 3863
1195829 3706
