91334 2016
101488 1999
121279 1945
131291 1966
141077 1959
151361 2056
161256 2073
191463 1949
201063 1957
211650 1900
221460 1994
241243 2028
251356 2056
261292 1902
271241 1926
281413 1932
301385 2019
311339 1970
321172 1901
331308 2080
341234 1997
351356 2087
361257 1918
371593 1903
381200 2096
391221 2071
401109 2084
411358 2023
421210 1947
431269 1985
441171 1977
451282 1980
461513 1933
481253 2004
491170 2033
501232 2033
511214 1905
521237 1991
541090 2060
551312 2082
561275 1998
571151 1910
581237 2005
591193 1985
601377 1913
611262 1942
621067 2000
631201 2058
641213 2031
651312 2025
661221 2088
671265 2033
691249 2030
701152 1988
711352 1902
721115 1915
731373 1932
740973 1940
751246 1909
761123 1908
771070 2029
781193 2057
791328 2038
801099 2060
811320 2047
821095 2073
831032 2078
851180 2084
861140 1959
871226 1913
891009 2063
901292 1996
921151 2040
931245 2080
941294 1973
951001 1958
961198 1986
971270 1940
991268 1995
1001204 2073
1011032 1979
1021268 1963
1031143 1972
1051144 1948
1061243 2034
1071137 2006
1081306 1990
1091273 2015
1111229 2097
1121350 1926
1131176 1909
1141189 2054
1151367 2069
1161142 2095
1171147 1977
1181212 2087
1191169 1900
