82728 5071, 74
84705 5002, 62
86564 5197, 79
88543 5160, 74
90525 5107, 71
92505 5172, 74
94622 5051, 61
96512 5030, 66
98595 5013, 71
100588 5083, 76
102553 5180, 75
104533 5148, 73
108509 5162, 78
112505 5189, 69
114535 5186, 76
116556 5169, 78
118505 5090, 66
120512 5068, 79
122515 5100, 70
124534 5165, 67
126525 5107, 66
128505 5113, 79
130641 5131, 63
132530 5172, 79
134561 5051, 79
136572 5199, 75
138544 5194, 70
140629 5182, 74
142530 5041, 69
144561 5198, 69
146544 5105, 63
148502 5045, 74
150544 5025, 69
152505 5131, 77
154502 5004, 70
156580 5023, 75
158553 5008, 64
160522 5000, 72
162502 5083, 62
164515 5166, 77
166621 5048, 75
168522 5113, 67
170557 5037, 71
172549 5184, 72
174685 5050, 61
176525 5164, 71
178525 5114, 67
180583 5055, 64
182515 5069, 71
184584 5067, 69
188633 5129, 79
190503 5139, 78
192505 5126, 70
194615 5007, 79
196668 5025, 69
198540 5050, 78
200641 5095, 61
202525 5144, 74
204502 5144, 65
206527 5102, 60
208689 5145, 62
210515 5015, 70
212505 5034, 74
214527 5160, 79
216509 5017, 61
218654 5146, 60
220598 5014, 65
222512 5156, 65
224639 5128, 73
226505 5010, 69
228663 5133, 66
230590 5178, 64
232573 5086, 62
234586 5150, 63
236593 5055, 72
238530 5099, 78
240512 5147, 64
242679 5006, 68
244679 5088, 68
246545 5034, 66
248555 5155, 69
250515 5110, 75
252525 5144, 64
254606 5000, 79
256505 5121, 70
258657 5001, 73
260519 5110, 78
262578 5002, 78
264624 5030, 76
266538 5139, 75
268522 5130, 76
270541 5025, 75
272522 5154, 68
274605 5058, 60
276502 5099, 62
278505 5181, 76
280512 5118, 67
282528 5018, 79
284527 5046, 75
286715 5079, 71
288536 5092, 65
290583 5160, 69
292505 5184, 62
294540 5012, 70
296518 5024, 61
298544 5161, 66
300573 5167, 71
302533 5036, 61
304556 5072, 77
306682 5135, 77
308505 5101, 62
310522 5152, 69
312567 5185, 71
314525 5134, 75
318657 5194, 73
320535 5132, 64
322522 5036, 75
324518 5074, 70
326553 5126, 70
328505 5076, 67
330609 5044, 65
332539 5003, 73
334631 5038, 71
336502 5057, 77
338525 5030, 67
340515 5106, 76
342505 5149, 68
344505 5096, 79
346505 5093, 77
348553 5125, 69
350593 5074, 62
352641 5101, 77
354505 5124, 68
356522 5052, 66
358531 5079, 79
360595 5027, 70
362553 5175, 70
364547 5002, 66
366547 5025, 64
368544 5188, 63
370569 5107, 66
372650 5118, 62
374502 5196, 73
376533 5102, 70
378509 5070, 69
380593 5080, 69
382530 5083, 66
386519 5186, 70
388708 5176, 73
390522 5167, 70
392505 5164, 73
394509 5085, 68
396560 5082, 75
398538 5090, 60
400547 5052, 66
402515 5072, 67
404530 5158, 64
406544 5071, 71
408576 5105, 79
410618 5103, 64
412545 5071, 64
414539 5002, 73
416587 5127, 79
418584 5079, 63
420519 5095, 74
422599 5093, 71
424502 5180, 77
426570 5092, 75
428605 5123, 72
430522 5044, 71
432525 5049, 64
434547 5067, 60
436502 5125, 71
438530 5108, 73
440634 5108, 74
444502 5059, 73
446525 5031, 79
448567 5124, 67
450519 5042, 63
452593 5010, 64
454502 5051, 62
456586 5186, 64
458512 5106, 60
460554 5053, 77
462512 5175, 69
464525 5059, 72
466527 5085, 79
468606 5119, 65
470529 5163, 79
472525 5162, 67
474522 5005, 60
476544 5118, 70
478550 5025, 65
480544 5036, 66
482522 5155, 75
484521 5133, 73
486570 5159, 67
488522 5073, 72
490650 5016, 74
492562 5152, 63
494502 5132, 65
496566 5160, 71
498568 5196, 66
500509 5074, 72
502576 5189, 64
504695 5076, 71
506635 5030, 65
508531 5168, 62
510503 5199, 69
512530 5012, 64
514502 5093, 61
516548 5084, 68
518570 5177, 70
520515 5138, 61
524670 5149, 70
526505 5020, 75
528527 5075, 62
530622 5106, 77
534502 5058, 68
536505 5176, 76
538502 5103, 77
540512 5057, 62
542619 5148, 64
544625 5168, 71
546530 5087, 68
548553 5086, 74
550503 5060, 62
552522 5136, 64
554522 5198, 70
556525 5067, 77
558502 5163, 60
560609 5036, 63
562525 5088, 64
564544 5094, 65
566515 5082, 64
568519 5183, 71
570522 5118, 66
572505 5104, 72
574502 5136, 79
578553 5005, 71
580506 5151, 64
582525 5028, 69
584530 5109, 72
586542 5106, 72
588505 5098, 61
590602 5042, 63
592686 5085, 75
594530 5172, 68
596522 5052, 68
598530 5044, 66
600519 5119, 79
602602 5048, 66
604570 5167, 60
606509 5061, 61
608545 5083, 67
610615 5147, 69
612634 5165, 64
614502 5097, 74
616505 5089, 74
618544 5180, 61
620676 5111, 74
622556 5193, 72
624575 5094, 66
626502 5175, 79
628527 5151, 61
630634 5065, 62
632505 5155, 60
634642 5086, 60
636542 5124, 62
638519 5131, 71
640582 5137, 78
642542 5149, 67
644505 5101, 66
646502 5095, 70
648609 5145, 62
650602 5166, 74
652553 5113, 68
656530 5183, 67
658622 5157, 74
660506 5076, 79
662515 5015, 69
664576 5190, 66
666667 5080, 62
668527 5158, 73
670512 5116, 74
672555 5015, 76
674530 5124, 67
676655 5193, 77
678505 5106, 60
680509 5046, 77
682505 5123, 63
684553 5106, 61
686708 5098, 77
688544 5032, 60
690515 5125, 66
692525 5151, 66
694502 5198, 72
696522 5088, 66
698677 5191, 69
700531 5023, 73
702527 5050, 71
704525 5102, 60
706515 5047, 74
708564 5090, 64
710557 5144, 75
712570 5023, 76
714522 5189, 77
716502 5089, 77
718567 5121, 77
720573 5048, 71
722522 5010, 77
724618 5076, 65
726505 5134, 60
728509 5164, 72
730585 5036, 60
732502 5044, 60
734574 5161, 72
736549 5034, 68
738530 5118, 79
740612 5115, 69
742567 5073, 66
744512 5021, 71
746559 5036, 75
748530 5104, 62
750600 5004, 66
752544 5130, 60
756522 5197, 64
758505 5122, 63
760525 5070, 64
762525 5133, 77
764522 5133, 62
766586 5033, 76
768542 5022, 71
770545 5106, 77
772650 5141, 62
774625 5013, 70
776522 5074, 61
778527 5023, 77
780611 5037, 71
782598 5062, 65
784502 5115, 71
786539 5122, 71
788502 5062, 63
790522 5041, 73
792570 5150, 63
794525 5046, 75
796545 5022, 66
800574 5026, 67
802644 5188, 63
804544 5136, 75
806631 5083, 67
808505 5086, 75
810503 5196, 66
812505 5078, 76
814522 5136, 64
816570 5045, 66
818525 5063, 65
820509 5183, 77
822502 5142, 70
824561 5073, 65
826509 5158, 70
828525 5062, 78
830516 5113, 72
832502 5031, 66
834522 5163, 70
836530 5104, 64
838561 5193, 76
840509 5154, 73
842530 5180, 69
844566 5124, 61
846618 5034, 60
848580 5158, 70
850557 5060, 63
852502 5046, 77
854505 5066, 75
856515 5199, 72
862625 5050, 65
864547 5099, 72
866541 5107, 65
868553 5199, 76
870557 5178, 71
872525 5083, 78
874528 5052, 61
876625 5056, 62
878512 5112, 75
880525 5084, 76
882528 5170, 71
884539 5188, 68
886600 5030, 72
888512 5198, 64
890546 5008, 78
892679 5160, 63
894589 5083, 64
896525 5109, 65
898553 5064, 69
900604 5077, 74
902578 5195, 72
904525 5131, 74
906547 5154, 70
908559 5050, 67
910519 5068, 60
912502 5034, 71
914505 5145, 74
916515 5052, 67
918505 5103, 79
920730 5138, 78
922502 5153, 69
924542 5047, 69
928525 5169, 64
930544 5186, 73
932530 5075, 75
934559 5067, 76
936610 5197, 73
938528 5097, 70
940506 5137, 68
942573 5043, 67
944522 5156, 64
946525 5060, 77
948679 5016, 61
950503 5121, 66
952515 5165, 62
954525 5023, 77
956628 5011, 76
958530 5189, 65
960515 5024, 73
962502 5189, 60
964522 5146, 73
966502 5099, 72
968525 5123, 67
970607 5085, 62
972505 5124, 71
974553 5073, 79
976522 5190, 61
978563 5165, 71
982522 5185, 74
984564 5127, 66
986505 5162, 63
988542 5184, 79
990509 5023, 63
992525 5032, 72
994509 5141, 75
996533 5007, 68
998509 5138, 77
1000635 5012, 78
1002525 5179, 63
1004505 5130, 69
1006515 5021, 71
1008525 5015, 78
1010541 5155, 60
1012502 5172, 60
1014570 5000, 60
1016644 5019, 65
1018509 5185, 74
1020563 5054, 79
1022545 5115, 63
1024525 5125, 63
1026505 5037, 66
1028635 5092, 74
1030593 5154, 61
1032515 5018, 75
1034527 5052, 69
1036518 5008, 71
1038530 5047, 68
1040561 5062, 78
1042505 5164, 70
1044525 5047, 60
1046522 5064, 77
1048544 5086, 78
1050519 5179, 60
1052502 5133, 76
1054525 5115, 70
1056544 5149, 69
1058544 5003, 76
1060509 5164, 73
1062556 5038, 77
1064539 5183, 60
1066561 5159, 78
1068502 5035, 60
1070538 5072, 69
1072525 5161, 60
1074525 5030, 60
1076530 5092, 79
1078531 5167, 76
1080525 5035, 76
1082512 5152, 72
1084625 5044, 66
1086615 5008, 72
1088536 5133, 64
1090585 5161, 62
1092561 5077, 68
1094502 5195, 70
1096625 5169, 72
1098522 5149, 69
1100509 5145, 61
1102525 5181, 72
1104522 5075, 60
1106505 5030, 63
1108505 5026, 74
1110525 5001, 75
1112556 5163, 63
1114609 5089, 72
1116584 5151, 70
1118518 5035, 70
1120619 5130, 71
1122550 5165, 68
1124534 5137, 72
1126505 5145, 73
1128522 5145, 63
1130564 5037, 77
1132564 5080, 74
1134545 5168, 64
1136525 5025, 70
1138597 5167, 78
1140515 5032, 77
1142544 5168, 75
1144525 5029, 60
1146570 5082, 72
1148589 5029, 63
1150598 5173, 72
1152528 5057, 64
1154581 5197, 76
1156571 5193, 74
1158522 5111, 68
1162502 5034, 69
1164505 5061, 68
1166505 5163, 67
1168505 5142, 61
1170515 5163, 73
1172582 5042, 64
1174567 5009, 76
1176525 5007, 73
1178505 5073, 76
1180519 5194, 72
1182544 5014, 78
1184558 5090, 65
1186635 5042, 66
1188522 5177, 76
1190532 5000, 77
1192519 5109, 60
1194515 5081, 60
1196502 5057, 73
1198605 5040, 62
