85512 3762
90541 3733
95573 3716
100503 3866
110628 3727
115505 3845
120509 3765
125573 3774
130596 3798
140567 3756
145559 3881
150641 3830
155608 3883
160576 3787
165550 3813
175512 3877
180509 3770
185544 3798
190512 3779
195557 3828
200631 3835
205549 3776
210541 3739
215602 3849
220535 3861
225502 3788
230692 3723
235553 3837
240664 3764
245547 3740
250525 3818
255588 3862
260628 3832
265502 3807
270519 3897
275550 3865
280634 3806
285585 3863
290679 3857
295505 3790
300592 3863
305502 3714
310509 3784
315544 3781
320557 3876
325547 3803
330557 3708
335521 3785
340503 3762
345505 3755
355596 3757
360519 3714
365726 3820
370677 3733
375560 3819
380538 3727
385531 3843
390565 3792
395625 3765
400503 3762
405547 3756
410644 3723
415515 3841
420515 3863
425502 3704
430512 3845
435640 3722
440679 3855
445596 3831
450509 3786
455563 3748
460519 3766
465543 3707
470554 3771
480525 3783
485518 3883
490525 3826
495554 3895
500686 3792
505524 3821
510512 3723
515541 3734
520519 3826
525583 3795
530503 3856
535638 3743
540506 3803
545573 3725
550525 3774
555505 3713
560599 3749
565557 3711
570607 3800
575502 3710
580512 3743
585666 3732
590537 3703
595547 3762
600547 3701
605739 3702
610519 3795
615561 3829
620596 3738
625580 3870
630642 3787
635502 3702
640522 3827
645689 3798
655505 3774
660550 3820
665530 3749
670519 3720
675515 3860
685652 3784
690503 3882
695515 3771
700519 3709
705567 3850
715646 3799
720619 3833
725538 3727
730525 3819
735570 3750
740538 3764
745650 3821
750522 3871
755525 3878
760615 3893
765593 3859
775624 3728
780560 3834
785528 3741
790628 3751
795660 3881
800602 3814
805579 3872
810522 3739
815537 3741
820512 3756
825580 3822
835512 3721
840535 3741
845525 3765
850557 3722
855554 3793
865570 3763
870620 3850
875560 3809
880582 3712
885502 3896
895611 3898
900519 3722
905567 3745
910557 3725
915528 3711
920503 3711
925589 3802
930525 3831
935544 3791
940503 3842
945502 3823
950547 3822
955521 3894
960515 3862
965567 3838
970509 3718
975550 3807
980580 3801
985686 3773
990528 3770
995502 3793
1000509 3743
1005505 3786
1015525 3720
1020541 3881
1025753 3815
1030600 3894
1035512 3792
1040599 3819
1045505 3703
1050557 3894
1055541 3855
1060525 3834
1065582 3794
1070641 3885
1075550 3746
1080519 3856
1085505 3740
1090512 3722
1095579 3831
1100721 3751
1105547 3732
1110535 3729
1115631 3797
1120535 3848
1125705 3889
1130569 3707
1135583 3702
1140522 3823
1145502 3889
1150515 3785
1155576 3844
1160512 3858
1165502 3839
1170503 3703
1175515 3743
1180512 3829
1185619 3791
1190551 3863
1195575 3706
