86038 3762
91120 3733
95753 3716
101009 3866
105826 3871
116151 3845
121235 3765
125815 3774
130790 3798
136227 3700
145997 3881
151334 3830
155893 3883
160921 3787
165908 3813
170742 3801
180945 3770
186074 3798
190868 3779
196254 3828
201236 3835
206044 3776
211053 3739
215792 3849
220955 3861
226400 3788
230915 3723
236009 3837
240878 3764
251099 3818
256203 3862
260827 3832
266019 3807
270807 3897
276405 3865
280792 3806
285995 3863
290887 3857
296260 3790
301201 3863
306067 3714
310916 3784
316023 3781
325839 3803
331116 3708
336083 3785
341171 3762
346029 3755
350905 3853
356379 3757
361176 3714
365817 3820
371338 3733
376046 3819
381043 3727
386058 3843
390583 3792
395742 3765
406127 3756
410624 3723
416067 3841
421068 3863
425940 3704
430990 3845
436076 3722
440897 3855
445824 3831
450950 3786
455860 3748
461353 3766
466083 3707
470682 3771
476103 3768
481036 3783
486274 3883
491063 3826
510810 3723
516007 3734
525878 3795
530549 3856
536084 3743
540702 3803
545775 3725
551211 3774
555868 3713
560699 3749
566141 3711
570874 3800
575914 3710
580770 3743
591118 3703
596057 3762
601130 3701
606143 3702
610884 3795
615858 3829
620712 3738
625993 3870
630763 3787
635835 3702
641112 3827
645968 3798
651111 3790
655848 3774
660969 3820
665909 3749
671007 3720
676026 3860
680871 3750
685963 3784
691033 3882
696127 3771
700944 3709
705865 3850
710992 3725
716123 3799
720939 3833
725949 3727
730827 3819
736180 3750
740741 3764
745810 3821
751023 3871
755750 3878
760876 3893
766058 3859
770819 3761
776143 3728
780870 3834
785823 3741
790988 3751
795923 3881
800774 3814
806135 3872
810881 3739
815856 3741
820835 3756
826046 3822
835788 3721
840734 3741
845716 3765
855859 3793
860798 3816
865868 3763
876015 3809
880866 3712
886012 3896
890909 3882
895865 3898
900972 3722
906118 3745
910984 3725
916057 3711
926240 3802
930817 3831
936254 3791
940772 3842
946050 3823
955846 3894
960788 3862
965897 3838
970991 3718
975907 3807
985952 3773
991221 3770
995997 3793
1000875 3743
1005944 3786
1010874 3728
1015904 3720
1020798 3881
1025869 3815
1030899 3894
1040928 3819
1050779 3894
1055952 3855
1061008 3834
1066038 3794
1075737 3746
1080869 3856
1085821 3740
1091007 3722
1095706 3831
1100690 3751
1105797 3732
1110791 3729
1121204 3848
1126180 3889
1130972 3707
1135790 3702
1140759 3823
1146013 3889
1151087 3785
1160780 3858
1165722 3839
1170965 3703
1176000 3743
1180983 3829
1186177 3791
1191026 3863
