88319 5197, 79
89108 5160, 74
91334 5107, 71
93629 5172, 74
95469 5051, 61
97615 5030, 66
99380 5013, 71
101488 5083, 76
103677 5180, 75
105777 5148, 73
107980 5147, 78
109291 5162, 78
113732 5189, 69
115365 5186, 76
117415 5169, 78
119473 5090, 66
121279 5068, 79
123571 5100, 70
125429 5165, 67
127213 5107, 66
129287 5113, 79
131291 5131, 63
133422 5172, 79
135120 5051, 79
137362 5199, 75
139337 5194, 70
141077 5182, 74
143143 5041, 69
145226 5198, 69
147245 5105, 63
149100 5045, 74
151361 5025, 69
153271 5131, 77
157263 5023, 75
159421 5008, 64
161256 5000, 72
163261 5083, 62
165243 5166, 77
167158 5048, 75
169503 5113, 67
173308 5184, 72
175210 5050, 61
177523 5164, 71
179418 5114, 67
183434 5069, 71
185501 5067, 69
187608 5059, 70
189384 5129, 79
191463 5139, 78
193268 5126, 70
195139 5007, 79
197464 5025, 69
201063 5095, 61
203744 5144, 74
205389 5144, 65
207325 5102, 60
209191 5145, 62
211650 5015, 70
213548 5034, 74
215354 5160, 79
217453 5017, 61
219112 5146, 60
221460 5014, 65
223515 5156, 65
225240 5128, 73
227132 5010, 69
229303 5133, 66
233232 5086, 62
235751 5150, 63
237422 5055, 72
239031 5099, 78
241243 5147, 64
243412 5006, 68
245494 5088, 68
249486 5155, 69
251356 5110, 75
253525 5144, 64
255295 5000, 79
257053 5121, 70
259507 5001, 73
261292 5110, 78
263023 5002, 78
265313 5030, 76
266967 5139, 75
269196 5130, 76
271241 5025, 75
273358 5154, 68
275049 5058, 60
277291 5099, 62
279298 5181, 76
281413 5118, 67
283069 5018, 79
285282 5046, 75
287127 5079, 71
289229 5092, 65
293194 5184, 62
295502 5012, 70
297087 5024, 61
299135 5161, 66
301385 5167, 71
303370 5036, 61
305312 5072, 77
307098 5135, 77
309223 5101, 62
311339 5152, 69
313259 5185, 71
315183 5134, 75
317438 5177, 64
319457 5194, 73
321172 5132, 64
323263 5036, 75
325209 5074, 70
327271 5126, 70
329280 5076, 67
331308 5044, 65
333213 5003, 73
335126 5038, 71
337517 5057, 77
339364 5030, 67
341234 5106, 76
343210 5149, 68
345123 5096, 79
347175 5093, 77
349456 5125, 69
351356 5074, 62
353196 5101, 77
355232 5124, 68
357137 5052, 66
358949 5079, 79
361257 5027, 70
363116 5175, 70
365164 5002, 66
367431 5025, 64
369124 5188, 63
371593 5107, 66
373221 5118, 62
375116 5196, 73
377207 5102, 70
379481 5070, 69
381200 5080, 69
383377 5083, 66
385320 5044, 64
387228 5186, 70
389421 5176, 73
391221 5167, 70
393175 5164, 73
395027 5085, 68
397215 5082, 75
398970 5090, 60
401109 5052, 66
403239 5072, 67
407087 5071, 71
409314 5105, 79
411358 5103, 64
413190 5071, 64
415265 5002, 73
417252 5127, 79
419245 5079, 63
421210 5095, 74
423240 5093, 71
425087 5180, 77
427549 5092, 75
429267 5123, 72
431269 5044, 71
433122 5049, 64
435197 5067, 60
437618 5125, 71
439047 5108, 73
441171 5108, 74
443218 5168, 64
445332 5059, 73
447215 5031, 79
449418 5124, 67
451282 5042, 63
453007 5010, 64
455000 5051, 62
457347 5186, 64
459285 5106, 60
461513 5053, 77
463233 5175, 69
465134 5059, 72
467238 5085, 79
469311 5119, 65
473130 5162, 67
475808 5005, 60
477430 5118, 70
479118 5025, 65
481253 5036, 66
483327 5155, 75
485127 5133, 73
487095 5159, 67
489193 5073, 72
491170 5016, 74
493791 5152, 63
495068 5132, 65
497150 5160, 71
499228 5196, 66
501232 5074, 72
503081 5189, 64
505064 5076, 71
507394 5030, 65
509207 5168, 62
511214 5199, 69
513175 5012, 64
515154 5093, 61
517332 5084, 68
519145 5177, 70
521237 5138, 61
523035 5096, 69
525189 5149, 70
527066 5020, 75
529196 5075, 62
533044 5173, 68
535151 5058, 68
537190 5176, 76
539182 5103, 77
541090 5057, 62
543194 5148, 64
545138 5168, 71
549233 5086, 74
551312 5060, 62
553143 5136, 64
555188 5198, 70
556962 5067, 77
559178 5163, 60
561275 5036, 63
565188 5094, 65
567177 5082, 64
571151 5118, 66
573215 5104, 72
575304 5136, 79
577148 5077, 65
579131 5005, 71
581237 5151, 64
583054 5028, 69
585158 5109, 72
587149 5106, 72
589168 5098, 61
591193 5042, 63
593100 5085, 75
595322 5172, 68
597091 5052, 68
599210 5044, 66
601377 5119, 79
603057 5048, 66
605191 5167, 60
607122 5061, 61
609177 5083, 67
611262 5147, 69
612957 5165, 64
615317 5097, 74
617134 5089, 74
619244 5180, 61
621067 5111, 74
623044 5193, 72
625064 5094, 66
627025 5175, 79
629090 5151, 61
631201 5065, 62
633166 5155, 60
635059 5086, 60
637288 5124, 62
639381 5131, 71
641213 5137, 78
643358 5149, 67
645167 5101, 66
647358 5095, 70
649461 5145, 62
651312 5166, 74
653254 5113, 68
655074 5064, 61
657123 5183, 67
658847 5157, 74
661221 5076, 79
663257 5015, 69
664971 5190, 66
667332 5080, 62
669254 5158, 73
671265 5116, 74
673152 5015, 76
675221 5124, 67
677151 5193, 77
679051 5106, 60
683081 5123, 63
685097 5106, 61
687336 5098, 77
689230 5032, 60
691249 5125, 66
693266 5151, 66
695250 5198, 72
697281 5088, 66
699245 5191, 69
701152 5023, 73
702987 5050, 71
705162 5102, 60
707109 5047, 74
709112 5090, 64
711352 5144, 75
713015 5023, 76
715135 5189, 77
719175 5121, 77
721115 5048, 71
722973 5010, 77
725070 5076, 65
727264 5134, 60
729290 5164, 72
731373 5036, 60
733181 5044, 60
735120 5161, 72
737253 5034, 68
739080 5118, 79
740973 5115, 69
743201 5073, 66
745242 5021, 71
747155 5036, 75
749280 5104, 62
751246 5004, 66
753210 5130, 60
755046 5104, 68
756974 5197, 64
759100 5122, 63
761123 5070, 64
763188 5133, 77
765013 5133, 62
767238 5033, 76
769151 5022, 71
771070 5106, 77
773210 5141, 62
775022 5013, 70
777156 5074, 61
779350 5023, 77
781193 5037, 71
783272 5062, 65
785325 5115, 71
787262 5122, 71
789175 5062, 63
791328 5041, 73
795158 5046, 75
797117 5022, 66
799049 5161, 76
801099 5026, 67
803154 5188, 63
807234 5083, 67
809103 5086, 75
811320 5196, 66
813287 5078, 76
815007 5136, 64
817196 5045, 66
818962 5063, 65
821095 5183, 77
823228 5142, 70
825022 5073, 65
827248 5158, 70
829112 5062, 78
831032 5113, 72
833271 5031, 66
835119 5163, 70
837338 5104, 64
843025 5180, 69
844997 5124, 61
847035 5034, 60
849057 5158, 70
851180 5060, 63
853274 5046, 77
855343 5066, 75
856999 5199, 72
859291 5035, 75
861140 5115, 70
863091 5050, 65
865198 5099, 72
867110 5107, 65
869149 5199, 76
871226 5178, 71
873299 5083, 78
875202 5052, 61
877067 5056, 62
879081 5112, 75
883139 5170, 71
885259 5188, 68
887377 5030, 72
888987 5198, 64
891009 5008, 78
893132 5160, 63
895254 5083, 64
897145 5109, 65
899136 5064, 69
901292 5077, 74
903344 5195, 72
904680 5131, 74
907354 5154, 70
909262 5050, 67
913180 5034, 71
915148 5145, 74
917136 5052, 67
921151 5138, 78
923252 5153, 69
925114 5047, 69
929346 5169, 64
931245 5186, 73
933123 5075, 75
935125 5067, 76
939424 5097, 70
941294 5137, 68
943442 5043, 67
945120 5156, 64
947116 5060, 77
949299 5016, 61
951001 5121, 66
953122 5165, 62
955142 5023, 77
957089 5011, 76
959282 5189, 65
961198 5024, 73
963387 5189, 60
967267 5099, 72
969229 5123, 67
971270 5085, 62
973126 5124, 71
975313 5073, 79
977104 5190, 61
979138 5165, 71
983239 5185, 74
985189 5127, 66
987078 5162, 63
989137 5184, 79
991268 5023, 63
993184 5032, 72
995009 5141, 75
997058 5007, 68
998936 5138, 77
1001204 5012, 78
1003372 5179, 63
1005167 5130, 69
1007091 5021, 71
1009048 5015, 78
1011032 5155, 60
1013149 5172, 60
1015365 5000, 60
1017152 5019, 65
1019106 5185, 74
1021268 5054, 79
1023028 5115, 63
1025198 5125, 63
1027129 5037, 66
1029178 5092, 74
1031143 5154, 61
1033270 5018, 75
1035149 5052, 69
1039161 5047, 68
1043187 5164, 70
1045175 5047, 60
1047107 5064, 77
1049213 5086, 78
1051144 5179, 60
1053067 5133, 76
1055344 5115, 70
1057137 5149, 69
1059087 5003, 76
1061243 5164, 73
1063169 5038, 77
1065207 5183, 60
1067069 5159, 78
1069051 5035, 60
1071137 5072, 69
1073070 5161, 60
1075241 5030, 60
1077146 5092, 79
1079029 5167, 76
1081306 5035, 76
1082841 5152, 72
1085199 5044, 66
1087124 5008, 72
1089254 5133, 64
1091273 5161, 62
1093049 5077, 68
1094965 5195, 70
1097127 5169, 72
1099111 5149, 69
1103076 5181, 72
1105280 5075, 60
1107158 5030, 63
1109120 5026, 74
1111229 5001, 75
1113096 5163, 63
1115133 5089, 72
1117058 5151, 70
1119223 5035, 70
1121350 5130, 71
1123064 5165, 68
1125121 5137, 72
1127206 5145, 73
1129111 5145, 63
1131176 5037, 77
1133161 5080, 74
1135056 5168, 64
1137068 5025, 70
1141189 5032, 77
1143068 5168, 75
1145124 5029, 60
1147198 5082, 72
1149169 5029, 63
1151367 5173, 72
1153209 5057, 64
1155166 5197, 76
1157062 5193, 74
1159229 5111, 68
1161142 5108, 71
1163200 5034, 69
1165078 5061, 68
1167107 5163, 67
1169105 5142, 61
1171147 5163, 73
1172792 5042, 64
1175072 5009, 76
1177031 5007, 73
1179048 5073, 76
1181212 5194, 72
1183149 5014, 78
1185123 5090, 65
1187065 5042, 66
1189196 5177, 76
1191169 5000, 77
1193045 5109, 60
1195205 5081, 60
1197122 5057, 73
