91179 2016
100664 1999
111104 1919
121133 1945
130914 1966
140739 1959
150743 2056
161186 2073
170848 1984
181476 1946
191247 1949
200588 1957
211164 1900
221156 1994
230842 2059
241037 2028
250992 2056
260841 1902
270704 1926
281046 1932
291107 2063
300873 2019
310847 1970
320850 1901
330654 2080
341259 1997
351051 2087
360749 1918
371027 1903
381030 2096
400853 2084
410882 2023
421133 1947
431127 1985
440938 1977
451223 1980
460683 1933
470988 1976
480902 2004
490829 2033
511057 1905
521079 1991
530559 2011
541036 2060
550636 2082
560736 1998
570988 1910
581098 2005
591145 1985
601320 1913
610675 1942
620993 2000
631033 2058
640944 2031
650675 2025
661144 2088
670858 2033
680752 2028
691060 2030
700707 1988
711050 1902
730954 1932
751074 1909
760820 1908
770974 2029
781034 2057
791072 2038
800857 2060
811230 2047
830753 2078
841035 1997
850832 2084
860774 1959
870792 1913
880723 1953
901129 1996
910927 2003
931033 2080
941082 1973
950869 1958
960702 1986
970847 1940
980962 2061
991112 1995
1000956 2073
1011127 1979
1021110 1963
1030738 1972
1041038 2023
1050906 1948
1060835 2034
1070825 2006
1081204 1990
1091099 2015
1100700 1953
1111131 2097
1120883 1926
1130938 1909
1141116 2054
1151221 2069
1161329 2095
1170989 1977
1180792 2087
