82502 73, 5127
84530 70, 5167
86525 72, 5085
88527 65, 5041
90598 75, 5196
94509 76, 5029
96531 63, 5067
98560 69, 5062
100538 60, 5039
102554 79, 5170
104515 60, 5008
106657 71, 5052
108505 69, 5144
110686 65, 5147
112505 67, 5089
114536 68, 5006
116574 67, 5180
118512 77, 5060
120515 75, 5183
122644 75, 5070
124521 73, 5161
126557 70, 5180
128509 70, 5051
130614 69, 5112
132589 72, 5018
134559 60, 5025
136512 70, 5103
138502 60, 5119
140551 62, 5149
142530 77, 5183
144677 77, 5045
146505 75, 5086
148531 60, 5177
150541 66, 5092
152527 69, 5046
154550 60, 5143
156615 79, 5129
158505 62, 5056
160509 73, 5034
162581 77, 5014
164557 68, 5117
166534 60, 5185
168557 73, 5046
170634 73, 5106
172505 65, 5100
174530 62, 5036
176505 60, 5166
178502 74, 5080
180509 79, 5078
182650 77, 5093
184551 74, 5155
186502 73, 5182
188502 73, 5026
192505 61, 5151
194528 78, 5153
198544 66, 5163
200535 62, 5080
202560 69, 5170
204502 66, 5100
206522 79, 5059
208502 66, 5159
210541 69, 5149
212629 77, 5120
214611 60, 5017
216505 79, 5003
218530 74, 5034
220608 63, 5163
222733 77, 5164
224613 78, 5032
226505 66, 5108
228586 66, 5091
230503 69, 5180
232592 77, 5095
234505 73, 5163
236502 73, 5117
238561 60, 5138
242551 71, 5140
244611 62, 5014
246525 60, 5134
248505 61, 5141
250599 72, 5167
252502 61, 5116
254505 75, 5184
256622 77, 5031
258553 70, 5041
262505 67, 5085
264567 77, 5037
266525 69, 5028
268618 73, 5133
270509 68, 5186
272525 77, 5138
274530 76, 5040
276502 63, 5168
280512 66, 5140
282666 75, 5162
284505 61, 5086
288609 74, 5111
290506 62, 5000
292502 75, 5056
294611 66, 5156
296518 62, 5172
298525 72, 5096
300506 61, 5029
302530 62, 5118
304602 61, 5096
306519 78, 5173
308544 74, 5194
310519 62, 5158
312522 66, 5197
314502 76, 5029
316505 70, 5075
318603 71, 5053
322547 74, 5145
324550 73, 5071
326556 69, 5149
328569 67, 5173
330535 60, 5179
334530 65, 5194
336643 79, 5091
338522 64, 5081
340525 74, 5026
342539 72, 5066
344633 61, 5177
346509 74, 5190
348555 65, 5051
352512 63, 5034
354714 73, 5155
356558 67, 5005
358531 68, 5108
360503 75, 5193
362533 66, 5021
364542 79, 5174
366580 69, 5010
368556 67, 5171
370509 68, 5033
372509 60, 5010
374585 71, 5031
376596 61, 5041
378580 63, 5198
380593 73, 5085
382505 75, 5026
384651 64, 5117
386502 77, 5125
390638 79, 5158
392530 66, 5130
394515 67, 5048
396502 60, 5043
398533 79, 5046
400601 61, 5053
402525 62, 5024
404544 64, 5007
406522 68, 5164
408502 76, 5120
410570 73, 5087
412578 62, 5065
414502 77, 5043
416505 60, 5172
418530 74, 5155
420525 70, 5065
422512 70, 5159
424502 68, 5005
426556 64, 5158
428559 69, 5015
430506 61, 5003
432505 60, 5169
434653 63, 5101
436587 69, 5014
438701 70, 5018
440599 71, 5051
442509 69, 5142
444583 63, 5178
446567 69, 5021
448622 71, 5119
450503 61, 5158
452558 74, 5104
454570 77, 5107
456622 67, 5139
458637 62, 5015
460522 65, 5089
462553 67, 5076
464527 63, 5155
466527 62, 5110
468515 71, 5178
470551 64, 5111
472570 61, 5127
474547 76, 5014
476509 68, 5177
478619 69, 5047
480509 73, 5010
482525 75, 5051
484544 63, 5105
486505 66, 5075
488589 70, 5102
490522 69, 5187
494522 73, 5197
496505 72, 5105
498533 63, 5050
500503 65, 5172
502564 69, 5062
504551 60, 5173
506558 75, 5153
508525 76, 5078
510509 74, 5037
512502 77, 5073
514550 78, 5106
516525 68, 5091
520525 61, 5120
522687 63, 5181
524502 78, 5118
526596 66, 5032
528547 63, 5045
530543 67, 5132
532518 75, 5160
534519 65, 5091
536541 67, 5009
538533 64, 5173
540525 79, 5157
542530 77, 5146
544635 70, 5033
546505 74, 5111
548575 71, 5033
550522 66, 5181
552545 70, 5039
554554 78, 5104
556502 73, 5125
558509 68, 5136
560654 78, 5165
562505 79, 5045
564553 78, 5068
566619 79, 5077
568689 61, 5086
570515 77, 5027
572539 63, 5175
574512 70, 5128
576505 69, 5049
578564 62, 5152
580525 68, 5034
584509 61, 5036
586571 78, 5089
588618 79, 5054
592505 73, 5136
594525 67, 5021
596502 70, 5128
598505 60, 5081
600522 73, 5151
602505 77, 5090
604512 65, 5018
606593 71, 5071
608509 66, 5107
610563 74, 5190
612538 60, 5193
614544 66, 5043
616560 61, 5165
618562 79, 5169
620564 75, 5143
622505 69, 5017
624522 63, 5062
626556 78, 5187
628568 79, 5125
630616 79, 5141
632564 63, 5139
634515 64, 5166
636657 69, 5108
638530 78, 5010
640515 72, 5100
642555 62, 5098
644522 60, 5182
646601 63, 5098
648512 68, 5069
654509 71, 5155
656527 73, 5057
658505 76, 5090
660525 76, 5173
662660 77, 5083
664505 77, 5124
668522 66, 5064
670515 78, 5107
672666 71, 5078
674505 78, 5022
676542 69, 5191
678505 61, 5093
680574 72, 5048
684570 76, 5136
686505 73, 5100
688509 79, 5165
690639 71, 5069
692561 65, 5170
694522 76, 5077
696515 79, 5022
698525 64, 5138
700519 75, 5105
704518 75, 5189
706502 70, 5039
708539 69, 5122
710654 77, 5107
712512 65, 5036
714712 68, 5030
716589 75, 5163
718638 74, 5153
720585 64, 5132
722570 72, 5155
724624 69, 5092
726558 77, 5078
728696 69, 5195
730503 73, 5177
732505 78, 5155
734522 68, 5107
736527 63, 5097
738522 63, 5069
740644 67, 5191
742505 62, 5056
744531 63, 5162
746705 67, 5056
748527 74, 5066
750509 78, 5067
752536 77, 5018
754525 62, 5117
756522 73, 5003
758567 61, 5146
760589 66, 5067
762522 70, 5041
766530 69, 5188
768572 74, 5147
774622 68, 5093
776505 66, 5100
778530 67, 5135
780573 75, 5152
782525 63, 5185
784533 75, 5100
786522 60, 5063
788536 72, 5002
790525 60, 5077
792605 73, 5107
794530 60, 5014
798586 74, 5010
800622 60, 5168
802578 71, 5010
804628 65, 5181
806602 74, 5075
808533 61, 5184
810509 71, 5173
812502 79, 5137
814595 67, 5058
816536 60, 5164
818536 73, 5029
820589 65, 5053
822698 68, 5051
824576 78, 5199
826572 74, 5085
828578 78, 5033
830509 65, 5106
832528 77, 5097
834502 62, 5194
836565 69, 5112
838505 60, 5093
840512 77, 5129
842537 69, 5093
844567 65, 5141
846525 76, 5118
848533 60, 5191
850506 76, 5035
852572 66, 5165
854530 69, 5102
856502 74, 5017
858502 64, 5060
860642 76, 5107
862539 63, 5097
864502 72, 5074
866560 70, 5126
868595 70, 5104
870519 79, 5046
876556 66, 5194
878592 67, 5017
880563 69, 5032
882593 63, 5020
884519 72, 5098
886509 68, 5026
888631 79, 5055
890538 78, 5110
892544 79, 5137
894522 73, 5134
896525 62, 5070
898638 76, 5197
900503 79, 5139
902530 64, 5056
904550 66, 5070
906502 79, 5002
908530 61, 5148
910515 71, 5038
912547 63, 5078
914505 71, 5003
916512 72, 5165
918522 73, 5000
920503 67, 5023
922505 62, 5047
924622 74, 5097
926522 64, 5125
928539 75, 5007
930519 73, 5121
932509 79, 5149
934505 79, 5004
936505 75, 5113
938505 72, 5010
940509 69, 5148
942583 76, 5159
944592 78, 5166
946581 70, 5044
948502 66, 5047
950557 66, 5182
952528 75, 5101
954586 75, 5172
956505 70, 5169
958676 65, 5198
960525 78, 5123
962531 66, 5022
964533 72, 5083
966570 66, 5082
968530 63, 5044
970519 61, 5197
972536 70, 5198
974564 75, 5023
976539 61, 5156
978519 72, 5124
980599 65, 5153
982616 72, 5063
984502 76, 5050
986586 68, 5083
988512 67, 5051
990642 64, 5098
992522 64, 5077
994561 69, 5156
996525 76, 5047
998618 79, 5114
1000624 65, 5075
1002522 77, 5091
1004547 78, 5171
1006527 65, 5170
1008505 61, 5008
1010520 69, 5113
1012539 71, 5082
1014512 62, 5151
1016530 61, 5083
1018550 76, 5036
1020563 62, 5108
1022545 69, 5047
1024550 64, 5061
1026502 74, 5182
1028518 71, 5142
1030512 78, 5033
1032530 60, 5174
1034514 76, 5196
1036551 68, 5078
1038561 74, 5082
1040596 61, 5024
1042527 62, 5035
1044763 65, 5197
1046522 79, 5186
1048515 67, 5001
1050519 64, 5090
1052644 66, 5062
1054542 61, 5127
1056566 67, 5100
1058619 67, 5108
1060509 74, 5085
1062562 79, 5178
1064618 79, 5112
1066550 74, 5134
1068509 73, 5032
1070557 62, 5139
1072522 65, 5050
1074647 62, 5121
1076522 76, 5018
1078522 61, 5092
1080525 72, 5160
1082512 66, 5186
1084502 65, 5077
1086519 63, 5038
1088502 66, 5055
1090525 73, 5099
1092547 79, 5073
1094665 61, 5130
1096643 64, 5107
1098525 68, 5174
1100660 77, 5010
1102505 78, 5014
1104509 72, 5118
1106555 77, 5063
1108588 66, 5123
1110569 75, 5181
1112572 63, 5089
1114505 79, 5091
1116505 61, 5026
1118539 68, 5044
1120506 65, 5036
1122527 79, 5124
1124572 72, 5116
1126525 72, 5054
1128558 61, 5127
1130625 73, 5046
1132525 64, 5021
1134502 62, 5107
1136631 66, 5155
1138530 75, 5136
1140538 60, 5195
1142509 65, 5059
1144539 65, 5083
1146505 64, 5199
1148579 68, 5010
1150525 78, 5081
1152632 66, 5088
1154542 76, 5017
1156584 73, 5062
1158502 75, 5090
1162525 60, 5109
1164502 66, 5039
1166536 76, 5071
1168675 71, 5056
1170522 75, 5034
1172502 77, 5094
1174570 75, 5036
1176530 66, 5114
1178505 63, 5097
1180522 73, 5098
1182521 66, 5033
1184621 68, 5044
1186502 71, 5050
1188525 63, 5006
1190583 77, 5149
1192615 79, 5051
1196527 60, 5079
1198580 79, 5125
1200509 64, 5175
1202564 61, 5138
1204528 71, 5010
1206553 75, 5164
1208512 68, 5118
1210528 71, 5140
1212518 67, 5027
1214512 66, 5029
1216587 74, 5041
1218603 62, 5162
1220657 61, 5147
1222686 62, 5113
1224648 68, 5199
1226595 74, 5030
1228691 60, 5183
1230506 70, 5175
1232525 63, 5077
1234558 76, 5171
1236540 79, 5112
1238522 78, 5098
1240512 67, 5053
1242519 73, 5089
1244530 66, 5113
1246505 65, 5170
1248660 77, 5114
1250647 66, 5131
1252544 71, 5133
1254539 67, 5056
1256522 71, 5042
1258651 69, 5197
1260515 77, 5158
1262615 69, 5182
1264505 76, 5142
1266584 66, 5045
1268512 70, 5199
1270503 73, 5109
1272564 66, 5192
1274662 73, 5168
1276586 69, 5066
1278522 79, 5090
1280650 77, 5120
1282609 73, 5031
1284530 79, 5062
1286527 67, 5080
1288547 60, 5023
1290525 78, 5190
1292502 66, 5036
1294502 69, 5041
1296502 75, 5189
1298521 78, 5102
1300503 77, 5040
1302505 79, 5079
1304546 66, 5176
1306638 75, 5078
1308525 74, 5107
1310679 69, 5166
1312599 61, 5047
1314525 73, 5008
1318553 71, 5047
1320506 60, 5131
1322525 73, 5171
1324505 78, 5103
1326522 60, 5042
1328640 66, 5139
1330503 62, 5123
1332566 63, 5067
1334528 66, 5127
1336509 67, 5041
1338502 79, 5081
1342525 70, 5181
1344505 60, 5114
1346509 79, 5043
1348544 75, 5004
1350525 72, 5050
1352502 72, 5075
1354525 69, 5136
1356527 66, 5007
1358595 79, 5197
1360519 67, 5062
1362679 62, 5092
1364502 62, 5147
1366570 74, 5047
1368530 72, 5188
1370570 66, 5040
1372647 65, 5025
1374583 79, 5045
1376564 73, 5027
1378542 63, 5034
1380519 71, 5199
1382505 78, 5141
1384525 61, 5121
1386525 79, 5099
1388527 62, 5117
1390525 67, 5085
1392502 71, 5124
1394530 62, 5198
1396590 76, 5077
1398622 73, 5020
1400631 72, 5184
1402528 70, 5009
1404518 69, 5001
1406525 62, 5040
1408553 62, 5012
1410522 71, 5046
1414525 60, 5107
1416556 75, 5133
1420506 66, 5127
1422502 79, 5167
1424528 68, 5190
1426572 73, 5118
1428581 70, 5167
1430682 79, 5149
1432527 75, 5189
1434525 63, 5199
1436505 69, 5095
1438502 66, 5011
1440503 68, 5191
1442502 64, 5091
1444637 62, 5000
1446525 75, 5148
1448602 72, 5197
1450560 78, 5019
1452505 67, 5068
1454525 77, 5081
1456615 76, 5164
1458589 66, 5111
1460554 73, 5126
1462547 73, 5181
1464547 65, 5035
1466609 67, 5081
1468522 65, 5172
1470515 74, 5073
1472525 72, 5092
1474655 72, 5191
1476620 78, 5158
1478575 74, 5119
1480503 70, 5071
1482522 68, 5148
1484578 78, 5048
1486522 75, 5102
1490535 60, 5100
1492530 79, 5043
1494505 77, 5014
1496580 66, 5176
1498561 67, 5190
1500554 68, 5027
1502505 74, 5178
1506519 77, 5061
1508586 64, 5080
1510525 69, 5045
1512530 74, 5004
1514573 64, 5120
1516505 64, 5084
1518512 67, 5182
1522558 64, 5069
1526580 60, 5015
1528525 67, 5187
1530531 68, 5171
1532505 75, 5089
1534547 76, 5105
1536561 66, 5155
1538509 73, 5123
1540509 75, 5164
1542522 67, 5038
1544635 64, 5008
1546587 61, 5079
1548505 70, 5197
1550503 71, 5150
1552512 77, 5041
1554502 66, 5023
1556525 73, 5081
1558502 72, 5092
1560515 76, 5148
1562502 66, 5036
1564544 76, 5102
1566522 76, 5193
1568625 60, 5016
1570509 67, 5155
1572515 66, 5026
1574525 75, 5175
1576584 60, 5140
1578571 79, 5068
1580625 68, 5069
1582509 60, 5184
1584552 60, 5129
1586530 60, 5001
1588509 71, 5023
1590515 78, 5108
1592542 76, 5172
1594540 65, 5113
1596567 76, 5148
1598530 63, 5169
1600519 73, 5017
1602631 61, 5018
1604525 68, 5034
1606533 61, 5165
1608505 70, 5061
1610509 70, 5081
1612525 72, 5145
1614502 74, 5179
1616654 79, 5113
1618525 77, 5035
1620515 70, 5164
1622556 64, 5127
1624558 67, 5041
1626606 61, 5142
1628505 73, 5090
1630554 61, 5135
1632543 79, 5143
1634505 72, 5064
1636525 74, 5014
1638568 66, 5180
1642522 64, 5013
1644515 66, 5114
1646525 75, 5100
1648505 74, 5032
1650506 60, 5106
1652522 79, 5072
1654525 63, 5083
1656502 71, 5199
1660506 77, 5193
1662638 67, 5001
1664522 72, 5143
1666522 74, 5082
1668556 76, 5042
1672519 69, 5062
1674525 63, 5131
1676672 71, 5063
1678518 62, 5016
1680503 69, 5105
1682502 61, 5163
1684522 64, 5189
1686522 62, 5094
1688522 69, 5103
1690563 70, 5143
1692554 65, 5185
1694525 69, 5016
1696599 64, 5102
1698502 63, 5113
1700561 65, 5020
1702527 61, 5117
1704512 73, 5069
1706530 68, 5161
1708505 71, 5101
1710585 61, 5156
1712557 78, 5135
1716534 60, 5034
1718509 66, 5123
1720525 68, 5090
1724527 63, 5051
1726575 69, 5047
1728505 69, 5115
1730602 73, 5028
1732638 60, 5089
1734530 64, 5033
1736571 78, 5178
1738611 60, 5142
1740583 65, 5118
1742567 78, 5002
1744565 75, 5001
1746525 75, 5099
1750522 64, 5014
1752622 73, 5197
1754512 76, 5178
1756502 63, 5157
1758522 60, 5196
1762502 72, 5028
1764625 70, 5197
1768502 61, 5086
1770506 62, 5119
1772525 72, 5043
1774627 68, 5000
1776593 64, 5086
1778530 73, 5146
1780519 79, 5079
1782522 66, 5007
1784530 69, 5171
1788522 63, 5165
1790557 62, 5055
1792567 79, 5122
1794663 69, 5031
1796553 64, 5094
1798533 69, 5073
