110898 4464
141158 4434
170906 4440
200914 4473
260831 4412
290839 4345
321070 4302
350835 4486
380809 4354
411107 4359
471073 4368
500820 4375
531007 4377
560771 4323
620684 4419
650869 4327
680703 4430
710755 4359
770854 4339
800919 4360
830863 4330
860748 4307
890953 4464
920681 4301
950905 4320
980762 4455
1010811 4363
1070899 4339
1101039 4319
1160778 4313
1220691 4490
1280888 4374
1310822 4354
1400682 4491
1431139 4376
1460869 4430
1490757 4333
1521043 4311
1580859 4336
1610882 4411
1640957 4463
1670914 4361
1700824 4428
1730635 4307
1760986 4359
