141007 4407
170853 4395
201116 4449
230871 4331
380931 4323
440745 4475
471141 4345
501074 4455
530739 4466
560868 4328
590876 4406
620633 4419
650901 4425
680910 4466
740536 4383
770702 4425
800678 4433
830913 4431
860893 4372
890809 4359
920642 4441
950720 4477
980810 4369
1010774 4424
1040925 4481
1070747 4365
1100560 4454
1130881 4342
1160858 4450
1220668 4348
1250785 4357
1311096 4373
1370662 4410
1400678 4348
1460824 4475
1520829 4339
1580889 4445
1610787 4406
1670721 4337
1700930 4391
1730905 4411
1790791 4379
