86197 3825
97394 3756
101362 3836
106078 3752
110709 3783
115979 3717
121171 3859
126730 3718
131517 3878
135993 3783
146129 3789
150834 3728
156553 3790
160819 3764
166130 3805
170967 3816
181225 3888
186119 3791
191390 3715
196367 3785
200921 3801
206240 3822
211121 3892
215910 3759
221011 3707
225829 3831
230867 3740
235874 3779
240988 3741
246602 3797
250967 3827
255691 3770
265727 3882
271035 3735
276125 3802
280924 3897
285905 3816
290762 3854
300855 3838
305769 3775
311089 3833
315731 3721
325920 3818
331197 3800
335830 3850
341091 3719
345735 3841
351277 3797
355750 3889
361107 3777
371228 3749
376196 3869
380843 3751
386285 3858
390762 3798
395850 3886
401219 3865
406163 3896
415794 3758
421068 3874
425753 3849
430969 3749
435923 3784
440833 3722
446069 3801
451050 3746
456044 3727
460946 3893
465929 3829
470984 3701
475917 3780
480642 3795
486114 3847
491047 3729
500880 3805
505648 3736
510854 3818
516267 3803
521412 3775
525708 3768
530990 3709
535512 3885
540882 3765
546066 3883
551183 3884
555864 3719
560851 3799
566096 3839
575910 3871
581130 3706
586067 3727
591008 3814
596115 3760
601001 3896
605651 3888
611226 3711
616149 3785
620901 3808
625926 3730
631204 3713
636192 3867
640959 3851
645842 3860
655845 3728
660939 3755
666158 3770
671346 3819
676029 3860
685741 3759
691071 3748
695962 3827
701126 3876
705737 3701
711045 3768
715998 3787
720901 3723
725879 3753
730996 3707
736100 3710
740978 3783
750944 3751
755965 3884
760961 3882
765723 3788
770787 3758
776189 3721
781010 3725
785796 3787
791147 3781
795823 3761
801007 3837
805721 3773
810728 3865
815911 3878
820733 3873
825807 3843
836199 3896
841056 3821
845955 3825
851122 3752
855797 3847
866070 3744
870898 3865
880933 3806
885763 3856
890994 3768
895782 3863
906185 3844
910831 3716
916315 3847
920974 3790
925878 3888
930971 3788
935830 3884
940681 3780
945850 3722
950953 3811
956059 3778
960934 3821
966128 3885
970744 3733
976138 3886
980834 3809
985839 3837
991177 3704
995856 3874
1005837 3871
1011082 3822
1015720 3714
1020840 3794
1026255 3711
1031106 3745
1036176 3859
1041012 3813
1046321 3803
1051075 3864
1056003 3885
1060824 3728
1066058 3884
1070764 3764
1076206 3881
1080877 3798
1085839 3718
1091072 3730
1095887 3731
1106205 3857
1111183 3879
1116124 3865
1120887 3762
1126030 3801
1135815 3886
1141105 3815
1145978 3782
1151028 3877
1155676 3722
1165789 3806
1170700 3858
1176064 3735
1180984 3771
1185714 3875
1191079 3779
1196022 3851
1201086 3841
1206029 3811
1210748 3772
1216135 3812
1220635 3835
1225996 3899
1231033 3790
1236132 3752
1240757 3889
1246086 3717
1250781 3869
1255806 3786
1261104 3891
1266002 3712
1270756 3834
1275984 3808
1280996 3745
1285873 3745
1291140 3863
1295994 3841
1300819 3766
1305916 3803
1311041 3827
1315939 3720
1320795 3890
1325789 3841
1331089 3768
1336073 3796
1345991 3896
1350930 3862
1355949 3872
1360814 3802
1365853 3803
1375734 3702
1380827 3767
1386311 3805
1390923 3743
1395747 3770
1400900 3836
1406173 3809
1410874 3744
1420782 3745
1425872 3788
1430749 3860
1435891 3893
1441179 3709
1445573 3723
1450955 3887
1456003 3889
1466187 3754
1476051 3721
1480817 3888
1485884 3788
1490659 3758
1495909 3781
1500799 3888
1506232 3731
1510681 3823
1516093 3764
1525909 3887
1530874 3769
1535916 3714
1541052 3885
1545869 3864
1555969 3711
1561031 3863
1565846 3793
1571169 3767
1575902 3842
1580940 3720
1585869 3754
1591006 3817
1595791 3757
1601125 3883
1606026 3751
1610818 3842
1615816 3806
1621016 3826
1625888 3858
1635852 3773
1651092 3749
1655689 3815
1661015 3843
1665881 3771
1670799 3888
1675923 3704
1680902 3873
1685891 3872
1690876 3889
1695698 3824
1705714 3873
1710968 3753
1716143 3884
1721055 3779
1725939 3858
1730923 3707
1735932 3802
1740993 3835
1746131 3702
1750726 3823
1756286 3874
1765879 3737
1770847 3743
1781028 3743
1785932 3803
1790941 3751
1796178 3883
