85598 3718
95569 3806
100829 3831
105595 3836
110686 3710
115557 3740
120614 3857
125566 3779
130621 3743
135585 3846
140509 3711
145569 3798
150614 3837
155502 3866
160577 3876
165545 3872
170609 3772
175611 3869
180584 3894
185657 3762
190538 3861
195588 3866
200555 3850
210506 3765
215593 3779
220512 3767
225525 3794
230593 3844
235593 3760
240522 3842
245597 3725
250528 3805
255600 3887
260503 3765
265619 3876
270661 3822
275603 3881
280519 3745
285576 3870
290541 3869
295628 3745
300708 3874
305598 3746
310657 3896
315603 3791
325621 3866
330652 3767
335587 3713
340630 3711
345609 3864
350529 3762
355585 3877
360615 3867
365601 3741
370649 3720
375573 3737
380623 3887
385599 3750
395563 3704
400617 3886
405673 3717
410644 3700
415502 3814
420654 3771
425583 3765
435609 3796
440533 3783
445628 3715
450616 3820
455605 3852
460603 3747
465619 3769
470519 3767
475598 3727
480548 3712
485692 3729
490604 3745
495591 3815
500621 3856
505593 3759
510588 3768
515566 3883
520512 3838
525595 3866
530634 3764
535598 3835
540542 3870
545603 3873
555582 3746
565622 3730
570528 3720
575628 3802
580641 3749
585550 3734
590580 3869
595594 3835
600535 3739
605613 3813
610670 3849
615587 3737
620541 3837
625605 3744
630509 3813
635618 3705
640557 3838
645576 3787
650537 3881
655569 3817
660636 3715
665598 3837
670612 3871
675594 3724
680545 3703
685600 3802
690587 3875
695698 3798
700667 3886
705594 3761
710545 3790
715596 3776
720686 3752
725534 3825
730637 3897
735614 3757
740561 3882
745611 3737
750537 3852
755608 3840
760567 3821
765582 3784
770593 3841
775609 3854
780593 3750
785591 3733
790593 3733
800503 3842
805612 3741
810651 3716
815587 3747
820566 3789
825620 3720
830641 3891
835604 3768
840614 3883
845586 3839
850591 3743
855505 3824
860599 3710
865553 3700
870640 3703
875596 3778
880648 3884
885593 3790
890590 3724
895633 3704
900519 3854
910615 3764
915632 3717
920510 3871
925589 3726
930512 3789
935608 3875
940635 3868
945600 3866
950506 3849
955599 3716
960618 3856
965615 3856
970648 3876
975605 3782
980653 3795
985586 3803
990525 3700
995598 3861
1000576 3736
1005595 3863
1010573 3749
1015607 3746
1020633 3783
1025805 3765
1030557 3706
1035512 3812
1040642 3889
1045708 3744
1050680 3716
1055598 3815
1060515 3843
1065569 3763
1070578 3863
1075531 3784
1080576 3820
1085621 3790
1090582 3724
1095601 3840
1100531 3817
1105612 3730
1110604 3754
1115563 3877
1120641 3704
1125623 3750
1130589 3806
1135597 3727
1140582 3740
1145608 3829
1150711 3835
1155580 3777
1160522 3750
1165618 3829
1170576 3894
1175600 3846
1180519 3701
1185670 3807
1190695 3835
1195612 3791
1200603 3717
1205561 3719
1215595 3766
1220657 3730
1225586 3848
1230625 3796
1235602 3742
1240503 3846
1245582 3726
1250516 3834
1255601 3748
1260680 3876
1265505 3728
1270607 3798
1275586 3859
1280516 3701
1285615 3718
1290788 3770
1295589 3798
1300760 3713
1305628 3863
1310628 3705
1315644 3735
1320690 3830
1325600 3891
1330512 3892
1335625 3797
1340516 3878
1345600 3850
1350506 3715
1355576 3893
1360525 3867
1365580 3815
1370592 3828
1375566 3860
1380608 3851
1385599 3713
1390595 3724
1395601 3821
1400654 3707
1405610 3887
1410569 3831
1415634 3786
1420667 3896
1425598 3724
1430537 3826
1435590 3827
1445602 3893
1450528 3897
1455613 3783
1460519 3766
1470572 3745
1475611 3818
1480553 3863
1485620 3746
1490506 3761
1495531 3759
1500696 3830
1505588 3797
1510551 3713
1515598 3711
1520509 3835
1525589 3875
1530601 3721
1535639 3838
1540515 3843
1545502 3732
1550654 3719
1555505 3738
1560590 3890
1565612 3781
1570560 3743
1575609 3741
1580567 3805
1585726 3883
1590572 3766
1595603 3805
1600644 3847
1605588 3838
1610513 3724
1615586 3874
1620519 3832
1625534 3753
1630679 3807
1635502 3801
1640526 3814
1645612 3815
1650676 3734
1655608 3818
1660624 3740
1665650 3880
1670593 3803
1675616 3721
1680601 3866
1685591 3891
1690663 3872
1695617 3843
1700541 3869
1705601 3872
1710673 3781
1715542 3864
1720509 3804
1725598 3742
1730566 3860
1735550 3802
1740576 3895
1745628 3820
1750525 3819
1755609 3799
1760544 3830
1765569 3879
1770576 3719
1775591 3809
1780506 3745
1785569 3743
1790641 3865
1795626 3709
