90622 1985
100625 2002
110545 1903
120509 2028
130608 2044
140586 1946
150575 1934
160506 1985
170622 2015
180560 2047
190579 2073
200522 1964
240654 1943
250596 1932
260564 1943
270519 2022
280601 2000
290506 1903
300633 2096
310648 2046
320564 1905
330515 1977
340638 1900
350545 2067
360579 1931
370611 1902
380657 2026
390635 2070
400610 2075
410503 1931
420640 2092
430522 2092
440573 2049
450595 1906
460525 2037
470551 2065
480506 2064
490595 1921
510506 2066
520557 1916
530708 2031
540561 1947
550602 2072
560519 1912
570548 1990
580636 1943
600515 1977
610673 1951
620663 1943
630570 2078
640615 2084
650570 1912
660785 2031
670569 1901
680577 2066
690555 2085
700622 2002
710509 2050
720785 1971
730506 2094
740564 1999
750581 2057
760641 2067
770689 2074
780519 2029
790603 2010
800532 1972
810636 1907
820538 2091
840519 2038
850519 1900
860561 2094
870633 2073
880512 2050
890618 1955
900525 2074
920602 2083
930506 1974
940709 1972
950536 2046
960645 1950
980525 2080
990570 2074
1000509 1920
1010602 1906
1020626 2030
1030585 1975
1040554 1953
1050522 2094
1060605 2086
1070548 1927
1080583 1900
1090506 1997
1100564 1969
1110625 1966
1120660 2021
1130553 1934
1140591 1919
1150601 2096
1160653 1965
1170649 2051
1180512 2079
1190622 1945
1200621 1943
1210626 2021
1220564 1920
1230601 1977
1240605 2089
1250534 1945
1260509 1900
1270663 2061
1280724 2013
1290538 1907
1300664 2023
1310602 1905
1320664 2075
1330633 1953
1340552 1967
1350535 1970
1360661 1947
1370536 2000
1380625 1902
1390566 2090
1400673 1939
1410644 2096
1420557 1945
1430530 2028
1440506 1918
1450509 2070
1460533 1991
1470509 2025
1480628 2035
1490597 1947
1500627 2073
1510618 2059
1520525 2073
1530608 2053
1540603 1975
1550516 1950
1560604 1943
1570670 2014
1580548 1909
1590644 2075
1600673 2010
1610631 2010
1620651 2061
1630615 1959
1640548 1945
1660503 1958
1680648 1939
1690598 1933
1700516 2013
1710651 1973
1720619 2059
1730519 2096
1740667 1903
1750636 2084
1760596 2070
1770586 1916
1780571 1962
