86220 3721
91317 3888
96661 3749
101100 3707
106280 3873
110933 3726
116040 3732
121157 3834
125943 3861
131540 3787
136311 3773
140930 3733
145856 3821
150868 3774
156306 3833
160802 3881
165912 3761
171011 3869
175840 3745
181378 3859
185738 3740
191121 3748
196004 3740
200638 3790
205987 3884
210991 3714
215840 3839
220833 3780
225932 3791
231040 3856
236186 3700
241393 3875
246278 3889
250941 3890
256176 3850
261177 3859
265919 3813
270872 3899
275881 3774
281016 3840
291121 3787
295947 3828
300811 3701
305779 3710
310721 3760
315975 3809
326426 3857
330848 3812
335711 3762
340682 3784
345911 3731
351361 3800
355853 3722
361375 3791
370872 3798
376087 3707
380729 3858
386185 3753
390835 3710
395949 3854
400865 3737
406252 3801
411162 3725
415842 3759
420749 3765
425730 3876
431106 3817
436119 3776
440806 3777
445694 3845
451153 3823
456268 3881
461420 3811
465718 3824
475834 3831
481016 3742
486075 3855
491021 3730
495901 3728
505713 3762
511109 3834
515926 3839
521323 3704
525653 3767
530628 3890
536058 3719
540717 3856
545979 3761
551229 3720
555732 3767
560804 3792
565715 3755
570846 3723
575753 3758
581103 3747
585798 3782
590534 3855
595807 3785
600874 3785
605857 3897
610939 3800
616306 3755
620724 3735
626119 3719
631029 3872
635999 3706
640996 3893
656105 3848
660866 3841
666209 3702
670784 3788
675956 3884
680826 3710
685795 3877
691048 3785
695891 3778
701036 3779
706045 3744
716021 3865
720760 3723
725892 3832
731218 3728
735811 3852
740731 3738
745847 3777
750981 3843
756312 3778
761088 3702
765803 3829
770824 3846
775827 3712
780635 3722
785748 3729
790653 3890
796018 3761
800828 3814
805772 3812
811025 3786
815776 3724
821005 3850
826041 3856
830961 3870
835715 3851
841172 3872
846189 3832
851053 3888
856002 3846
870812 3779
876022 3833
881119 3811
885715 3817
890961 3855
895843 3826
900988 3891
906195 3739
911050 3728
915879 3814
920814 3899
926063 3875
930764 3852
935744 3714
940965 3839
950736 3701
955825 3710
960812 3770
965975 3710
975811 3867
980911 3888
986080 3826
990956 3899
995978 3871
1000652 3784
1006196 3774
1015915 3725
1020861 3825
1025842 3796
1030831 3839
1035872 3707
1046007 3797
1050826 3871
1055971 3862
1060958 3832
1065663 3751
1070821 3839
1075960 3848
1085970 3833
1090939 3852
1096002 3706
1100687 3883
1105772 3818
1110742 3740
1115752 3860
1120834 3703
1125712 3822
1130721 3828
1135795 3868
1146158 3779
1150991 3735
1156118 3716
1161000 3773
1165930 3846
1171000 3766
1175974 3837
1181112 3799
1195813 3845
1200809 3877
1205955 3710
1210905 3720
1215869 3709
1220744 3785
1225970 3853
1230852 3701
1235773 3820
1241010 3708
1245852 3801
1250890 3856
1255918 3742
1261087 3711
1266062 3704
1270770 3874
1275747 3852
1285790 3759
1290884 3830
1295779 3857
1300704 3800
1305724 3836
1311160 3793
1320776 3861
1325885 3865
1331170 3885
1335698 3824
1340750 3830
1345905 3715
1350899 3710
1355705 3708
1360850 3780
1366042 3760
1370718 3895
1375907 3890
1380740 3705
1385534 3776
1390709 3779
1395689 3732
1400944 3885
1405930 3764
1411128 3723
1415933 3736
1421143 3702
1426003 3788
1431180 3888
1435827 3845
1440676 3870
1445599 3768
1451098 3786
1460920 3770
1466071 3826
1470819 3742
1475919 3752
1480996 3784
1485737 3739
1490837 3840
1496053 3722
1500742 3778
1505844 3727
1510684 3855
1520788 3827
1526008 3736
1530931 3711
1535795 3752
1540754 3753
1545850 3727
1550829 3728
1555837 3817
1561115 3874
1565757 3722
1571156 3856
1575777 3870
1580798 3899
1585984 3883
1590735 3878
1596067 3846
1600912 3894
1605843 3742
1610764 3853
1615858 3757
1621060 3702
1625910 3767
1631136 3746
1635800 3807
1640931 3817
1646065 3800
1650734 3869
1655885 3826
1661132 3892
1666157 3761
1670932 3849
1675888 3886
1680745 3750
1685981 3880
1691002 3858
1696019 3789
1700960 3781
1705839 3706
1710888 3877
1716037 3862
1720798 3702
1726032 3895
1731017 3826
1735708 3885
1740896 3830
1745772 3775
1751067 3807
1755693 3784
1765953 3899
1770931 3852
1775744 3813
1780804 3808
1786079 3725
1790886 3817
1795810 3800
