82505 68, 5085
84528 69, 5053
86550 72, 5010
90525 79, 5052
92505 76, 5040
94592 71, 5052
96648 71, 5103
98527 62, 5129
100528 74, 5149
102530 77, 5021
104567 77, 5010
106552 74, 5182
108512 66, 5005
110583 76, 5013
112512 60, 5102
114558 75, 5086
116533 74, 5056
120686 67, 5122
122518 68, 5059
124531 74, 5160
126579 79, 5005
128577 75, 5110
130531 60, 5017
132586 70, 5193
134564 69, 5055
138536 76, 5108
140599 60, 5017
144547 79, 5098
146528 64, 5086
148537 61, 5033
150578 77, 5004
152542 68, 5142
154632 65, 5023
156502 66, 5030
160570 61, 5040
162605 60, 5076
164560 73, 5053
166564 65, 5012
168530 72, 5001
170527 76, 5090
172586 63, 5172
174522 74, 5037
176560 78, 5084
178685 66, 5071
180570 74, 5063
182528 73, 5006
184625 72, 5007
186564 74, 5164
188522 71, 5031
190506 76, 5186
192542 74, 5139
194555 74, 5149
196604 77, 5185
198536 68, 5083
200522 76, 5187
202540 79, 5189
204578 61, 5176
206539 67, 5089
208587 66, 5195
210654 73, 5003
212658 70, 5018
214533 77, 5184
216564 68, 5003
218539 77, 5116
220617 74, 5051
222539 72, 5061
224639 65, 5179
226550 67, 5034
228560 72, 5192
230637 70, 5117
232692 62, 5105
234570 63, 5044
236548 78, 5126
238649 66, 5144
240509 71, 5168
242518 71, 5136
244515 65, 5099
246634 60, 5155
248644 62, 5142
250586 68, 5151
252570 74, 5192
254698 73, 5172
256628 65, 5160
258505 62, 5197
260548 75, 5173
262592 74, 5074
264539 75, 5145
266550 74, 5026
268587 68, 5173
270670 67, 5099
272505 63, 5109
274533 76, 5029
276593 68, 5022
278686 68, 5134
280644 64, 5026
282587 64, 5037
284603 70, 5190
286522 70, 5004
288542 77, 5063
290628 72, 5135
292528 67, 5144
294581 78, 5198
296538 77, 5100
298528 64, 5146
300626 61, 5006
302515 71, 5027
304641 74, 5016
306533 79, 5103
308530 67, 5133
312539 79, 5039
314547 66, 5199
316606 75, 5153
318576 71, 5134
320558 69, 5155
322525 71, 5176
324528 63, 5010
326650 63, 5100
328539 70, 5012
332542 71, 5125
334617 68, 5062
336563 77, 5184
340506 68, 5139
342640 66, 5004
344625 71, 5005
346525 70, 5017
348621 76, 5092
350514 62, 5104
352617 79, 5183
354515 79, 5132
356624 79, 5051
358555 64, 5061
360525 68, 5081
362527 63, 5007
364557 65, 5011
366543 65, 5007
368505 78, 5192
370618 67, 5067
372515 63, 5011
376547 79, 5172
378522 64, 5049
380538 72, 5040
382611 66, 5140
384577 64, 5096
386564 65, 5146
388588 69, 5049
390519 77, 5048
392631 68, 5135
394656 72, 5029
396573 74, 5158
398678 77, 5014
400569 79, 5055
402612 61, 5042
404528 66, 5124
406539 69, 5175
408528 63, 5159
412602 67, 5017
414550 65, 5048
416535 64, 5100
418544 79, 5134
420727 67, 5099
422533 73, 5035
424559 74, 5116
426641 77, 5137
428635 61, 5068
432634 61, 5083
434536 66, 5130
436607 74, 5173
438533 61, 5157
442550 76, 5194
444560 75, 5164
446621 77, 5048
448531 68, 5049
450519 66, 5066
452536 63, 5172
454701 67, 5198
456536 60, 5123
458539 72, 5001
460548 60, 5139
462605 68, 5000
464544 66, 5047
466515 71, 5141
468663 78, 5114
470519 76, 5185
472522 64, 5082
474613 69, 5134
476621 65, 5097
480574 60, 5003
482528 68, 5102
484559 76, 5133
486553 76, 5047
488525 66, 5165
490666 61, 5074
492564 63, 5049
494561 74, 5067
496523 63, 5059
500513 76, 5047
502676 67, 5066
504567 61, 5077
506505 68, 5058
508547 65, 5038
510601 60, 5060
512597 71, 5170
514502 74, 5053
516547 75, 5177
518522 72, 5049
520597 76, 5183
522547 77, 5072
524551 60, 5187
526606 76, 5143
528577 79, 5061
530564 73, 5195
532650 71, 5111
534556 74, 5070
536599 77, 5190
538559 66, 5163
540545 67, 5105
542601 78, 5034
544581 74, 5175
546518 78, 5038
548641 75, 5090
550519 75, 5002
552615 73, 5094
554524 61, 5053
556536 72, 5065
558518 69, 5171
560609 64, 5183
562579 70, 5168
566525 73, 5015
568640 65, 5124
570584 65, 5096
572612 60, 5005
574722 66, 5092
576627 64, 5063
578550 62, 5116
580547 66, 5070
584628 69, 5038
586676 68, 5053
588518 69, 5155
590580 68, 5079
592621 74, 5146
594530 67, 5081
596505 63, 5040
598518 70, 5042
600519 69, 5007
602515 79, 5084
604571 75, 5144
606548 79, 5063
608531 67, 5104
612561 77, 5046
616541 60, 5168
618505 69, 5030
620570 66, 5043
622697 72, 5146
626611 76, 5098
628556 68, 5170
630577 73, 5081
632584 78, 5150
634502 60, 5018
636536 76, 5078
638522 70, 5088
640512 67, 5017
642594 64, 5153
644522 64, 5055
648559 62, 5093
650506 73, 5130
652530 70, 5138
654651 76, 5064
656590 62, 5050
658533 77, 5122
660705 66, 5165
662563 63, 5099
664525 68, 5021
666509 65, 5050
670550 65, 5058
672525 74, 5058
674530 68, 5062
676569 76, 5156
678522 74, 5086
680516 71, 5194
682512 75, 5052
684583 70, 5051
686545 71, 5148
688576 60, 5133
690574 74, 5195
692505 66, 5023
696589 67, 5177
698509 73, 5053
700582 67, 5100
702567 72, 5044
704556 70, 5006
706582 74, 5169
708669 64, 5187
710535 70, 5107
712644 63, 5173
714505 67, 5199
716550 60, 5018
718561 76, 5119
720620 60, 5070
722609 78, 5128
724551 79, 5135
726613 67, 5054
728570 70, 5035
730667 62, 5160
732548 62, 5140
734555 77, 5080
736524 65, 5035
738584 79, 5147
740529 74, 5056
742548 68, 5098
744522 73, 5130
746584 76, 5063
748602 78, 5152
750664 73, 5169
754579 71, 5158
756574 77, 5031
758635 61, 5017
760509 65, 5107
762631 75, 5154
764525 65, 5027
766582 77, 5115
768528 65, 5117
770586 63, 5056
772563 64, 5013
776531 68, 5187
778560 66, 5114
780596 75, 5197
782512 65, 5136
784550 67, 5137
786536 63, 5105
788666 62, 5161
790586 66, 5003
792533 70, 5115
794539 64, 5064
796592 61, 5096
798533 72, 5044
800682 66, 5095
802512 68, 5074
804631 63, 5193
806533 70, 5168
808660 78, 5047
810522 72, 5097
812686 61, 5046
814629 77, 5035
816635 63, 5163
818567 78, 5128
820725 69, 5115
822505 73, 5003
824583 60, 5035
828667 79, 5005
830586 64, 5048
832536 60, 5022
834683 79, 5110
836618 64, 5096
838522 79, 5076
840621 77, 5089
842528 70, 5150
844644 79, 5038
846732 79, 5162
848576 62, 5000
850658 76, 5081
852603 60, 5106
854571 61, 5122
856515 76, 5185
858548 78, 5089
860526 76, 5007
862544 74, 5102
864540 61, 5129
866514 75, 5012
868603 70, 5149
870676 66, 5158
872575 70, 5005
874659 60, 5194
876591 75, 5128
878559 70, 5065
880509 69, 5082
882602 69, 5000
884654 66, 5003
886533 61, 5002
890560 74, 5088
892539 65, 5161
894666 61, 5083
896685 77, 5085
898530 67, 5147
900609 73, 5141
902645 70, 5000
904606 61, 5070
906547 78, 5194
908533 62, 5083
910599 63, 5028
912536 60, 5125
914647 63, 5015
916596 60, 5116
918581 76, 5016
920654 75, 5181
922644 65, 5145
924539 63, 5180
926565 78, 5054
928522 69, 5198
930598 66, 5116
932544 67, 5100
934635 70, 5050
936533 67, 5174
938533 78, 5043
940642 68, 5076
942580 73, 5137
944512 74, 5140
946544 79, 5078
948533 75, 5186
950551 76, 5035
952509 78, 5095
954512 65, 5084
956638 75, 5072
958611 75, 5040
960625 60, 5080
962580 72, 5103
964553 62, 5176
966572 72, 5012
968509 66, 5101
970506 61, 5023
972650 62, 5069
974522 67, 5115
976603 69, 5030
978668 64, 5196
982640 75, 5127
984562 66, 5105
986644 63, 5132
988644 77, 5056
990525 78, 5049
992531 74, 5154
994539 79, 5079
996572 61, 5124
998561 67, 5077
1000535 65, 5056
1002536 62, 5041
1004596 71, 5028
1006587 76, 5178
1008553 65, 5087
1010516 64, 5159
1012632 64, 5031
1014624 70, 5021
1016539 68, 5083
1018655 61, 5154
1020619 79, 5134
1024522 61, 5116
1026536 70, 5056
1028502 72, 5076
1030595 75, 5104
1032637 76, 5075
1034512 68, 5009
1036548 72, 5127
1038638 79, 5141
1040618 74, 5105
1042541 68, 5017
1044576 63, 5122
1046545 69, 5086
1048657 68, 5190
1052566 67, 5004
1054567 67, 5118
1056527 64, 5014
1058612 66, 5122
1060638 78, 5188
1062601 72, 5122
1064618 61, 5184
1066533 78, 5184
1068564 75, 5110
1072578 75, 5140
1074601 74, 5060
1076530 75, 5093
1078546 61, 5056
1080579 69, 5031
1082538 70, 5077
1084533 67, 5008
1086648 68, 5144
1088542 65, 5017
1090629 63, 5107
1092696 77, 5052
1094564 61, 5083
1096549 62, 5009
1098558 62, 5188
1100629 64, 5172
1104630 69, 5081
1106623 76, 5147
1108601 77, 5198
1112576 68, 5032
1114565 74, 5143
1116536 64, 5092
1118509 64, 5188
1120515 72, 5102
1122580 68, 5033
1124518 72, 5125
1126539 79, 5116
1128564 78, 5042
1130563 60, 5114
1132509 71, 5027
1134562 68, 5027
1136584 61, 5114
1138581 74, 5106
1140588 67, 5022
1142664 69, 5030
1144576 75, 5058
1146583 70, 5051
1150528 62, 5104
1152505 61, 5140
1154592 70, 5109
1156541 69, 5060
1158528 68, 5101
1160552 71, 5061
1162518 71, 5088
1164536 68, 5084
1166657 68, 5023
1168623 60, 5093
1170503 71, 5141
1172559 63, 5082
1174650 67, 5002
1176547 73, 5068
1178536 62, 5082
1180660 65, 5065
1182581 71, 5042
1184557 74, 5174
1186573 65, 5090
1188548 71, 5042
1190583 68, 5090
1192647 79, 5051
1194609 69, 5123
1196536 70, 5033
1198564 78, 5165
1200627 74, 5126
1202505 70, 5183
1204540 73, 5051
1206628 78, 5054
1208595 78, 5014
1210852 60, 5019
1212567 63, 5111
1214624 78, 5168
1218646 74, 5179
1220695 76, 5182
1222641 64, 5081
1224522 73, 5163
1228672 73, 5132
1230519 73, 5132
1232654 78, 5153
1234550 69, 5192
1236505 69, 5198
1238585 62, 5114
1240673 73, 5043
1242533 76, 5124
1244539 74, 5059
1246647 68, 5068
1250666 79, 5199
1252528 79, 5094
1254536 75, 5001
1256583 78, 5020
1258620 64, 5183
1260680 71, 5101
1262625 78, 5199
1264505 64, 5110
1266512 66, 5023
1268531 75, 5148
1270522 65, 5148
1272533 71, 5007
1274509 78, 5030
1276528 65, 5145
1280625 60, 5133
1282636 68, 5064
1284573 76, 5110
1286588 61, 5163
1288541 73, 5114
1290660 65, 5065
1292539 69, 5189
1294505 72, 5174
1296522 70, 5050
1298596 60, 5095
1300512 72, 5162
1302671 71, 5129
1304521 76, 5006
1306555 68, 5055
1308580 71, 5083
1310615 73, 5100
1312522 61, 5072
1314612 69, 5079
1316651 76, 5068
1318527 63, 5085
1320607 72, 5118
1322663 64, 5196
1324547 73, 5142
1326633 69, 5074
1328533 70, 5069
1330525 66, 5021
1332605 62, 5080
1334729 74, 5132
1336530 69, 5019
1338692 74, 5057
1340650 77, 5143
1342567 73, 5066
1344613 79, 5025
1348715 63, 5037
1350635 77, 5098
1352561 73, 5090
1354567 79, 5003
1356525 76, 5056
1358518 69, 5047
1360621 60, 5163
1362670 66, 5045
1364531 69, 5139
1366593 69, 5135
1368547 79, 5164
1372515 73, 5064
1374530 75, 5140
1376583 63, 5052
1378583 78, 5180
1380588 76, 5152
1382533 79, 5061
1384539 69, 5148
1386512 73, 5141
1388593 74, 5147
1390667 74, 5039
1392554 72, 5055
1394595 60, 5126
1396566 63, 5158
1398515 70, 5025
1402542 70, 5077
1404578 74, 5186
1406670 66, 5054
1410589 77, 5036
1412683 63, 5189
1414531 61, 5149
1416542 61, 5105
1418542 67, 5039
1420547 79, 5125
1422561 64, 5020
1424540 78, 5012
1426730 74, 5076
1428525 79, 5130
1430567 64, 5060
1432631 78, 5192
1434540 78, 5181
1436625 63, 5026
1440622 73, 5091
1442558 77, 5083
1444573 72, 5102
1446571 79, 5101
1448536 65, 5047
1450607 75, 5196
1452525 73, 5120
1454539 60, 5118
1456528 71, 5117
1458647 61, 5056
1460625 61, 5071
1462672 79, 5069
1464509 76, 5065
1466502 77, 5098
1468581 68, 5062
1470554 76, 5056
1472611 76, 5164
1474536 69, 5190
1476518 77, 5060
1478589 79, 5097
1480635 64, 5116
1482592 64, 5068
1484530 66, 5166
1486586 70, 5057
1488599 73, 5161
1490509 70, 5101
1492545 61, 5073
1494528 74, 5170
1496518 69, 5083
1498589 60, 5000
1502618 63, 5139
1504582 65, 5038
1506556 72, 5118
1508612 63, 5156
1512505 61, 5100
1514588 68, 5181
1516656 76, 5188
1518659 68, 5166
1520520 72, 5135
1522593 69, 5107
1524579 77, 5171
1526536 74, 5064
1530512 71, 5040
1532638 78, 5173
1534544 62, 5109
1536587 64, 5101
1538564 65, 5041
1540544 61, 5156
1542528 60, 5168
1544541 72, 5076
1546528 68, 5140
1548593 67, 5017
1550513 67, 5031
1552539 62, 5040
1554530 73, 5089
1556515 61, 5186
1560557 75, 5159
1562522 79, 5071
1564505 71, 5137
1566502 67, 5029
1568634 65, 5136
1570621 73, 5057
1572539 78, 5053
1574602 66, 5191
1576581 62, 5177
1578533 61, 5161
1580615 67, 5027
1582597 70, 5009
1584509 67, 5160
1586525 75, 5193
1588613 67, 5004
1590592 70, 5042
1592533 63, 5126
1594512 75, 5120
1596561 76, 5189
1598533 79, 5170
1600689 66, 5061
1602678 67, 5153
1604528 70, 5118
1606635 75, 5093
1608533 70, 5173
1610682 74, 5129
1612559 66, 5162
1614653 67, 5142
1616667 75, 5144
1618586 76, 5077
1620670 75, 5075
1622536 66, 5173
1624612 72, 5084
1626556 64, 5002
1628592 72, 5047
1630728 75, 5157
1632505 64, 5053
1636530 65, 5111
1638502 61, 5103
1640506 71, 5147
1642562 60, 5031
1644581 77, 5181
1646539 75, 5169
1648572 67, 5000
1650661 77, 5062
1652553 72, 5168
1654584 64, 5093
1656536 72, 5077
1658650 73, 5092
1660621 67, 5162
1662587 73, 5069
1664550 72, 5166
1666577 71, 5179
1668564 77, 5118
1670622 78, 5152
1672502 70, 5050
1674637 67, 5120
1676547 70, 5098
1678576 68, 5076
1680731 65, 5057
1682644 77, 5053
1684516 69, 5141
1686687 78, 5154
1688589 71, 5047
1692599 72, 5082
1694656 75, 5139
1698631 62, 5070
1700541 67, 5189
1702602 76, 5032
1704536 72, 5014
1706577 70, 5180
1708622 76, 5116
1710525 74, 5196
1712525 65, 5018
1714502 72, 5161
1716637 61, 5096
1718595 77, 5151
1720606 65, 5003
1722518 74, 5056
1724762 68, 5131
1726505 74, 5194
1728530 60, 5177
1732569 61, 5167
1734657 67, 5090
1736534 68, 5025
1738530 73, 5051
1740509 60, 5010
1742564 76, 5064
1744539 74, 5020
1746547 76, 5069
1748525 64, 5007
1750610 60, 5178
1752525 70, 5112
1754660 68, 5056
1756537 73, 5100
1758512 78, 5005
1760537 63, 5071
1762594 64, 5044
1764564 67, 5002
1766605 66, 5121
1768617 67, 5087
1770589 72, 5021
1772502 75, 5004
1774522 60, 5151
1776530 79, 5146
1778676 71, 5014
1780564 79, 5120
1782632 79, 5148
1784505 70, 5124
1786531 66, 5089
1788550 66, 5126
1792627 67, 5098
1794534 60, 5193
1796592 65, 5171
1798539 70, 5161
