85601 3848
95715 3824
105651 3745
115676 3843
125631 3833
130668 3779
135764 3816
140561 3776
145679 3817
150550 3738
155715 3722
160670 3860
165647 3781
170638 3821
175663 3723
180581 3763
185631 3813
190570 3852
195657 3799
200687 3738
205607 3818
210622 3709
215583 3874
220811 3729
225713 3732
235672 3866
245648 3833
250738 3876
260590 3722
265701 3881
270611 3879
275557 3718
280676 3805
285599 3706
295725 3898
300712 3795
305645 3723
310588 3820
315646 3733
320667 3876
325677 3884
335746 3858
340661 3778
345825 3765
355692 3772
360601 3872
365724 3729
370753 3846
375635 3773
380586 3762
385818 3714
390732 3861
395622 3887
400651 3810
410757 3798
415628 3868
420663 3712
425640 3871
430585 3875
435666 3831
440711 3864
445634 3863
450722 3882
455720 3866
460700 3779
465714 3767
470712 3762
475648 3895
480617 3884
485684 3866
490718 3751
495705 3762
500776 3788
505702 3710
510624 3732
515639 3721
520725 3745
525617 3769
535688 3797
540684 3860
545646 3713
550623 3865
555585 3881
565692 3825
570671 3740
575660 3764
580715 3890
585633 3733
590683 3879
600644 3723
605647 3813
610637 3787
615550 3706
620744 3831
625567 3738
630623 3893
635671 3775
640691 3783
645592 3853
650687 3842
655602 3750
660716 3895
665661 3855
670632 3874
675547 3800
680744 3807
685673 3815
690655 3741
695649 3859
705712 3831
710619 3863
715675 3824
725688 3854
735672 3859
740637 3732
745691 3785
750789 3853
755655 3802
760622 3737
765585 3878
770727 3877
775653 3732
780713 3858
785643 3844
790642 3780
795554 3758
800719 3825
805573 3743
810607 3821
815718 3863
820651 3744
825725 3848
830719 3734
835650 3708
840644 3733
845834 3730
850740 3725
860568 3775
865630 3781
870627 3850
875543 3889
880614 3868
885728 3854
890599 3836
900647 3896
905647 3895
910566 3821
915703 3886
920722 3839
925719 3718
930641 3870
935699 3755
945616 3779
950667 3808
955761 3803
965658 3859
970655 3861
975656 3732
980751 3899
985637 3883
990528 3874
995734 3844
1005570 3722
1010769 3740
1015625 3810
1020716 3811
1025676 3789
1030615 3820
1035563 3806
1040700 3777
1045618 3735
1050667 3846
1055687 3768
1060699 3894
1065623 3879
1070657 3869
1075655 3844
1080665 3748
1085643 3740
1090607 3700
1095669 3737
1100760 3849
1105641 3839
1110580 3779
1115571 3861
1120699 3856
1125646 3744
1130673 3776
1135629 3855
1140614 3800
1145740 3894
1150685 3721
1155572 3796
1160744 3747
1165709 3821
1170582 3837
1175671 3756
1180690 3839
1185559 3824
1190598 3880
1195567 3711
1200746 3865
1205654 3899
1210709 3805
1215592 3733
1225626 3766
1230656 3881
1235550 3865
1240676 3732
1245705 3864
1250686 3700
1255712 3880
1260673 3711
1265641 3708
1275629 3784
1280611 3796
1285654 3790
1290715 3765
1295656 3799
1300825 3814
1305738 3852
1310662 3702
1315751 3703
1325693 3782
1330697 3730
1335666 3718
1340611 3806
1345707 3883
1355642 3778
1360603 3861
1365705 3804
1370628 3704
1375686 3835
1380670 3824
1385634 3826
1395573 3837
1400726 3824
1405710 3758
1410576 3733
1415600 3851
1420641 3852
1425753 3815
1430603 3765
1435710 3791
1440715 3758
1445710 3733
1450614 3877
1455663 3710
1460683 3814
1465757 3766
1470538 3835
1475672 3701
1480557 3745
1485630 3859
1495744 3837
1500649 3797
1505649 3836
1510605 3790
1520714 3887
1525659 3853
1530757 3775
1535697 3784
1540579 3881
1545592 3756
1550637 3742
1555684 3852
1560736 3820
1565680 3751
1570716 3793
1575554 3746
1580527 3808
1585605 3711
1590774 3752
1595668 3779
1600634 3836
1605667 3799
1610635 3882
1615658 3726
1620659 3849
1625668 3866
1630734 3784
1635699 3859
1640686 3751
1645713 3818
1650746 3728
1655733 3715
1660528 3703
1665596 3776
1675702 3764
1680640 3855
1685687 3878
1690651 3787
1700600 3737
1705547 3891
1710642 3786
1715694 3781
1720738 3811
1725570 3708
1730555 3716
1735638 3780
1740538 3850
1745704 3895
1755733 3715
1760607 3795
1765609 3762
1770667 3825
1775639 3839
1780706 3702
1785696 3825
1790770 3738
1795726 3701
