110933 4407
140930 4315
171011 4370
200638 4486
231040 4468
261177 4323
291121 4302
351361 4366
380729 4451
411162 4457
440806 4402
530628 4412
560804 4305
590534 4306
620724 4306
680826 4448
740731 4347
770824 4319
800828 4402
830961 4356
890961 4383
920814 4476
950736 4443
980911 4319
1070821 4431
1100687 4474
1130721 4386
1161000 4333
1220744 4476
1250890 4483
1311160 4360
1340750 4401
1370718 4472
1400944 4441
1431180 4471
1460920 4364
1490837 4462
1520788 4368
1550829 4302
1580798 4309
1610764 4477
1640931 4452
1670932 4317
1700960 4375
1731017 4374
1790886 4348
