84608 71, 5192
86590 65, 5111
88505 62, 5157
90503 79, 5086
92522 79, 5118
94530 62, 5139
98577 63, 5015
100522 61, 5044
102527 61, 5099
104570 64, 5131
106530 68, 5127
108573 69, 5060
110692 76, 5056
112522 75, 5038
114586 77, 5065
116525 68, 5028
118506 65, 5141
120512 64, 5073
122635 64, 5053
124592 65, 5147
126573 64, 5056
128647 62, 5047
130503 63, 5117
132546 70, 5119
134509 66, 5009
136502 75, 5151
138525 70, 5199
140529 72, 5119
142505 76, 5197
144648 79, 5040
146512 79, 5141
148518 68, 5107
150525 76, 5146
152622 72, 5139
154615 71, 5069
156541 70, 5067
158530 72, 5186
160519 76, 5126
162512 67, 5105
164534 73, 5133
166505 61, 5050
168574 65, 5177
172533 77, 5059
174593 73, 5188
176557 69, 5170
178505 68, 5190
180522 66, 5131
184546 77, 5195
186588 73, 5137
188505 77, 5073
190525 70, 5037
194586 77, 5168
196657 67, 5001
198530 60, 5058
202525 76, 5020
204570 78, 5173
206502 79, 5153
208525 70, 5106
210550 61, 5009
212539 64, 5008
214622 66, 5172
216542 77, 5126
220515 69, 5016
222606 64, 5141
226573 79, 5121
228527 60, 5038
232630 61, 5032
234534 66, 5067
236592 74, 5168
238588 61, 5142
240547 75, 5189
242522 62, 5105
244525 61, 5111
246527 72, 5014
248530 76, 5124
250522 68, 5003
252522 66, 5053
254596 69, 5168
256502 63, 5184
258572 67, 5154
260622 66, 5149
262509 60, 5170
264502 71, 5145
266533 65, 5150
270519 71, 5194
272530 75, 5121
274542 72, 5183
276544 75, 5136
278502 62, 5003
280506 69, 5170
282695 74, 5050
284539 77, 5013
286643 64, 5122
288640 73, 5193
290503 66, 5135
292505 78, 5194
294523 68, 5024
296554 78, 5165
298683 67, 5095
300512 70, 5069
304622 74, 5145
306522 67, 5016
308609 79, 5106
310509 74, 5187
312589 61, 5152
314544 62, 5182
316515 69, 5053
318512 77, 5121
320503 79, 5037
322570 65, 5183
324590 67, 5040
326556 65, 5003
328579 66, 5028
330509 75, 5092
332509 67, 5034
334502 78, 5182
338539 62, 5103
340522 61, 5080
342509 67, 5184
344631 66, 5116
346602 65, 5091
348550 71, 5094
350522 79, 5087
352622 64, 5156
354525 67, 5130
356530 71, 5053
358502 68, 5173
360515 72, 5083
362610 63, 5114
364515 62, 5177
366658 67, 5166
368525 76, 5029
370503 70, 5028
374518 64, 5113
376601 62, 5120
378525 63, 5035
380599 66, 5067
382505 72, 5169
384705 79, 5113
386644 68, 5046
388676 73, 5130
390614 69, 5018
392652 74, 5088
394669 66, 5068
396611 74, 5106
398525 61, 5159
400525 62, 5097
402585 60, 5148
404550 72, 5144
406512 79, 5161
408578 76, 5041
412542 79, 5018
414631 71, 5198
416561 68, 5185
418518 73, 5003
420617 63, 5195
422536 78, 5183
424502 76, 5082
426558 68, 5000
428505 70, 5000
430512 68, 5053
432512 74, 5187
434525 71, 5012
436502 65, 5036
438530 76, 5104
440579 70, 5002
442530 60, 5193
444505 63, 5194
448584 72, 5002
450506 72, 5007
452539 61, 5013
454539 75, 5049
456579 72, 5016
458564 69, 5045
460610 79, 5119
462570 67, 5157
464530 74, 5147
466570 74, 5131
468525 73, 5001
470509 75, 5144
472595 68, 5100
474512 60, 5109
476525 71, 5104
480695 74, 5083
484641 78, 5164
486619 65, 5198
488525 72, 5117
490541 72, 5029
492527 75, 5126
494502 71, 5153
498505 64, 5010
500593 70, 5179
502502 63, 5190
504567 79, 5053
506567 65, 5056
508605 65, 5037
510503 71, 5161
512550 73, 5004
514570 76, 5166
516628 75, 5007
518522 61, 5087
520544 72, 5164
522502 76, 5149
524528 74, 5054
526522 72, 5181
528667 64, 5158
534502 63, 5127
536502 64, 5102
538544 74, 5152
540519 61, 5137
542502 70, 5022
544522 71, 5033
546536 69, 5170
548522 66, 5083
550503 65, 5060
552505 60, 5123
554658 73, 5016
556505 68, 5007
558505 64, 5037
560654 67, 5189
562530 72, 5096
564576 70, 5106
566502 77, 5189
568634 76, 5125
570512 69, 5075
572547 62, 5173
574545 79, 5132
576612 74, 5127
578518 75, 5131
580506 66, 5096
582525 65, 5033
584584 73, 5153
586612 67, 5071
588502 76, 5061
592570 67, 5131
594530 76, 5132
596650 74, 5144
598502 68, 5188
600506 77, 5162
602525 61, 5116
604583 75, 5146
606530 74, 5130
610509 70, 5129
612669 79, 5193
614502 79, 5143
616505 73, 5116
618502 75, 5163
622509 60, 5066
624502 79, 5100
626530 77, 5060
628552 62, 5083
630522 73, 5181
632530 66, 5032
634550 79, 5124
636547 71, 5160
638505 74, 5161
640512 79, 5133
642650 77, 5164
644547 70, 5018
646502 67, 5098
648505 73, 5039
650564 79, 5150
652579 69, 5162
654505 73, 5185
656505 64, 5181
658612 69, 5018
660509 61, 5098
662509 79, 5091
664502 64, 5161
666522 76, 5105
668515 62, 5092
670503 74, 5043
672530 63, 5064
674522 60, 5117
676547 70, 5094
678502 62, 5018
682641 67, 5096
684612 78, 5146
686533 61, 5079
688586 64, 5036
690525 73, 5149
692522 63, 5127
694544 79, 5174
696509 60, 5038
698505 67, 5028
700503 68, 5037
702525 66, 5194
704502 60, 5085
706530 62, 5154
708575 76, 5102
710513 68, 5096
714638 65, 5055
716527 71, 5155
718619 71, 5139
720525 71, 5131
722554 66, 5049
724593 75, 5051
726530 60, 5039
728651 77, 5071
730525 65, 5192
732628 70, 5083
734502 67, 5169
736717 62, 5023
738715 72, 5076
740551 76, 5088
742603 79, 5135
744583 61, 5004
746502 66, 5142
748525 67, 5121
750525 78, 5194
752525 74, 5162
754701 68, 5089
756634 71, 5092
758502 78, 5163
760503 70, 5147
762502 74, 5050
764525 73, 5122
766609 71, 5048
768522 77, 5172
770606 75, 5064
772512 76, 5090
776525 72, 5105
778522 77, 5188
780515 63, 5053
782577 78, 5014
784553 73, 5040
786564 71, 5168
788683 63, 5167
790674 76, 5179
792522 67, 5067
794558 71, 5009
796615 63, 5192
798525 78, 5026
800705 75, 5067
802525 60, 5039
804528 67, 5104
806522 75, 5104
808505 62, 5100
810519 75, 5032
812509 77, 5084
814527 61, 5148
816505 68, 5154
818538 78, 5066
820506 69, 5006
822538 60, 5104
824530 61, 5056
826525 61, 5011
828512 71, 5033
830612 61, 5032
832505 77, 5062
834544 64, 5108
836579 78, 5002
838561 61, 5121
840503 68, 5006
842560 77, 5148
844530 78, 5010
846530 71, 5078
848558 74, 5020
850623 78, 5094
852505 71, 5090
854518 69, 5050
856502 73, 5057
858588 76, 5180
860573 76, 5078
862522 72, 5098
864522 65, 5076
866595 72, 5063
868525 60, 5114
870525 65, 5037
872502 70, 5187
874530 64, 5143
876502 63, 5039
878528 72, 5054
880541 62, 5103
882502 77, 5036
884505 69, 5053
886509 79, 5031
888595 61, 5070
892525 69, 5033
894606 61, 5146
896522 62, 5010
898502 76, 5175
900541 71, 5103
902610 77, 5040
904575 74, 5123
910531 61, 5115
912593 66, 5070
914527 76, 5108
916615 64, 5110
918635 60, 5105
922509 63, 5086
924519 74, 5121
926530 68, 5155
928515 60, 5185
930503 75, 5117
932599 72, 5154
934522 75, 5172
936547 61, 5101
938530 77, 5132
940592 68, 5188
942539 71, 5117
944502 69, 5015
946509 61, 5026
948599 78, 5133
952505 78, 5124
954531 65, 5123
956542 74, 5187
958544 72, 5083
960519 75, 5155
962531 65, 5031
964584 76, 5086
966530 75, 5127
968505 78, 5152
970522 68, 5007
972502 76, 5192
974578 60, 5033
976525 71, 5112
978515 78, 5147
982530 66, 5081
984544 78, 5162
986595 73, 5028
988637 78, 5093
990512 77, 5037
992556 62, 5083
998505 70, 5174
1000603 78, 5032
1002509 74, 5178
1004691 68, 5104
1006525 73, 5139
1008622 68, 5153
1012601 77, 5179
1014675 64, 5009
1016505 79, 5039
1018595 76, 5119
1020582 62, 5191
1022531 76, 5027
1024559 68, 5140
1026631 70, 5147
1030525 69, 5035
1032530 60, 5145
1034554 67, 5168
1036584 61, 5078
1040503 65, 5189
1042576 74, 5117
1044654 70, 5059
1046519 63, 5062
1048502 69, 5072
1050535 71, 5188
1052602 66, 5107
1054589 67, 5137
1056550 70, 5146
1058502 66, 5112
1060515 75, 5012
1062562 72, 5069
1064522 70, 5177
1066505 61, 5184
1068571 72, 5056
1070529 75, 5141
1072628 70, 5152
1074619 72, 5026
1076563 71, 5098
1078530 66, 5083
1080632 74, 5001
1082515 67, 5022
1084628 74, 5013
1086527 74, 5102
1088512 69, 5078
1090522 71, 5052
1092525 79, 5082
1094525 60, 5074
1096522 61, 5049
1098505 72, 5191
1100612 68, 5163
1102502 73, 5011
1104519 65, 5059
1106502 74, 5195
1108558 63, 5114
1110590 65, 5137
1112525 60, 5117
1114547 79, 5169
1116522 79, 5153
1118648 73, 5185
1120525 71, 5112
1122502 72, 5004
1124505 69, 5156
1126502 64, 5049
1128505 79, 5176
1130503 77, 5025
1132586 68, 5068
1134536 74, 5159
1136557 70, 5080
1140519 72, 5182
1142522 79, 5032
1144544 62, 5144
1146547 77, 5188
1148587 63, 5195
1150522 63, 5195
1152505 67, 5074
1154502 64, 5076
1156536 76, 5052
1162522 72, 5068
1164527 66, 5004
1166547 60, 5194
1168641 63, 5008
1170519 71, 5046
1172541 79, 5007
1174536 63, 5186
1176628 62, 5071
1178505 73, 5026
1180576 61, 5045
1182539 69, 5114
1184502 63, 5009
1186530 79, 5098
1188512 65, 5095
1190570 78, 5101
1192509 68, 5115
1194602 76, 5012
1196505 74, 5179
1200503 76, 5150
1202622 60, 5102
1204505 71, 5085
1206530 66, 5070
1208525 68, 5102
1210515 62, 5123
1212655 72, 5029
1214502 68, 5069
1216561 70, 5006
1218659 78, 5146
1220509 66, 5061
1222505 64, 5069
1224527 76, 5023
1226505 62, 5056
1228512 69, 5126
1230515 79, 5140
1232588 66, 5012
1234522 68, 5108
1238631 77, 5163
1240528 63, 5006
1242530 79, 5111
1244752 61, 5193
1246525 62, 5166
1248502 75, 5118
1252564 61, 5155
1254602 62, 5032
1256570 75, 5115
1258505 64, 5176
1260512 71, 5171
1266558 62, 5199
1270566 63, 5134
1272570 69, 5192
1274648 75, 5099
1276505 73, 5186
1278525 67, 5066
1282530 72, 5195
1284509 67, 5059
1286525 72, 5174
1288647 77, 5023
1290573 77, 5083
1292533 72, 5035
1294544 76, 5100
1296522 73, 5074
1298502 72, 5010
1300557 64, 5122
1302536 61, 5088
1304608 69, 5193
1306515 76, 5124
1308522 70, 5120
1312502 63, 5076
1314578 79, 5014
1316522 73, 5108
1318522 75, 5055
1320503 71, 5180
1322629 60, 5138
1324505 64, 5011
1326587 60, 5024
1328509 64, 5101
1330595 60, 5172
1332502 71, 5076
1334506 75, 5008
1336505 74, 5063
1338544 73, 5020
1340503 61, 5073
1342587 73, 5083
1344525 60, 5079
1346530 69, 5184
1348502 69, 5143
1350519 64, 5047
1352596 71, 5028
1354502 64, 5116
1356577 60, 5058
1358527 76, 5108
1360506 75, 5014
1362725 72, 5134
1364544 73, 5141
1366502 60, 5164
1368512 60, 5142
1370564 70, 5001
1372527 63, 5014
1374533 79, 5134
1376525 60, 5103
1378635 61, 5069
1380506 63, 5115
1382545 60, 5156
1384580 78, 5193
1386522 67, 5030
1388502 76, 5137
1390512 60, 5142
1392518 70, 5135
1396505 78, 5008
1398525 68, 5020
1400551 68, 5139
1402530 69, 5012
1404666 75, 5119
1406502 63, 5004
1408558 73, 5015
1410512 71, 5161
1412502 75, 5141
1414604 70, 5147
1416605 73, 5013
1418527 64, 5128
1420503 76, 5050
1422512 64, 5194
1424531 71, 5081
1426544 65, 5125
1428544 71, 5007
1430586 65, 5187
1432525 69, 5121
1434525 75, 5117
1436502 66, 5158
1438505 68, 5133
1440506 75, 5060
1442525 67, 5040
1444522 66, 5013
1446522 71, 5188
1448580 70, 5132
1450573 77, 5016
1452558 69, 5045
1454643 70, 5121
1456522 75, 5032
1458525 69, 5123
1460523 60, 5003
1462530 73, 5052
1464561 74, 5134
1466647 61, 5182
1468674 75, 5045
1470525 60, 5186
1472555 71, 5155
1474525 66, 5101
1476629 60, 5054
1478502 61, 5119
1480525 69, 5082
1482622 63, 5093
1486530 66, 5153
1488561 71, 5031
1490602 74, 5017
1492659 70, 5052
1494554 63, 5134
1496616 62, 5111
1498525 60, 5121
1500522 79, 5012
1502512 67, 5084
1504622 65, 5136
1506505 60, 5000
1508752 61, 5007
1512525 75, 5142
1514561 69, 5026
1516612 66, 5135
1518531 72, 5107
1520654 61, 5135
1522597 60, 5111
1524720 72, 5151
1526615 68, 5008
1530573 66, 5070
1532590 72, 5094
1534553 76, 5144
1536533 72, 5087
1538670 71, 5068
1540550 67, 5125
1542578 71, 5139
1544502 69, 5113
1546530 62, 5159
1548505 60, 5055
1550529 69, 5163
1552553 65, 5116
1554522 76, 5106
1556556 76, 5104
1558522 73, 5178
1560617 67, 5092
1562525 73, 5096
1564625 78, 5044
1566550 66, 5155
1568555 69, 5153
1570509 65, 5084
1572634 61, 5199
1574639 71, 5198
1576522 78, 5002
1578554 66, 5174
1580606 71, 5190
1584628 71, 5002
1586519 65, 5198
1588544 71, 5142
1590512 69, 5023
1592581 62, 5046
1594536 71, 5185
1596528 65, 5028
1598515 75, 5055
1600535 69, 5043
1602525 64, 5080
1604561 69, 5047
1606525 72, 5005
1608654 75, 5027
1610606 64, 5136
1612635 77, 5048
1614522 75, 5115
1616614 70, 5128
1618525 73, 5150
1620592 63, 5159
1622634 77, 5105
1624519 66, 5180
1626512 68, 5009
1630522 77, 5126
1632657 76, 5087
1634588 76, 5010
1636578 69, 5149
1638622 76, 5069
1640695 60, 5068
1642502 75, 5117
1644531 69, 5016
1646505 74, 5112
1648522 61, 5113
1650515 69, 5184
1652522 63, 5122
1654601 63, 5076
1656525 75, 5097
1658641 62, 5144
1660512 77, 5159
1662505 60, 5012
1664525 67, 5091
1666509 70, 5028
1668502 76, 5135
1672522 66, 5155
1674543 76, 5061
1676502 65, 5084
1678567 63, 5109
1680519 66, 5006
1684502 61, 5112
1686536 73, 5183
1688591 75, 5025
1690525 76, 5036
1692522 63, 5043
1696586 68, 5055
1700567 68, 5033
1702505 67, 5096
1704548 78, 5095
1706525 60, 5101
1708512 74, 5179
1710602 70, 5005
1712536 74, 5046
1714505 68, 5020
1716505 61, 5192
1718561 71, 5095
1720515 72, 5174
1722604 69, 5068
1724637 68, 5011
1726522 76, 5175
1728638 64, 5064
1730548 62, 5004
1732542 77, 5066
1734572 78, 5147
1736525 67, 5194
1740525 61, 5149
1742522 74, 5005
1744694 78, 5096
1746533 62, 5049
1748515 75, 5101
1750585 70, 5038
1752512 77, 5048
1754530 72, 5081
1756522 70, 5149
1758509 73, 5176
1760647 60, 5143
1762542 77, 5040
1764505 77, 5008
1766544 70, 5121
1768525 77, 5089
1770563 61, 5082
1772533 62, 5138
1774611 64, 5188
1776502 77, 5108
1778505 66, 5024
1780670 71, 5012
1782527 62, 5019
1784567 60, 5198
1788525 76, 5123
1790606 63, 5168
1792593 73, 5131
1794531 63, 5100
1796561 70, 5079
1798502 72, 5096
