110596 4364
140570 4454
170564 4423
230510 4415
290545 4341
320618 4334
350583 4382
380650 4353
410561 4370
440631 4422
500509 4412
530510 4478
560577 4488
590542 4310
620628 4482
650695 4351
680622 4427
710503 4384
740583 4330
770622 4399
800609 4332
830503 4304
860541 4463
950513 4398
980586 4436
1010708 4444
1070665 4417
1100626 4341
1160545 4363
1190506 4300
1250557 4474
1280538 4402
1340537 4354
1370517 4404
1400577 4383
1460503 4486
1490551 4321
1520599 4499
1550509 4494
1580517 4378
1610548 4316
1640574 4393
1730625 4478
1760590 4468
1790606 4393
