86695 73, 5137
90672 65, 5126
92755 61, 5119
94692 62, 5182
96717 70, 5146
98684 63, 5192
100621 71, 5033
102661 75, 5154
104677 66, 5066
106709 63, 5130
108592 76, 5096
112641 74, 5068
114756 76, 5093
116735 64, 5156
118673 64, 5060
120742 77, 5039
122667 74, 5003
124685 65, 5167
126708 67, 5164
128791 62, 5085
130611 63, 5068
132628 64, 5070
134595 66, 5110
136633 64, 5071
138717 76, 5191
140615 76, 5010
142634 72, 5123
144650 76, 5016
146627 71, 5049
148785 74, 5139
150622 79, 5008
152674 61, 5062
154790 76, 5151
156611 70, 5161
158617 77, 5170
160698 69, 5134
162619 69, 5076
166676 70, 5065
168618 62, 5140
172593 62, 5104
178650 74, 5120
180691 78, 5158
184572 65, 5115
186783 73, 5076
188673 79, 5068
190635 72, 5134
192713 76, 5088
194706 60, 5070
196598 68, 5178
198705 65, 5024
200651 78, 5196
202741 72, 5157
204591 65, 5073
206650 66, 5179
208644 66, 5104
212634 79, 5148
214714 71, 5056
216644 74, 5091
218677 66, 5060
220621 71, 5091
222664 79, 5059
224648 67, 5069
226612 78, 5140
228680 78, 5148
232644 76, 5027
236693 70, 5092
238617 79, 5032
242638 69, 5104
244695 67, 5162
246671 71, 5093
248616 63, 5086
250614 63, 5016
252705 73, 5139
254744 79, 5122
256658 66, 5092
262583 64, 5111
264682 68, 5028
266691 67, 5105
270778 71, 5058
272681 75, 5142
274650 74, 5101
276664 61, 5114
278702 60, 5148
280715 72, 5183
284639 78, 5119
286652 60, 5139
288664 72, 5156
290642 75, 5006
292639 72, 5030
294647 65, 5013
296619 65, 5081
298580 70, 5014
300675 71, 5182
302573 63, 5189
304658 61, 5162
306634 63, 5123
308650 63, 5143
310761 72, 5072
312615 73, 5041
316699 72, 5019
318675 72, 5161
320805 74, 5124
324718 69, 5018
326716 73, 5119
328595 66, 5121
330739 79, 5118
332785 71, 5177
334668 62, 5192
336727 76, 5100
338753 67, 5007
342680 70, 5110
344657 64, 5188
348684 65, 5112
354683 79, 5059
356578 64, 5178
358722 77, 5004
362784 77, 5029
364674 67, 5116
368674 61, 5023
370698 74, 5055
372938 71, 5085
376647 69, 5099
378653 78, 5007
380638 73, 5165
382686 70, 5109
384611 61, 5063
386670 62, 5150
388640 73, 5019
390757 75, 5004
392752 74, 5162
394603 75, 5138
396684 63, 5132
398609 60, 5035
400657 62, 5080
402668 68, 5153
404624 71, 5116
406681 67, 5173
408641 72, 5080
410647 75, 5168
412671 61, 5167
414752 62, 5025
416625 79, 5029
418641 65, 5044
420644 76, 5102
422597 74, 5193
424639 77, 5135
426632 61, 5102
428677 69, 5160
430803 64, 5180
432798 66, 5145
434700 71, 5013
436683 71, 5005
438705 61, 5175
440654 79, 5127
442666 61, 5154
444621 69, 5004
446696 63, 5033
448648 63, 5075
450622 68, 5172
452638 65, 5198
454724 68, 5168
456742 62, 5036
458634 69, 5068
462662 75, 5089
464593 74, 5140
466724 68, 5049
468658 61, 5157
470760 71, 5030
472610 76, 5057
474722 78, 5081
476631 79, 5094
478726 65, 5073
480668 74, 5159
482650 69, 5016
484697 78, 5164
486628 78, 5078
488638 68, 5146
490762 69, 5114
494705 79, 5142
496638 68, 5072
498564 77, 5064
500697 74, 5174
502688 65, 5126
504667 63, 5165
506622 62, 5077
508784 65, 5148
510726 77, 5135
512665 74, 5028
514673 66, 5001
516599 69, 5031
518665 74, 5048
522681 78, 5063
524672 71, 5062
526644 75, 5072
528638 72, 5192
530590 61, 5124
534641 68, 5097
536679 78, 5014
540706 75, 5192
542689 75, 5077
544643 78, 5034
546660 75, 5176
548729 65, 5019
550662 70, 5080
552715 79, 5151
554645 75, 5069
556664 77, 5036
558608 69, 5008
562610 72, 5174
564614 72, 5045
566663 70, 5119
568666 68, 5168
570668 76, 5082
572837 74, 5113
574603 73, 5087
580667 66, 5027
582616 72, 5035
584680 69, 5151
586670 73, 5075
590639 74, 5074
592680 76, 5188
594679 70, 5153
596688 70, 5009
598608 71, 5072
600644 69, 5056
602650 66, 5082
604719 68, 5064
606620 60, 5106
608723 68, 5126
610647 61, 5056
614661 65, 5079
616701 76, 5100
618619 70, 5087
622607 71, 5184
624709 63, 5135
626695 69, 5171
628689 70, 5000
630719 61, 5043
632637 73, 5057
636598 74, 5122
638673 61, 5019
644593 77, 5050
646654 61, 5098
650747 70, 5161
656679 68, 5084
658669 68, 5045
660557 68, 5084
662605 75, 5036
664603 60, 5114
666695 76, 5071
668593 70, 5062
670582 69, 5046
672657 73, 5156
674627 76, 5160
676607 74, 5091
678586 76, 5064
680609 67, 5163
684715 74, 5027
686763 69, 5058
688740 79, 5096
690677 71, 5185
696624 76, 5012
700642 74, 5111
702768 79, 5061
704629 74, 5178
706617 67, 5120
708614 76, 5066
710667 70, 5045
712621 70, 5045
714706 75, 5100
716712 71, 5109
718685 63, 5060
722612 75, 5137
726680 70, 5163
728641 75, 5024
730554 67, 5161
732864 76, 5199
734732 61, 5169
736687 70, 5108
738749 66, 5114
740725 69, 5066
742672 78, 5161
744673 62, 5199
746660 67, 5111
748725 71, 5039
750615 60, 5030
752666 69, 5086
754657 60, 5192
756644 72, 5072
758717 71, 5160
760766 62, 5199
762667 78, 5097
764682 65, 5173
766638 60, 5190
768748 66, 5101
770679 65, 5011
772689 63, 5050
774704 77, 5128
776730 78, 5040
778681 79, 5148
780751 67, 5022
782703 68, 5110
784667 68, 5170
786673 61, 5137
790718 63, 5031
794589 63, 5146
796676 65, 5178
798679 75, 5054
800696 64, 5127
802713 67, 5072
804791 70, 5003
806615 74, 5175
808667 76, 5017
814639 79, 5122
818657 77, 5005
820688 62, 5164
824781 61, 5145
826704 72, 5033
828618 77, 5148
830658 78, 5068
832644 78, 5009
834634 70, 5047
836691 61, 5151
840705 70, 5182
842641 71, 5118
844519 70, 5176
846822 79, 5183
848690 77, 5101
850531 75, 5189
852760 72, 5154
854679 69, 5113
856720 69, 5005
858666 63, 5136
860699 63, 5168
862734 65, 5122
864641 60, 5189
868758 69, 5074
870716 69, 5145
872661 71, 5126
874587 72, 5169
876539 73, 5015
878720 79, 5004
880761 77, 5086
884648 75, 5088
886713 63, 5008
888751 78, 5131
892702 77, 5111
894644 69, 5038
896669 66, 5013
898647 73, 5119
900609 68, 5133
902648 74, 5184
904625 64, 5093
906635 66, 5179
908625 60, 5167
910686 64, 5062
912625 67, 5168
914657 68, 5013
916680 62, 5099
918756 65, 5072
920603 61, 5124
922717 66, 5124
924639 70, 5026
926617 61, 5170
928674 71, 5127
930674 77, 5163
934673 76, 5178
936589 75, 5024
938650 60, 5104
940688 74, 5094
942592 66, 5197
944658 71, 5198
946738 65, 5089
948765 66, 5170
950586 69, 5033
952699 63, 5005
954638 67, 5026
956591 64, 5098
958684 77, 5142
960696 77, 5197
962782 79, 5165
964657 73, 5175
966592 63, 5196
968622 66, 5095
970662 77, 5109
972633 64, 5083
974692 72, 5010
976637 71, 5176
978647 69, 5170
982666 64, 5057
984725 66, 5026
988624 63, 5017
990597 68, 5000
992706 66, 5154
994664 66, 5016
996675 76, 5086
998690 64, 5053
1000589 74, 5012
1002705 74, 5027
1004599 69, 5062
1006726 74, 5157
1008634 66, 5152
1012709 68, 5100
1014686 78, 5049
1016519 70, 5045
1018618 73, 5067
1020697 77, 5153
1022608 78, 5171
1024615 67, 5009
1026628 64, 5076
1028641 76, 5002
1030679 67, 5187
1032663 77, 5003
1034685 62, 5059
1036636 71, 5047
1038673 62, 5113
1040622 73, 5136
1042713 66, 5069
1044770 63, 5026
1048760 75, 5032
1050698 64, 5164
1052734 62, 5187
1054658 74, 5003
1056695 72, 5149
1058602 61, 5130
1060699 70, 5106
1062680 64, 5007
1064632 65, 5116
1066672 62, 5050
1070651 69, 5073
1072752 71, 5117
1074648 60, 5036
1076674 67, 5054
1078643 62, 5154
1082654 66, 5077
1084618 78, 5146
1086757 79, 5118
1088663 61, 5075
1092625 62, 5099
1094630 74, 5098
1096579 63, 5184
1098698 63, 5045
1100579 61, 5063
1102642 76, 5136
1104638 69, 5004
1106806 78, 5011
1108718 64, 5058
1110667 65, 5163
1112621 64, 5056
1116727 68, 5012
1118679 77, 5031
1120661 79, 5084
1122693 67, 5072
1124694 70, 5003
1126746 68, 5177
1128761 72, 5001
1130700 75, 5162
1132705 68, 5069
1134686 76, 5190
1138728 70, 5178
1140797 69, 5191
1142696 71, 5109
1144610 75, 5181
1146662 76, 5004
1148624 71, 5178
1150576 74, 5164
1152680 72, 5170
1154679 79, 5153
1156618 71, 5009
1158608 78, 5186
1160661 73, 5045
1162634 73, 5094
1164695 64, 5045
1166673 62, 5144
1168584 64, 5182
1170600 62, 5184
1172678 68, 5144
1174628 72, 5040
1176665 74, 5121
1178661 74, 5124
1180681 68, 5038
1182677 71, 5008
1184727 69, 5146
1186784 71, 5079
1188663 75, 5081
1192612 62, 5179
1194709 65, 5193
1196533 79, 5195
1198625 63, 5094
1200682 75, 5032
1202715 79, 5099
1204754 68, 5053
1206645 79, 5049
1208670 66, 5177
1210689 61, 5173
1212615 62, 5029
1214709 67, 5013
1216654 67, 5159
1218660 77, 5198
1220715 76, 5052
1222653 67, 5164
1224705 79, 5165
1226621 78, 5147
1228576 78, 5047
1230749 62, 5069
1232619 60, 5137
1236622 60, 5056
1238646 64, 5152
1240818 60, 5112
1242628 78, 5072
1244701 66, 5029
1246592 72, 5121
1248625 78, 5166
1250702 79, 5153
1252606 75, 5153
1254589 66, 5145
1256652 67, 5084
1258647 63, 5132
1260660 74, 5100
1262683 68, 5007
1264609 76, 5160
1266641 64, 5067
1268634 61, 5048
1270660 68, 5198
1272754 67, 5136
1274679 67, 5123
1278721 72, 5141
1280687 67, 5034
1282646 62, 5141
1284570 77, 5062
1286568 60, 5072
1288683 72, 5024
1290703 72, 5086
1292704 79, 5067
1296578 76, 5184
1298690 63, 5185
1300634 60, 5059
1302777 68, 5114
1304692 64, 5149
1306713 78, 5133
1308666 63, 5145
1312677 75, 5090
1314662 76, 5089
1316633 76, 5175
1318739 69, 5100
1320717 62, 5131
1322704 74, 5150
1324638 66, 5018
1328637 68, 5141
1330566 68, 5150
1332692 66, 5046
1334721 79, 5011
1336622 65, 5173
1338620 76, 5050
1340590 65, 5147
1342630 79, 5063
1344624 68, 5123
1346697 63, 5080
1348651 63, 5187
1350708 77, 5182
1354605 72, 5058
1356659 69, 5153
1358550 69, 5171
1360738 79, 5029
1362651 68, 5065
1364612 78, 5101
1366668 61, 5153
1368615 62, 5153
1370702 75, 5090
1372603 63, 5084
1374706 67, 5056
1376713 75, 5152
1378614 67, 5123
1380733 75, 5199
1382618 68, 5077
1384631 64, 5102
1386657 77, 5169
1388679 67, 5023
1390623 72, 5162
1392741 60, 5037
1394677 63, 5023
1396590 67, 5065
1398687 78, 5141
1400667 68, 5180
1402637 71, 5004
1404648 75, 5037
1406696 65, 5017
1408655 62, 5096
1410627 62, 5038
1412647 72, 5027
1414581 63, 5132
1416631 68, 5040
1418679 73, 5038
1420756 72, 5016
1424577 70, 5164
1426592 69, 5195
1428609 71, 5057
1430616 61, 5022
1432666 72, 5194
1434654 78, 5046
1436750 69, 5128
1438637 78, 5072
1440615 65, 5154
1442743 61, 5079
1444666 73, 5191
1446672 75, 5116
1448725 67, 5195
1450732 66, 5149
1452643 62, 5134
1454615 74, 5017
1456726 66, 5100
1458676 75, 5041
1460683 63, 5134
1462730 64, 5197
1464684 65, 5110
1466628 60, 5062
1468619 73, 5076
1470834 69, 5045
1472702 62, 5073
1474703 79, 5126
1476602 75, 5175
1480703 61, 5039
1482637 68, 5059
1484667 60, 5010
1486590 71, 5075
1488637 73, 5107
1494651 64, 5137
1496728 78, 5115
1498606 77, 5033
1500640 61, 5136
1502622 66, 5032
1506706 77, 5030
1508617 70, 5080
1510818 75, 5165
1514585 72, 5025
1516606 62, 5113
1518707 68, 5158
1522515 68, 5086
1524625 75, 5049
1526628 79, 5082
1528633 60, 5051
1532599 70, 5097
1534625 61, 5142
1536661 73, 5036
1540680 77, 5154
1542712 71, 5113
1544519 71, 5059
1546687 60, 5108
1548749 77, 5055
1550622 62, 5129
1552759 70, 5195
1554648 63, 5066
1556662 72, 5059
1558660 60, 5190
1560652 63, 5044
1562709 71, 5031
1564512 60, 5195
1566595 67, 5190
1568655 72, 5031
1570700 65, 5145
1572695 79, 5049
1574653 62, 5119
1576528 78, 5127
1578767 60, 5184
1580658 78, 5136
1584644 60, 5105
1586672 78, 5070
1588704 78, 5059
1590661 76, 5194
1592668 69, 5061
1594734 74, 5032
1596640 74, 5057
1598622 64, 5002
1600585 76, 5019
1602656 76, 5012
1604692 70, 5053
1606733 73, 5185
1608587 71, 5108
1610696 62, 5036
1612665 64, 5066
1614602 79, 5141
1616689 71, 5060
1618631 60, 5097
1620531 78, 5004
1624731 71, 5102
1626632 74, 5182
1628732 65, 5148
1630996 66, 5052
1632617 74, 5126
1636641 71, 5151
1638729 65, 5088
1640734 61, 5044
1642632 66, 5141
1644662 71, 5043
1646633 64, 5119
1648623 66, 5121
1650667 76, 5169
1652658 74, 5114
1654573 61, 5009
1656724 61, 5040
1658732 62, 5063
1660712 67, 5135
1662709 66, 5058
1664621 73, 5005
1666798 63, 5049
1668637 68, 5085
1670712 70, 5086
1672576 74, 5101
1674725 63, 5025
1678678 62, 5135
1680707 76, 5088
1682676 64, 5120
1686764 73, 5156
1688611 70, 5096
1690632 66, 5025
1692666 69, 5137
1694816 75, 5192
1696670 79, 5143
1698682 64, 5170
1700661 72, 5131
1704559 77, 5017
1706654 63, 5170
1708553 62, 5033
1710749 66, 5147
1712696 73, 5129
1714663 66, 5078
1716618 79, 5076
1718685 60, 5022
1720743 68, 5102
1722685 78, 5004
1724664 70, 5153
1726653 60, 5154
1728623 63, 5185
1730802 76, 5164
1732663 69, 5108
1734618 68, 5130
1736625 63, 5009
1738645 71, 5071
1742618 62, 5064
1744669 66, 5079
1746658 73, 5030
1748614 64, 5057
1750682 64, 5062
1752640 65, 5100
1754591 77, 5109
1756681 75, 5051
1758673 61, 5028
1760799 70, 5156
1762628 77, 5147
1764693 70, 5134
1766642 70, 5129
1768724 77, 5059
1772658 71, 5148
1774704 76, 5069
1776576 64, 5115
1778602 65, 5151
1780678 61, 5032
1782676 67, 5181
1784650 60, 5191
1786720 72, 5097
1788774 63, 5080
1790647 63, 5065
1794640 66, 5035
1796657 70, 5160
1798670 76, 5126
