110538 4484
140525 4309
170557 4378
200529 4469
230529 4468
290565 4425
320509 4343
350583 4464
380612 4471
410593 4428
470541 4446
500602 4443
530503 4397
560545 4385
620583 4376
650561 4476
680516 4337
710535 4363
770527 4316
800580 4329
830577 4306
860541 4318
890517 4448
920506 4406
950609 4302
980506 4328
1010695 4467
1040503 4451
1070509 4308
1100586 4494
1130567 4320
1160570 4460
1190740 4379
1220673 4486
1250551 4303
1280551 4330
1310673 4468
1340522 4395
1370599 4386
1400606 4402
1460545 4390
1520644 4333
1550561 4307
1580509 4499
1610555 4430
1640663 4468
1700503 4309
1730577 4336
1760654 4300
1790538 4428
