85612 3813
95537 3858
100654 3801
105598 3756
115564 3785
120621 3755
125551 3769
130572 3837
135578 3719
140577 3840
145543 3899
150538 3745
155635 3880
160681 3706
165539 3841
170593 3851
175582 3864
180557 3793
185586 3814
190519 3732
195628 3773
200510 3864
205592 3737
210618 3743
215591 3894
220686 3848
225559 3772
230593 3746
235579 3845
240615 3745
245597 3841
250586 3760
255563 3851
260586 3780
265601 3738
270506 3860
275594 3719
280506 3895
285621 3711
290503 3840
295602 3854
300619 3790
305505 3778
310614 3828
315592 3839
320606 3715
325619 3841
330635 3701
335502 3748
340620 3712
345618 3805
350572 3830
355592 3778
360641 3855
365528 3795
370557 3786
375586 3848
380513 3788
385508 3726
390525 3832
395602 3793
400680 3864
405591 3821
410516 3828
415598 3810
420647 3839
425625 3787
430654 3883
435628 3778
440517 3805
445600 3840
450609 3886
455633 3745
460509 3754
465605 3856
470596 3869
475602 3856
480512 3731
485628 3750
490582 3877
495582 3854
500543 3820
505563 3827
510615 3842
515576 3857
520519 3762
525647 3847
530559 3806
535505 3712
540594 3769
545625 3771
550612 3825
555616 3734
565614 3725
570551 3731
575614 3755
580648 3728
585512 3845
590538 3721
595588 3890
600525 3849
605598 3873
615505 3869
620574 3763
625618 3821
630591 3803
635601 3887
640525 3897
645596 3874
650516 3884
655578 3731
660643 3753
665602 3831
670641 3867
675628 3764
680532 3822
685582 3784
690541 3741
695502 3764
700528 3847
705590 3784
710689 3884
715593 3805
720522 3821
725585 3882
730645 3745
735598 3768
740612 3777
750581 3821
755627 3794
760576 3849
765599 3784
775595 3785
780589 3881
785718 3834
790625 3830
800609 3846
805586 3723
810623 3813
815583 3727
820509 3887
825598 3749
835578 3873
840624 3802
845595 3814
850727 3872
855578 3818
860649 3864
870693 3701
875565 3707
880566 3837
885580 3757
890553 3799
895617 3882
900602 3807
905530 3841
910603 3782
915502 3719
920554 3718
925639 3879
930670 3850
935598 3700
940503 3731
945505 3897
950513 3776
955582 3775
960586 3879
965610 3896
970642 3848
975582 3801
980529 3791
985586 3794
990557 3880
995595 3836
1000506 3709
1005597 3784
1010516 3789
1015508 3715
1020588 3725
1025670 3719
1030657 3708
1035610 3765
1040554 3784
1045643 3796
1050744 3864
1055609 3825
1060598 3828
1065573 3817
1070570 3749
1075596 3829
1080586 3846
1085614 3783
1090661 3884
1095618 3770
1105605 3702
1110519 3835
1115636 3877
1120638 3834
1125636 3747
1130599 3786
1135591 3838
1145614 3780
1150657 3828
1155502 3834
1160517 3727
1165605 3725
1170607 3764
1175598 3711
1180569 3733
1185614 3832
1190577 3831
1200617 3716
1205502 3766
1210647 3870
1215630 3858
1220602 3844
1225602 3858
1230605 3787
1235597 3869
1240503 3814
1245607 3818
1250567 3716
1255615 3800
1265616 3860
1270519 3873
1275582 3899
1280580 3852
1285502 3842
1290531 3753
1295595 3803
1300579 3838
1305595 3868
1310560 3700
1315602 3809
1320661 3738
1325608 3899
1330604 3743
1335598 3805
1340714 3701
1345591 3889
1350512 3865
1355602 3777
1365575 3888
1370541 3736
1375599 3706
1380506 3788
1385637 3747
1390509 3725
1395595 3883
1405598 3798
1410592 3745
1415569 3868
1420509 3782
1425512 3794
1435592 3711
1445785 3891
1450547 3761
1455629 3758
1460526 3712
1465567 3784
1470522 3809
1475576 3802
1480506 3740
1485609 3704
1490631 3787
1495583 3776
1505582 3878
1510564 3706
1515575 3735
1525601 3790
1530673 3730
1535595 3768
1540622 3860
1545622 3854
1550545 3825
1555505 3785
1560583 3805
1565618 3881
1570506 3889
1575595 3776
1580573 3825
1585569 3850
1590616 3709
1595622 3730
1600679 3801
1605609 3716
1610631 3878
1615502 3766
1620712 3734
1625502 3827
1630595 3884
1635502 3896
1640519 3863
1645604 3763
1655586 3856
1660512 3849
1665623 3781
1670596 3844
1675502 3831
1680535 3749
1685586 3735
1690595 3837
1700516 3779
1705620 3783
1710612 3881
1715615 3888
1720519 3799
1725601 3817
1730516 3800
1735620 3725
1740579 3758
1745612 3876
1755620 3869
1760566 3790
1765564 3765
1770663 3794
1775620 3892
1780567 3894
1785673 3885
1790634 3770
1795612 3846
