91142 1967
101345 1913
121217 2067
131297 2068
140967 1981
151238 2016
170880 2005
180704 1968
190732 2091
200665 2012
211091 1966
220651 2022
250911 1922
261055 2014
270831 1977
280835 2017
290832 2094
300825 1951
311042 2081
321096 2053
330910 1934
340914 1943
350917 2025
361104 1983
370712 2022
381067 2012
390858 1990
401199 2004
410912 2091
420815 2010
430916 1978
440789 1925
450835 2034
470737 1962
481232 2064
490635 2021
501121 1976
510966 1923
521286 2037
551024 1954
561125 1927
570866 1976
581053 1911
600891 2050
610710 2008
620803 2089
630832 2002
640743 2023
650779 1981
661117 1935
671095 1913
680800 1909
691115 1929
700701 2088
710890 2016
721002 2049
740869 2027
751133 1982
761048 1943
780651 2088
790856 2076
800950 2067
811072 1941
821083 1937
840937 2011
851096 1945
860722 1906
870918 2086
881132 1952
890913 1938
900972 2072
911040 2015
920828 2088
930875 2093
941005 2053
950780 1927
960952 2002
970928 2010
981182 1979
990738 1931
1000784 1935
1010737 1972
1021039 1917
1030851 1933
1040864 2096
1050760 2089
1060954 2028
1070879 2036
1080824 2096
1090700 2006
1101001 2053
1110791 1940
1120877 2055
1130942 1941
1141075 1961
1151137 1981
1160888 2054
1171010 1925
1181159 2079
1190563 1952
1200994 1939
1210946 1940
1221030 1945
1230792 1906
1240839 1999
1260700 1928
1270989 1987
1280809 1975
1290973 2051
1301105 1942
1310845 2058
1321281 2011
1331032 1951
1351072 2030
1360677 1967
1370871 2023
1380933 1987
1390900 2002
1400661 1923
1411071 1961
1421076 2025
1431088 2076
1440786 2084
1450768 1905
1471054 2031
1480719 1948
1501007 1904
1510670 2083
1530918 1963
1540649 2048
1550843 2013
1570876 1988
1590798 1988
1601043 2049
1610996 2085
1620846 1918
1630861 1951
1650878 1908
1661075 2008
1670956 2008
1680851 2091
1690746 1966
1700848 1964
1721045 1953
1731164 2013
1741143 1952
1750777 1954
1761099 2081
1770702 1968
1780887 1903
