90522 2082
100525 1950
110578 1992
120519 2071
130563 2041
150503 2018
160503 2015
170654 1904
180515 1940
190503 1915
200541 2002
210522 1965
220509 2032
240506 1915
250519 1937
260644 1970
270535 2089
280515 2009
300519 1941
310525 1925
320535 2019
330528 2013
340509 2055
350532 2087
360506 1985
370512 1944
380679 1903
390538 1994
400525 1965
410577 2066
420660 2030
430509 2052
440551 2082
450515 1936
460584 1968
470574 2037
480651 1910
490503 2086
500660 1925
510577 1931
520628 2087
530689 2087
540600 1989
550509 2030
560503 1944
570519 2089
580579 2073
590612 2063
600624 2009
610503 1920
620503 2078
630642 1942
640519 1913
660519 1941
670522 2053
680599 1955
690503 2099
700509 1980
710551 1998
720519 2041
730541 1948
740509 2082
750584 1969
760522 2078
780522 1963
790535 2029
800509 1980
810519 2099
820554 2035
840522 1979
850506 1989
860634 1933
870503 1991
880503 2033
890567 1978
900719 2046
910651 2083
930538 1956
940522 2037
950590 2094
960512 2028
970525 1909
980510 2043
990522 1984
1000509 2018
1010588 1942
1020744 1913
1030522 1923
1040509 2061
1050515 1972
1060503 1953
1070503 1933
1080519 2023
1090566 1994
1100509 1991
1110515 1909
1120563 1977
1140509 1995
1150509 2076
1160541 1930
1170560 1965
1180525 2035
1200519 1999
1210503 1967
1220567 1936
1230522 2022
1240509 1987
1250513 1945
1260512 1930
1270512 1969
1290506 1968
1300522 2074
1310634 1913
1320737 1966
1330576 2041
1340545 2030
1350522 1943
1360509 2059
1370564 2026
1380569 1912
1390519 1994
1400686 1964
1410519 1926
1420512 1996
1430503 1944
1440519 1903
1450519 1983
1460583 2016
1470522 1957
1480512 2012
1490519 1937
1500525 2063
1510665 2092
1520545 1941
1530506 2013
1540522 1934
1550522 1946
1560522 1928
1570525 2089
1580542 2004
1590512 1991
1600631 1986
1610577 2099
1620525 2021
1630525 1934
1640503 1949
1650525 1955
1660576 1917
1670509 2072
1680506 1938
1690519 1914
1700651 1916
1710515 1955
1720503 2099
1740506 2008
1750541 2049
1760548 2003
1770550 2046
1780519 1958
