90605 2092
100558 2037
120594 2075
130509 1978
150515 1905
160541 2060
170567 1955
180522 1938
190525 2049
210515 2030
220519 1911
240599 1980
250531 1949
260622 1993
270579 2038
280541 2009
290660 1919
300509 2093
310535 2004
330509 2086
340557 2039
350631 2027
360699 1978
370528 1996
380695 1939
390512 2091
400509 2098
410622 2053
420522 2018
430503 2039
440529 1983
450509 1981
460512 2089
470642 2079
480515 2013
490528 1973
500509 2083
510525 2017
520515 2054
530638 2057
540645 1976
550525 1931
560641 2031
570522 1970
580522 2071
590561 2098
600547 1937
610509 2050
620628 1997
630512 2068
640519 1985
660503 2045
670535 1942
680634 1911
690509 2042
700525 1908
710734 2059
720512 1957
730515 1904
740663 1927
750515 1964
760525 2053
770551 1947
780503 1918
790550 2096
800503 1974
810640 1966
820515 2011
830545 2071
840515 2064
850503 2029
860503 1935
870522 1991
880579 1963
890602 1952
900525 2054
910519 1921
920714 1951
930519 1987
940525 2064
960506 2088
970554 1918
980574 2066
990590 2001
1000522 2066
1010569 1988
1020512 2013
1030605 2000
1040634 2030
1050519 1975
1060512 1982
1070561 2012
1080515 1969
1090585 1982
1100549 2020
1110503 2020
1120541 2032
1130549 1983
1140535 2040
1150515 2050
1160574 2063
1170579 1996
1180506 1997
1190532 2021
1200512 2035
1210585 1945
1220509 1901
1230522 2009
1240525 2016
1250558 1960
1260503 1987
1270506 2056
1290563 2092
1300519 1934
1320512 2034
1330547 2046
1340634 1951
1350550 2082
1360519 2066
1380522 2060
1390579 2011
1400509 2028
1410503 1910
1420525 2007
1430612 2054
1440618 1908
1450512 2019
1460724 2059
1470677 1913
1480522 2002
1500519 1936
1530522 2063
1540519 1964
1560798 1976
1570506 2000
1580534 2038
1590544 2039
1600509 1978
1610509 2079
1620607 2029
1630592 1955
1640519 2069
1650519 2007
1660503 1954
1670538 1950
1680615 2007
1690512 2022
1700567 2070
1710623 2066
1720600 1963
1730551 2083
1740519 1923
1750525 1906
1770506 2096
1780512 2049
1790612 2015
