90519 2013
100655 2020
110567 2013
120664 1988
130624 2008
140529 2084
150629 2070
160519 1989
170557 1944
180591 1958
190632 2031
210673 1941
220647 2079
240605 1920
260615 2074
270611 1992
280737 1964
290519 1998
300535 2084
310512 2041
320516 2032
330614 1901
340535 1980
350605 1995
360509 2074
370509 1991
390635 2099
400503 2055
410609 1910
420506 2019
430522 1914
440642 1985
450718 2089
460538 1952
470564 2080
480528 1951
490737 1947
500628 1935
510588 2085
520670 1966
530529 2029
540677 1947
550506 2095
560599 1983
570562 1950
580595 1908
590676 1924
600651 2061
610663 2096
620548 2025
630548 1991
650519 2054
660633 2051
670715 2096
680523 2070
690555 1901
700591 2072
710631 2050
720628 2095
730535 2006
740554 2077
750535 2026
760512 2035
780525 2096
790628 2032
800533 2003
810676 2078
820547 1949
830524 2060
840617 2050
850519 2076
860516 2032
870609 1932
880638 2041
890534 2030
900699 2094
910664 1904
920516 2091
930693 2035
940629 1919
950525 1938
960611 1952
970632 1936
980525 1980
990556 2024
1000621 1956
1010513 2045
1020519 2044
1030515 2050
1040516 2082
1060506 2080
1070657 1990
1080590 1922
1090727 1966
1100593 2096
1110611 1963
1120652 1905
1130563 2094
1140560 2029
1150626 2061
1160503 2058
1170662 1920
1180708 2084
1190629 1965
1200600 2048
1210676 1983
1220503 2064
1230631 1950
1240612 1977
1250574 1946
1260647 1998
1280524 2067
1290652 2096
1300699 1958
1330509 1921
1340666 2093
1350638 2085
1360506 2075
1370503 2051
1380618 1960
1390605 2028
1400538 1998
1410676 2077
1420509 1946
1430552 2018
1440776 1917
1450600 1971
1470754 2051
1480603 2023
1490589 2059
1510517 1933
1520513 1915
1530512 1937
1540576 1974
1570586 1926
1580554 2079
1590673 1934
1600627 2020
1620676 2043
1630602 1967
1640537 2005
1650509 1945
1660617 1967
1680654 1905
1690515 1905
1700510 2013
1710605 1965
1720528 1934
1730516 1920
1740591 1973
1750617 2090
1760596 2067
1770528 1970
1780574 2088
1790503 2037
