110912 4480
140792 4333
201043 4376
230792 4476
290748 4461
320725 4488
350820 4377
381002 4330
411124 4465
440684 4410
470977 4448
500992 4475
531027 4432
590980 4450
620711 4439
651001 4314
680865 4339
740765 4427
770889 4373
800798 4457
830889 4427
860799 4313
890658 4361
950747 4498
980948 4476
1010911 4412
1040656 4307
1070686 4478
1100880 4451
1131068 4342
1160793 4495
1190746 4371
1220980 4489
1250719 4393
1280771 4333
1370809 4309
1430800 4315
1490777 4309
1520940 4304
1550654 4442
1640780 4397
1670851 4332
1700574 4493
1730851 4334
1760878 4445
