140967 4386
170880 4366
200665 4475
261055 4448
290832 4468
321096 4341
350917 4453
381067 4456
410912 4484
440789 4397
470737 4444
501121 4438
561125 4332
620803 4371
650779 4420
680800 4310
710890 4372
740869 4439
800950 4395
860722 4496
890913 4337
920828 4436
950780 4309
981182 4481
1010737 4492
1040864 4459
1070879 4476
1101001 4323
1130942 4377
1160888 4429
1190563 4461
1221030 4458
1280809 4390
1310845 4458
1370871 4438
1400661 4318
1431088 4315
1550843 4341
1610996 4449
1670956 4320
1700848 4498
1731164 4309
1761099 4390
