82563 72, 5173
84605 75, 5130
86533 78, 5102
88525 63, 5145
90519 76, 5069
92525 79, 5045
94505 64, 5024
96520 72, 5036
98583 66, 5086
100590 64, 5015
102502 65, 5085
104502 65, 5198
106505 79, 5039
108605 75, 5023
116525 62, 5002
118518 62, 5146
120503 75, 5159
122505 64, 5134
124518 77, 5003
126515 75, 5154
128505 72, 5145
130576 76, 5060
132518 69, 5071
134660 75, 5153
136533 68, 5178
138515 68, 5123
140612 60, 5099
142571 70, 5041
144648 69, 5029
146522 62, 5053
150512 64, 5137
152669 63, 5156
154573 67, 5154
156502 66, 5163
158522 73, 5023
160522 78, 5147
162502 62, 5170
164669 70, 5126
166644 61, 5031
168502 73, 5102
170551 78, 5149
172525 69, 5100
176598 64, 5171
178553 78, 5162
180747 72, 5022
182602 61, 5075
184509 70, 5115
186525 77, 5130
188544 60, 5123
190512 67, 5022
192563 62, 5139
194706 70, 5162
196505 63, 5101
198547 74, 5127
200586 64, 5073
202509 68, 5084
204544 64, 5109
206528 79, 5139
208502 64, 5054
210522 79, 5150
212522 64, 5051
214570 75, 5071
216505 68, 5062
218557 78, 5198
220503 68, 5141
222544 71, 5085
224554 74, 5138
226538 60, 5009
228530 70, 5104
230548 60, 5070
232544 71, 5188
234534 72, 5163
236560 75, 5079
238505 60, 5054
240506 77, 5030
242502 64, 5131
244563 77, 5133
248533 76, 5096
250582 67, 5074
252519 60, 5198
254535 79, 5156
256654 61, 5054
258502 78, 5120
260650 69, 5029
264525 65, 5145
266556 77, 5017
268572 74, 5191
270525 67, 5192
272676 73, 5077
274522 68, 5062
276578 61, 5095
278594 73, 5172
280509 73, 5147
282557 63, 5138
284502 69, 5142
286524 67, 5016
290557 60, 5187
292599 68, 5123
294509 68, 5159
296631 75, 5036
298567 69, 5083
300506 67, 5032
302512 75, 5152
304652 73, 5165
306502 73, 5155
308515 63, 5179
310547 66, 5060
312711 65, 5010
314633 66, 5121
316573 77, 5189
318599 76, 5072
322522 60, 5133
324564 64, 5060
326509 69, 5103
328505 63, 5017
330600 60, 5000
332502 67, 5091
334622 68, 5075
338502 69, 5139
340576 78, 5128
342505 67, 5015
346522 70, 5146
348539 62, 5116
350654 78, 5090
352553 70, 5140
354576 76, 5177
356502 77, 5012
358548 75, 5115
360519 65, 5003
362502 70, 5195
364612 64, 5057
366515 69, 5161
368522 77, 5020
370541 75, 5134
372522 78, 5021
374644 72, 5177
376522 73, 5161
378574 72, 5091
382618 65, 5030
384531 74, 5144
386525 69, 5055
388509 64, 5095
390531 77, 5046
392680 68, 5110
394572 62, 5180
396502 75, 5186
398502 71, 5005
400512 68, 5003
402502 65, 5067
406522 73, 5050
408522 76, 5119
410638 77, 5038
412521 69, 5058
414522 71, 5133
416615 78, 5156
418522 73, 5136
420541 70, 5186
422530 67, 5074
424538 76, 5171
426697 68, 5184
428505 74, 5183
430541 73, 5024
432817 72, 5058
434586 61, 5199
436502 74, 5115
438615 68, 5051
440663 77, 5060
442530 63, 5167
444599 72, 5126
446528 66, 5093
450509 74, 5036
452525 78, 5090
454561 60, 5070
456579 74, 5126
458515 65, 5079
460651 65, 5101
462518 76, 5037
464651 72, 5048
466605 60, 5005
468542 71, 5169
470564 76, 5147
472502 65, 5024
474512 76, 5186
476544 76, 5156
478527 61, 5175
480506 62, 5115
482505 72, 5172
484530 65, 5098
486547 78, 5145
488691 65, 5074
490519 63, 5122
492518 62, 5174
494505 68, 5187
496544 75, 5016
498509 72, 5163
500628 64, 5128
502525 73, 5164
504547 66, 5018
506648 68, 5046
508530 79, 5057
510522 66, 5129
512522 69, 5111
514512 77, 5097
516550 71, 5145
518505 77, 5024
520515 68, 5088
522509 64, 5011
524635 61, 5163
526539 66, 5184
528522 78, 5004
530548 73, 5008
532564 74, 5154
534509 62, 5181
536625 75, 5002
538524 74, 5071
540515 62, 5120
542606 72, 5080
544667 62, 5016
546638 64, 5195
550573 66, 5097
552502 67, 5121
554630 74, 5122
556522 79, 5014
558566 75, 5178
560583 70, 5163
562505 76, 5080
564618 71, 5088
566525 78, 5094
568550 63, 5155
570635 64, 5086
572522 62, 5092
576522 79, 5119
578683 67, 5131
580519 71, 5119
582502 79, 5196
584522 73, 5046
586620 64, 5157
588644 72, 5067
590520 71, 5164
592550 74, 5010
594505 77, 5046
596570 66, 5123
598550 67, 5068
600627 79, 5083
602539 67, 5096
604525 75, 5161
606502 78, 5174
608525 72, 5053
610592 76, 5118
612643 60, 5114
614509 67, 5134
616564 75, 5159
618518 79, 5022
622522 70, 5101
624636 78, 5080
626502 61, 5089
628522 64, 5127
630525 76, 5121
632542 76, 5057
634527 72, 5151
636525 72, 5055
638568 61, 5022
640503 78, 5067
642518 71, 5180
644502 73, 5025
646525 61, 5050
648542 68, 5178
650564 76, 5061
652668 68, 5077
656688 60, 5151
658530 60, 5189
660506 76, 5081
662625 78, 5036
664547 72, 5118
666557 65, 5147
668502 76, 5052
670522 79, 5076
672561 65, 5192
674522 77, 5033
678505 71, 5062
680606 66, 5024
682525 70, 5149
684505 73, 5171
686518 68, 5092
688631 60, 5115
690522 79, 5157
692530 64, 5180
694502 64, 5123
696572 73, 5032
698502 76, 5078
700522 79, 5023
702630 72, 5167
704564 60, 5106
706615 74, 5181
708556 72, 5099
710593 68, 5177
712502 76, 5018
714525 73, 5121
716611 63, 5103
718522 68, 5199
720519 71, 5113
722502 67, 5133
724627 64, 5130
726564 74, 5104
728522 78, 5099
730509 60, 5175
732539 72, 5029
734708 69, 5013
738553 71, 5029
742688 78, 5185
744574 68, 5085
746672 69, 5036
748574 65, 5140
750525 68, 5126
752509 76, 5020
754599 62, 5118
756595 67, 5082
758634 70, 5153
760525 75, 5179
762525 71, 5185
764792 70, 5076
766502 60, 5092
768525 65, 5154
772585 71, 5164
774525 68, 5159
776659 63, 5017
778502 73, 5141
780522 64, 5198
784505 65, 5154
786509 67, 5070
788505 66, 5029
790579 65, 5024
792525 62, 5062
794512 61, 5195
796522 67, 5192
798530 70, 5004
800740 63, 5109
802628 73, 5075
804571 76, 5076
806515 70, 5172
808572 73, 5017
810506 71, 5186
812522 78, 5123
816502 75, 5192
818650 63, 5161
820544 77, 5197
822605 62, 5198
824625 73, 5114
826527 76, 5133
828570 60, 5015
830554 63, 5058
832512 70, 5081
834522 70, 5034
836515 74, 5026
838515 63, 5005
840535 67, 5131
842790 72, 5003
844528 72, 5176
846522 79, 5035
848544 78, 5077
850522 65, 5132
852519 61, 5180
854505 78, 5120
856670 68, 5133
858525 61, 5142
862525 60, 5120
864570 78, 5170
868553 70, 5048
870515 68, 5036
872512 79, 5079
874515 75, 5171
876669 68, 5160
878556 72, 5125
880509 65, 5037
882545 75, 5070
884525 70, 5167
888622 75, 5036
890625 75, 5033
892502 75, 5117
894525 73, 5051
896505 66, 5038
898654 65, 5146
900503 67, 5055
902502 70, 5073
904528 65, 5037
908525 64, 5191
910506 76, 5054
912631 75, 5115
914505 67, 5138
916631 76, 5113
918512 65, 5016
920503 77, 5139
922525 60, 5003
924515 75, 5063
926525 73, 5064
928525 75, 5036
930512 76, 5184
932505 69, 5170
934502 70, 5136
936575 73, 5031
938525 78, 5096
940601 62, 5021
942533 65, 5114
944547 74, 5125
946505 61, 5127
948630 62, 5151
952553 69, 5013
954596 61, 5085
956527 62, 5170
958522 76, 5188
960607 70, 5142
962593 79, 5128
964625 79, 5082
966670 62, 5152
968567 61, 5109
970538 68, 5080
974519 73, 5123
976683 76, 5033
978525 60, 5029
980606 61, 5059
982525 66, 5057
984512 77, 5196
986525 66, 5001
990519 77, 5061
992650 69, 5008
994547 74, 5125
996502 65, 5004
998564 76, 5027
1000512 60, 5075
1004660 62, 5162
1006622 61, 5178
1008530 66, 5184
1010503 75, 5107
1012509 63, 5051
1014600 64, 5181
1016542 66, 5013
1018572 73, 5018
1020512 67, 5103
1022505 72, 5035
1024584 67, 5147
1026544 75, 5064
1028522 77, 5158
1030528 78, 5199
1032603 67, 5045
1034563 69, 5158
1036569 60, 5033
1038502 70, 5117
1040602 60, 5144
1042525 60, 5054
1046502 61, 5148
1048522 65, 5188
1050503 61, 5115
1052522 68, 5074
1054522 66, 5112
1058539 66, 5152
1060519 66, 5176
1062512 65, 5129
1064502 78, 5035
1066525 77, 5064
1068561 77, 5011
1072505 68, 5030
1074547 64, 5047
1076527 66, 5165
1078624 69, 5104
1080528 66, 5112
1084522 66, 5017
1086512 65, 5180
1088502 69, 5007
1090512 65, 5191
1092600 70, 5042
1094502 61, 5102
1096505 69, 5151
1098539 66, 5051
1100622 77, 5102
1108579 71, 5196
1110506 61, 5107
1112544 69, 5096
1114531 74, 5068
1116525 64, 5023
1118502 72, 5115
1120535 72, 5180
1122505 74, 5027
1124515 65, 5049
1126502 70, 5165
1128502 65, 5196
1130503 63, 5064
1132502 76, 5131
1134735 79, 5073
1136656 62, 5012
1138550 73, 5119
1140509 68, 5165
1142718 67, 5174
1144512 73, 5056
1146505 76, 5051
1148531 60, 5092
1150525 70, 5138
1152625 67, 5019
1154531 72, 5086
1156527 78, 5179
1158679 71, 5171
1160615 69, 5184
1162505 63, 5139
1164522 60, 5113
1166509 78, 5168
1168512 76, 5162
1170509 75, 5130
1172518 70, 5080
1174502 60, 5010
1178609 64, 5192
1180515 65, 5053
1182512 78, 5094
1186522 68, 5111
1192542 74, 5008
1194606 63, 5045
1196570 67, 5056
1198505 76, 5030
1200506 78, 5171
1202612 79, 5166
1204522 66, 5043
1206545 79, 5132
1208509 71, 5017
1210522 71, 5180
1212527 60, 5119
1216581 67, 5028
1218533 67, 5095
1222595 78, 5166
1224547 62, 5199
1226505 77, 5084
1228586 62, 5020
1230512 69, 5102
1232502 63, 5017
1234522 79, 5109
1236596 62, 5055
1238619 60, 5026
1240538 60, 5135
1242505 76, 5058
1244502 73, 5049
1246635 79, 5023
1248522 75, 5152
1252547 76, 5131
1254509 71, 5130
1256522 72, 5082
1258536 71, 5191
1260525 64, 5043
1262522 63, 5077
1264528 71, 5014
1266533 65, 5058
1268536 79, 5163
1270509 65, 5040
1272512 70, 5122
1274574 62, 5010
1276525 60, 5061
1278530 68, 5172
1280503 65, 5180
1282509 71, 5008
1284522 62, 5099
1286568 62, 5032
1288539 78, 5097
1290522 62, 5026
1292505 67, 5052
1294515 62, 5167
1296505 70, 5011
1298521 63, 5116
1300648 68, 5029
1302527 63, 5002
1304540 72, 5021
1308518 62, 5105
1310567 76, 5130
1312502 69, 5048
1314755 65, 5078
1316502 68, 5036
1318512 72, 5070
1320522 68, 5166
1322518 60, 5073
1324509 73, 5012
1326570 60, 5199
1328530 77, 5055
1330531 79, 5090
1332618 62, 5198
1336561 70, 5190
1338561 73, 5037
1340509 60, 5010
1342635 70, 5074
1344536 66, 5134
1346522 77, 5102
1348509 66, 5049
1350525 78, 5048
1352536 74, 5038
1354574 63, 5056
1356664 63, 5006
1358615 68, 5082
1360600 75, 5072
1362505 79, 5014
1364556 68, 5103
1366530 78, 5004
1368620 61, 5100
1370509 79, 5082
1372525 73, 5042
1374638 60, 5089
1376625 77, 5098
1378525 73, 5058
1380512 66, 5083
1382515 64, 5019
1384571 60, 5168
1386580 70, 5027
1388525 70, 5053
1390554 69, 5055
1392587 60, 5195
1394522 78, 5187
1396538 66, 5178
1398502 66, 5096
1400577 67, 5191
1402512 68, 5010
1404635 60, 5120
1406518 70, 5148
1408525 75, 5051
1410563 76, 5091
1412542 60, 5055
1414505 70, 5128
1416644 70, 5115
1418522 65, 5122
1420598 61, 5156
1422502 74, 5036
1424545 72, 5030
1426505 66, 5153
1428621 62, 5152
1430516 63, 5088
1432618 70, 5188
1434531 60, 5066
1436619 64, 5039
1438527 77, 5055
1440512 63, 5033
1442589 75, 5146
1446505 77, 5068
1448505 70, 5173
1450509 76, 5117
1452530 61, 5046
1454712 73, 5169
1456525 66, 5130
1458575 72, 5144
1462564 71, 5188
1464525 77, 5036
1466525 74, 5149
1468518 69, 5002
1470603 70, 5025
1472544 72, 5088
1476670 63, 5072
1478525 61, 5195
1480503 62, 5064
1482502 62, 5156
1484544 74, 5055
1488570 62, 5143
1490692 60, 5010
1492515 63, 5012
1494647 66, 5094
1496505 72, 5032
1498531 73, 5055
1500528 78, 5041
1502530 73, 5062
1504522 68, 5177
1506512 76, 5004
1508525 77, 5197
1512612 62, 5081
1514512 75, 5022
1516547 69, 5194
1518642 63, 5181
1520586 66, 5175
1522577 78, 5184
1524593 66, 5007
1526525 79, 5036
1528542 62, 5035
1530525 73, 5037
1532556 60, 5162
1534522 69, 5000
1536522 61, 5080
1538635 68, 5019
1540538 62, 5055
1542502 60, 5027
1544577 75, 5023
1546502 63, 5092
1548525 77, 5146
1550578 62, 5114
1552505 64, 5084
1554651 77, 5135
1556562 74, 5096
1558515 73, 5046
1560519 65, 5162
1562509 70, 5178
1564553 78, 5113
1566666 63, 5177
1568512 65, 5086
1570522 60, 5036
1572559 70, 5051
1574522 77, 5057
1576628 64, 5080
1578585 71, 5163
1580503 76, 5153
1582544 78, 5170
1584525 63, 5082
1586525 69, 5072
1588502 73, 5096
1590724 70, 5169
1594706 69, 5195
1598522 68, 5007
1600503 71, 5008
1602638 60, 5020
1604505 76, 5021
1606522 67, 5036
1608734 77, 5186
1610517 74, 5178
1612612 64, 5078
1614638 60, 5076
1616586 62, 5144
1618628 76, 5191
1620522 70, 5124
1622505 62, 5178
1624505 64, 5064
1626550 77, 5153
1628530 68, 5149
1630525 68, 5059
1632522 70, 5095
1638557 79, 5019
1640557 68, 5186
1644556 60, 5162
1648689 69, 5152
1650588 62, 5013
1652505 76, 5001
1654525 66, 5064
1656512 79, 5085
1658522 62, 5033
1660535 73, 5028
1662583 66, 5170
1664564 74, 5126
1666545 78, 5091
1668707 79, 5000
1670679 71, 5133
1672505 74, 5079
1674505 65, 5023
1676592 64, 5108
1680522 71, 5058
1682651 75, 5020
1684566 66, 5042
1686553 61, 5112
1688505 66, 5164
1690522 60, 5096
1692527 77, 5195
1694522 78, 5000
1696600 78, 5113
1698702 63, 5128
1702570 77, 5089
1704525 75, 5159
1706505 66, 5129
1708527 75, 5108
1710522 65, 5109
1712603 70, 5170
1714673 61, 5109
1716509 63, 5185
1718604 73, 5015
1720522 65, 5018
1722522 71, 5130
1724550 78, 5068
1726561 64, 5174
1730551 63, 5089
1732505 77, 5060
1734555 70, 5068
1736512 63, 5140
1738522 76, 5008
1740512 67, 5062
1742721 65, 5019
1744509 71, 5187
1746530 67, 5112
1748502 63, 5038
1750515 75, 5100
1754522 71, 5067
1756616 71, 5042
1758539 74, 5052
1760503 76, 5076
1762530 63, 5098
1764502 70, 5171
1766509 60, 5168
1768522 75, 5055
1770512 77, 5015
1772539 68, 5131
1774533 62, 5101
1776522 72, 5159
1778525 62, 5124
1782525 65, 5129
1784525 65, 5035
1786657 63, 5158
1788525 69, 5081
1790509 60, 5063
1792584 78, 5119
1794606 62, 5104
1796515 71, 5026
1798505 78, 5128
