90640 2085
100544 2086
110553 1990
120628 1931
130506 2069
140536 2084
150602 1903
160570 2013
170670 2076
180538 1983
190528 2073
200632 2015
210673 2080
220631 1996
230529 1917
240610 2041
250617 2066
260571 2058
270506 1923
280651 2087
290552 2055
300612 2055
310591 2064
320558 2099
330699 2012
340623 1908
350519 1923
360509 2040
370525 1968
390519 2009
400601 2012
420522 2048
430595 2062
440544 1999
450647 2026
460544 2017
470516 2089
480535 2090
490628 1965
500550 2062
510612 1920
520576 2078
530519 2093
540587 1940
550619 1997
560586 1922
570515 2048
580629 2074
590549 2039
600506 2048
610607 1965
630629 1941
640585 2091
650541 1911
660660 2090
670596 1906
680503 2034
690538 2094
700579 1950
710564 1938
720509 2024
730631 2053
740589 1967
750651 1949
760567 2034
770631 2012
780579 1981
790596 1991
800513 1994
810525 1927
820586 2094
830564 1935
840676 2067
850610 2017
860510 1965
870509 1953
880721 2041
890612 2070
900687 1924
910503 2067
920631 1987
930515 2086
940569 2018
950520 1984
960576 2095
970510 2014
980567 1935
990566 1964
1000659 1948
1010618 2052
1020658 1925
1030525 2007
1040534 2025
1050582 1937
1060631 2063
1070525 1977
1080597 1903
1090623 2042
1110632 2095
1120635 2014
1130679 1996
1140585 2005
1150531 2063
1160541 1989
1170586 2088
1180522 2054
1190548 2036
1200610 1920
1210512 2020
1220553 1993
1230641 2073
1240588 2062
1250582 1929
1260609 2082
1270627 1955
1280503 2067
1290607 2085
1300515 2045
1310527 1916
1320649 1981
1330702 1936
1340516 2056
1350651 1939
1360512 2015
1370692 1991
1380531 2015
1390612 1956
1400535 1944
1410641 1960
1420611 2041
1430636 1905
1440525 1907
1450664 2044
1460644 2085
1470551 1973
1480600 1915
1490506 2086
1500506 1994
1510532 2042
1520564 2045
1530797 1921
1540566 1958
1550575 1915
1560597 2068
1570515 1910
1580567 2043
1590531 2096
1600617 2045
1610577 2087
1620679 2077
1630657 2084
1640650 1986
1650651 1992
1660522 1928
1680673 2058
1690667 1990
1700519 1960
1710506 1973
1720566 1935
1730586 1937
1740509 1957
1750629 1934
1760558 2001
1770586 2084
1780592 1989
1790641 2075
