90506 2076
100512 1981
110692 1930
120671 2040
130525 2034
140513 2010
150557 1970
160512 2040
180525 2070
190622 2011
200503 2064
210515 1959
220506 2084
230503 1982
240644 1990
250515 2088
260658 2085
270531 1939
280708 1925
290622 2004
300525 1946
310515 1917
330503 2019
340614 2004
350503 2091
360515 2030
370503 1949
390515 2026
400531 1914
410535 2023
420506 2063
430588 1963
440612 1930
450525 2026
460525 2023
470686 1908
480519 2088
490585 1909
500533 1997
510503 2090
520554 2033
530503 2018
540699 2099
550525 1918
570512 1967
580522 1976
590599 1916
600618 1978
610512 1984
620650 2050
630503 2070
640528 2006
660519 2013
670512 2010
680539 1945
690632 1929
700515 2094
720547 1985
730522 1967
740666 1995
750522 2091
760515 1950
770509 1924
780512 2095
790544 2092
810528 1906
820522 2049
830631 1972
840525 2049
850515 2088
870506 1986
880503 1963
900509 1991
910525 1941
920554 2078
930525 2052
940515 2090
950568 2098
960503 2017
970557 2020
980660 1910
990512 1904
1000522 2054
1010695 1900
1020503 2054
1030547 2034
1050569 1988
1060528 2046
1070615 2025
1080535 1942
1090519 2050
1100503 1982
1110512 2061
1120509 1927
1130542 1957
1140519 1997
1150515 1954
1160609 2013
1170519 1992
1180538 2066
1200522 1967
1210509 1962
1230506 2086
1240512 2000
1260506 1918
1270509 1921
1290512 1948
1300566 2011
1310503 2042
1320522 1987
1330509 1926
1350560 2073
1360503 2065
1380554 1918
1390525 2010
1410525 2060
1420522 1978
1430561 1914
1440592 1987
1450506 2060
1460625 1902
1470535 1929
1480509 2009
1490574 2050
1500588 1936
1520670 1964
1530628 1915
1540676 1969
1550586 1915
1560641 2025
1570638 1976
1580641 1919
1590509 1964
1600515 2011
1610625 2022
1620519 1955
1630506 1949
1640714 2010
1650519 1980
1660582 2058
1680512 2002
1690509 1920
1700628 1972
1710512 1969
1720509 1946
1740519 1955
1750509 1908
1760647 1902
1770525 1964
1790503 1958
