140583 4374
230539 4318
260803 4478
291127 4499
320732 4433
350902 4423
381186 4410
441202 4420
470628 4425
500752 4406
530709 4454
561019 4328
590816 4360
620732 4338
651097 4402
680566 4388
741345 4367
771349 4375
801317 4304
830696 4407
860958 4392
890485 4465
920639 4301
951175 4374
1010938 4382
1070745 4393
1100746 4405
1161841 4379
1190474 4364
1220542 4425
1250893 4387
1280669 4403
1371208 4434
1400992 4478
1430777 4323
1460492 4389
1520779 4478
1581249 4404
1640768 4323
1671266 4366
1700968 4456
1730855 4449
1760901 4450
1790964 4381
