141203 4428
171273 4355
200691 4349
231235 4449
261073 4375
290781 4374
320918 4467
350758 4431
381241 4308
411371 4467
440820 4445
470664 4453
500652 4491
530860 4351
560980 4308
650799 4354
680601 4472
710493 4460
741297 4375
771122 4404
801426 4459
830664 4475
860640 4431
951312 4482
980609 4450
1010858 4455
1040891 4420
1070646 4394
1100605 4320
1161126 4340
1190722 4454
1220975 4486
1250617 4427
1280974 4489
1311013 4478
1340797 4466
1371410 4313
1430408 4365
1460841 4445
1521071 4419
1550700 4457
1580889 4417
1610430 4308
1671192 4385
1700955 4328
1730547 4445
1760593 4345
1791159 4346
