82454 78, 5085
84721 75, 5140
88657 66, 5006
96330 76, 5133
98567 74, 5119
101791 61, 5127
102879 78, 5069
104344 77, 5052
106837 72, 5049
108570 70, 5166
112502 70, 5120
113692 72, 5067
114309 67, 5096
116562 61, 5014
118637 67, 5199
120961 76, 5070
123042 71, 5180
124398 78, 5180
126886 76, 5057
128242 72, 5108
130562 73, 5183
132305 61, 5121
134674 61, 5021
136732 75, 5108
138561 74, 5155
141665 70, 5166
142719 73, 5034
144430 64, 5092
146435 66, 5101
151653 75, 5107
152264 71, 5027
154222 76, 5111
156809 68, 5176
158769 79, 5063
163226 63, 5094
164430 78, 5026
166276 73, 5116
168666 76, 5169
172505 67, 5090
173150 75, 5019
176426 68, 5156
178061 61, 5100
181239 70, 5172
184298 61, 5023
186177 75, 5120
188521 77, 5124
192890 68, 5194
194397 75, 5125
196662 79, 5109
198360 65, 5199
202550 73, 5189
203143 68, 5001
204747 74, 5121
206510 64, 5175
208458 64, 5110
212475 73, 5042
215280 74, 5038
216709 65, 5053
218683 65, 5160
222067 62, 5186
223015 70, 5170
224128 65, 5157
226299 61, 5050
232268 72, 5045
233042 62, 5010
234641 73, 5038
236570 74, 5198
238528 77, 5130
240673 70, 5024
242197 69, 5122
244222 74, 5124
246511 65, 5096
250551 72, 5050
252486 66, 5059
254543 60, 5161
256365 63, 5149
258439 63, 5093
261757 62, 5063
262672 79, 5020
264842 69, 5134
266806 75, 5119
268410 73, 5138
272286 79, 5024
272580 65, 5180
274649 64, 5090
276420 62, 5073
281076 67, 5194
282730 75, 5136
284173 62, 5164
286425 63, 5111
288458 79, 5084
291796 69, 5177
292788 60, 5087
294468 71, 5013
296864 77, 5190
298267 73, 5060
302899 73, 5141
306261 78, 5012
308352 75, 5021
311956 76, 5098
312396 77, 5080
314163 72, 5016
316121 65, 5102
318257 63, 5052
322260 62, 5050
323089 71, 5133
326729 67, 5179
331251 67, 5101
332426 74, 5165
334590 69, 5113
338374 66, 5173
341624 75, 5148
346381 70, 5167
348381 71, 5070
351268 71, 5051
354255 67, 5000
356919 73, 5014
358343 60, 5185
361534 63, 5137
364406 76, 5139
366319 64, 5071
368228 77, 5119
371257 74, 5189
372364 68, 5168
374595 74, 5098
376386 73, 5057
378241 75, 5022
383327 75, 5038
384393 61, 5081
386382 66, 5050
388531 79, 5001
390623 69, 5023
392539 63, 5025
394345 71, 5160
396297 68, 5170
398785 69, 5090
401800 65, 5137
402487 61, 5010
404540 66, 5027
406693 78, 5149
408583 72, 5116
412760 61, 5127
414221 64, 5150
416482 60, 5086
418466 76, 5073
421535 72, 5089
422494 67, 5088
424212 74, 5096
428325 67, 5163
430923 61, 5066
432547 68, 5025
434238 66, 5123
436459 79, 5198
438496 64, 5037
441874 72, 5095
443352 68, 5115
444434 66, 5026
446408 67, 5184
448408 64, 5045
451488 60, 5022
452519 75, 5178
454377 72, 5151
456485 64, 5118
458502 73, 5108
461793 63, 5167
462567 70, 5006
464220 62, 5013
466235 79, 5079
472821 62, 5084
474272 72, 5022
476802 79, 5124
478470 67, 5192
481036 74, 5017
482443 76, 5046
484095 74, 5077
486539 68, 5180
488081 70, 5116
491321 77, 5010
492438 60, 5031
494403 68, 5043
496235 67, 5021
498512 63, 5117
501400 75, 5196
502736 62, 5016
504453 66, 5125
506676 76, 5097
508179 77, 5153
512453 67, 5174
514313 78, 5174
516700 62, 5153
518447 75, 5140
521520 73, 5077
522443 77, 5113
524192 66, 5184
526400 73, 5197
528264 74, 5176
532651 70, 5128
534400 79, 5111
536321 66, 5040
538611 70, 5154
541061 62, 5077
542455 69, 5126
544359 72, 5173
546298 68, 5032
548560 70, 5090
550907 79, 5191
552474 73, 5058
554471 72, 5088
556358 79, 5087
558192 73, 5152
562446 66, 5178
562991 62, 5092
564477 79, 5185
566470 75, 5047
568461 69, 5049
570705 61, 5147
572148 75, 5187
574335 71, 5109
576496 67, 5102
578257 62, 5116
581602 70, 5024
582409 60, 5145
584332 73, 5081
586432 61, 5075
588636 62, 5187
591570 65, 5064
593052 66, 5067
596177 72, 5086
598676 78, 5079
602345 66, 5167
604217 73, 5043
606360 65, 5007
612227 62, 5191
616303 74, 5097
618588 73, 5115
621608 68, 5112
626511 76, 5056
628338 68, 5171
631360 60, 5175
632607 67, 5131
634602 79, 5034
636552 64, 5045
638398 60, 5162
641284 60, 5122
642690 71, 5181
644495 72, 5057
648629 65, 5106
651348 70, 5178
652517 76, 5194
654736 66, 5054
656185 60, 5121
658580 67, 5129
662400 79, 5134
664398 73, 5002
666639 66, 5014
668361 78, 5036
671639 61, 5019
672386 75, 5185
674583 64, 5099
676373 74, 5176
678332 79, 5064
681645 62, 5043
682767 70, 5129
684219 68, 5179
686356 75, 5101
688225 60, 5190
692468 78, 5123
694313 68, 5150
696541 79, 5065
698725 72, 5169
701099 64, 5143
702540 62, 5171
704437 73, 5104
706231 79, 5193
708205 70, 5056
711862 78, 5194
712476 60, 5056
714641 78, 5136
716190 75, 5068
718410 73, 5082
721439 63, 5095
722328 76, 5007
724136 66, 5027
726336 63, 5144
728328 71, 5130
731456 75, 5058
732471 64, 5110
734448 60, 5107
736354 64, 5016
738406 68, 5105
742810 67, 5128
746484 62, 5139
748476 70, 5109
751098 78, 5070
752597 64, 5173
754279 63, 5052
756283 72, 5087
758411 77, 5101
761103 73, 5131
762385 61, 5078
764579 61, 5085
766546 75, 5190
768419 78, 5123
771926 61, 5016
772654 71, 5146
774358 60, 5063
776341 69, 5192
778379 73, 5112
781256 77, 5089
782434 68, 5017
784518 72, 5069
786192 64, 5017
788392 77, 5096
791282 73, 5064
792395 71, 5053
794611 61, 5183
796324 71, 5177
798290 78, 5141
802257 60, 5004
802572 72, 5058
804393 64, 5147
806440 77, 5087
808377 69, 5183
811331 67, 5093
812955 77, 5093
814316 68, 5106
818535 64, 5196
821332 66, 5049
822391 70, 5165
824630 70, 5111
826164 76, 5094
828352 62, 5032
832000 75, 5116
832999 71, 5175
834386 67, 5002
836617 79, 5092
838293 71, 5143
840951 69, 5040
842141 63, 5191
844409 74, 5095
846261 65, 5053
848223 71, 5161
850949 78, 5160
852432 60, 5116
854683 61, 5114
856335 69, 5078
858604 70, 5143
861957 70, 5133
862878 77, 5019
864330 69, 5045
866171 62, 5061
868610 61, 5096
871143 72, 5168
872298 63, 5114
874364 77, 5042
876507 71, 5117
878257 75, 5139
881365 61, 5083
882293 79, 5147
884223 76, 5155
886235 65, 5082
888416 77, 5075
891390 78, 5188
893021 79, 5049
894401 72, 5048
896500 65, 5134
898624 60, 5101
901551 61, 5146
902305 63, 5185
904145 65, 5027
906462 65, 5076
908593 60, 5110
911173 60, 5064
912513 68, 5052
914563 76, 5087
916357 78, 5085
918356 61, 5136
921898 70, 5067
923024 67, 5184
924361 75, 5091
926555 74, 5068
928697 60, 5064
930834 78, 5115
932446 62, 5040
934448 62, 5075
936480 79, 5050
938316 70, 5077
940510 74, 5165
942277 66, 5096
944300 64, 5047
946241 69, 5125
948393 65, 5088
951399 68, 5019
953185 69, 5126
954600 79, 5104
956381 67, 5019
958285 76, 5195
961352 70, 5057
962654 63, 5190
964204 66, 5187
966356 60, 5084
968380 77, 5135
972522 79, 5134
974239 72, 5051
976347 62, 5089
978272 79, 5052
981444 76, 5143
984263 66, 5125
986422 66, 5031
988285 60, 5022
992355 61, 5138
994311 60, 5012
998275 70, 5069
1001180 65, 5053
1002355 65, 5012
1004591 65, 5148
1006212 63, 5089
1008282 79, 5187
1011118 69, 5026
1012766 65, 5167
1014597 76, 5106
1016298 74, 5149
1018470 74, 5144
1021421 64, 5036
1024287 66, 5183
1026448 75, 5172
1032185 75, 5193
1034056 69, 5041
1036400 66, 5131
1038102 78, 5025
1042706 73, 5180
1046280 62, 5111
1048133 75, 5181
1051610 62, 5008
1052128 62, 5172
1054359 76, 5168
1056274 70, 5171
1061394 73, 5009
1062164 65, 5055
1064413 72, 5097
1066305 70, 5067
1068376 71, 5005
1072763 71, 5165
1074269 68, 5010
1076255 68, 5166
1078468 73, 5125
1081098 70, 5039
1082465 74, 5047
1084572 79, 5127
1086275 79, 5070
1088215 64, 5088
1091000 75, 5143
1092448 71, 5039
1094354 73, 5023
1096405 69, 5023
1098320 68, 5090
1101103 61, 5024
1102231 64, 5040
1104192 76, 5186
1108153 75, 5164
1110809 73, 5112
1112448 72, 5025
1114411 61, 5009
1116395 71, 5162
1118346 65, 5145
1122238 67, 5130
1124607 64, 5059
1126587 78, 5189
1128432 62, 5049
1131940 75, 5191
1132803 78, 5056
1134460 60, 5005
1136537 78, 5063
1138146 60, 5160
1142642 60, 5027
1144439 65, 5167
1146409 66, 5187
1148621 74, 5182
1151536 63, 5012
1152399 60, 5166
1154478 73, 5047
1156220 76, 5051
1158335 70, 5164
1162339 78, 5187
1164334 78, 5002
1166254 77, 5182
1168225 76, 5179
1170997 75, 5169
1172525 67, 5133
1174643 65, 5003
1176366 76, 5068
1178637 71, 5075
1181663 67, 5130
1182373 65, 5107
1184320 60, 5060
1186134 69, 5149
1188264 68, 5052
1191582 76, 5164
1192726 61, 5139
1196435 63, 5190
1198231 71, 5070
1201708 68, 5124
1202476 70, 5068
1204674 70, 5055
1206205 62, 5164
1208231 71, 5142
1212409 60, 5055
1214532 73, 5026
1216321 77, 5134
1218718 64, 5123
1221268 66, 5143
1222852 72, 5126
1224519 60, 5055
1226380 60, 5041
1228532 72, 5196
1231544 62, 5086
1232507 79, 5167
1234620 79, 5041
1236399 62, 5078
1238566 67, 5107
1242199 76, 5041
1244468 68, 5105
1246515 75, 5056
1248557 75, 5024
1252160 76, 5149
1252481 73, 5132
1254239 76, 5033
1256279 73, 5021
1258310 77, 5199
1261387 70, 5140
1262119 65, 5176
1264448 74, 5057
1266551 60, 5103
1268490 69, 5165
1271596 69, 5087
1272140 71, 5097
1274482 77, 5131
1276626 70, 5089
1278533 74, 5029
1281706 62, 5146
1282723 63, 5126
1284462 64, 5009
1286424 77, 5091
1288320 77, 5091
1291535 69, 5180
1292519 76, 5158
1294256 75, 5074
1296378 62, 5139
1301319 61, 5017
1302134 77, 5082
1304311 70, 5105
1306731 74, 5092
1308343 62, 5174
1311862 74, 5128
1314115 78, 5119
1316271 63, 5140
1318183 76, 5109
1322454 78, 5065
1324492 77, 5030
1326298 61, 5021
1328496 79, 5012
1331331 79, 5029
1332542 65, 5196
1334289 76, 5061
1336209 73, 5176
1338401 62, 5161
1342306 72, 5110
1344335 71, 5031
1346180 60, 5113
1348286 60, 5186
1351309 66, 5098
1352327 64, 5004
1354360 71, 5036
1356429 73, 5022
1358631 70, 5107
1361147 69, 5079
1364374 72, 5171
1366265 76, 5014
1371896 69, 5068
1374412 77, 5077
1378293 62, 5076
1380908 60, 5142
1382441 63, 5086
1384543 69, 5171
1386357 72, 5090
1388502 69, 5140
1391389 76, 5147
1392526 60, 5029
1394345 69, 5063
1396261 70, 5134
1398232 61, 5098
1401686 79, 5134
1402864 71, 5119
1404407 74, 5000
1406435 64, 5011
1408098 73, 5198
1410956 67, 5163
1412471 67, 5141
1414626 69, 5183
1416524 78, 5005
1418312 69, 5058
1420632 73, 5101
1422279 77, 5145
1424420 65, 5002
1426320 67, 5169
1428436 75, 5053
1431237 78, 5162
1432436 63, 5163
1434485 69, 5025
1436319 78, 5009
1438364 62, 5007
1441255 65, 5044
1442515 61, 5027
1444512 61, 5094
1446206 70, 5030
1448500 79, 5032
1451573 64, 5107
1452665 78, 5195
1456518 71, 5093
1458297 74, 5077
1461808 64, 5170
1462509 68, 5020
1464180 71, 5131
1466478 70, 5131
1468528 77, 5057
1470978 68, 5076
1474341 63, 5147
1478423 79, 5150
1480866 77, 5167
1482336 72, 5086
1484455 70, 5014
1488528 78, 5090
1491809 74, 5038
1492374 65, 5083
1494222 79, 5150
1496264 67, 5029
1498283 67, 5037
1500768 66, 5009
1502504 74, 5067
1504388 64, 5168
1506303 78, 5137
1508316 67, 5144
1511721 76, 5090
1512881 76, 5040
1514350 70, 5094
1516422 69, 5083
1518389 67, 5198
1521598 76, 5060
1522648 74, 5037
1524465 75, 5145
1526427 70, 5168
1528360 68, 5132
1531209 72, 5169
1532157 60, 5186
1534235 60, 5022
1536485 61, 5126
1538472 70, 5177
1541503 62, 5089
1542301 68, 5130
1544448 64, 5134
1546430 77, 5070
1548524 70, 5106
1551739 70, 5094
1552736 69, 5093
1556304 73, 5011
1558208 79, 5155
1561484 73, 5119
1562609 76, 5170
1564716 73, 5115
1566203 65, 5198
1568209 71, 5125
1571081 62, 5124
1572200 78, 5076
1576485 71, 5131
1578541 60, 5095
1582258 67, 5162
1583225 65, 5036
1584411 67, 5082
1586075 63, 5075
1588300 73, 5153
1591292 77, 5173
1592321 64, 5129
1594408 62, 5025
1596387 66, 5080
1598455 74, 5157
1601022 73, 5162
1602306 69, 5016
1604546 67, 5154
1606128 66, 5130
1608243 72, 5175
1611301 72, 5086
1612510 77, 5013
1614364 73, 5028
1616277 64, 5123
1618238 69, 5040
1622446 78, 5114
1624389 61, 5102
1626523 77, 5147
1628523 67, 5004
1632673 63, 5068
1634379 76, 5010
1636603 71, 5018
1638637 77, 5071
1641921 66, 5157
1644358 74, 5167
1646325 66, 5190
1648265 77, 5090
1652213 68, 5010
1654466 73, 5086
1656304 61, 5165
1658494 61, 5063
1661127 65, 5114
1662553 68, 5155
1664456 79, 5140
1666089 66, 5137
1668308 69, 5084
1671536 70, 5065
1672555 72, 5185
1676313 62, 5123
1678229 75, 5083
1682387 76, 5132
1684393 74, 5077
1686652 67, 5118
1688406 75, 5106
1691306 78, 5130
1692497 66, 5105
1694500 79, 5181
1696462 65, 5074
1698344 71, 5123
1701768 74, 5180
1702469 67, 5181
1704407 60, 5007
1706425 60, 5137
1708561 78, 5165
1711643 67, 5002
1712226 78, 5135
1714447 63, 5128
1718432 61, 5158
1721493 71, 5193
1722476 72, 5046
1724270 67, 5198
1726491 73, 5056
1728228 63, 5180
1731642 64, 5189
1732547 62, 5001
1734335 62, 5197
1736251 68, 5034
1738256 61, 5194
1741632 78, 5174
1742221 61, 5187
1744287 74, 5046
1746152 65, 5061
1748449 72, 5053
1751524 79, 5117
1752334 74, 5049
1754483 72, 5197
1756573 76, 5028
1758414 76, 5018
1761682 64, 5058
1762367 61, 5145
1764513 73, 5072
1766512 63, 5068
1768369 72, 5032
1771091 72, 5044
1772277 65, 5058
1774347 74, 5080
1776348 78, 5177
1778231 60, 5095
1781420 70, 5174
1782278 66, 5059
1784354 74, 5048
1786277 71, 5064
1788529 61, 5197
1791691 73, 5179
1792700 71, 5109
1794625 63, 5124
1796401 73, 5013
1798406 63, 5143
