82913 63,
84543 65,
86564 68,
88583 77,
91711 66,
92852 75,
94720 78,
96575 66,
98732 70,
101440 62,
103573 61,
104471 69,
107008 72,
108737 69,
113542 78,
116723 73,
118356 71,
122300 68,
123244 70,
124558 73,
126257 70,
131405 72,
132878 64,
134521 65,
136936 78,
141892 79,
142812 70,
144773 76,
147097 73,
148851 67,
151447 60,
152600 63,
154419 64,
157190 64,
158466 66,
161915 72,
162844 74,
164679 63,
166554 69,
168380 78,
171308 78,
173869 62,
174786 61,
176498 73,
178232 70,
181595 68,
184001 70,
184702 61,
186830 67,
188315 64,
191397 63,
192587 78,
194276 71,
196562 61,
198382 74,
202708 71,
203781 73,
204583 65,
206443 76,
208633 71,
211803 64,
213262 64,
214349 66,
216714 68,
218398 60,
222253 74,
223420 71,
224420 77,
226812 77,
228443 79,
233390 63,
234164 64,
236499 76,
238199 68,
241277 79,
242817 62,
244408 72,
246572 63,
248703 71,
251329 68,
252649 64,
254160 75,
256758 79,
258403 77,
263261 68,
264273 63,
266414 64,
268447 65,
271507 60,
272423 62,
274583 74,
276381 67,
278467 73,
281909 68,
283309 77,
284529 63,
286304 69,
288206 73,
291457 70,
292713 70,
294577 79,
296872 75,
298486 65,
301867 63,
302644 75,
304856 77,
306137 74,
308309 61,
311379 71,
313040 70,
314362 71,
316438 62,
318547 76,
324186 68,
326416 64,
331804 70,
332409 66,
334359 73,
336358 71,
338495 62,
341842 64,
342664 74,
344362 70,
346501 70,
353071 70,
354464 67,
356260 76,
358706 79,
361327 65,
362874 64,
364554 60,
366910 70,
372323 78,
374373 63,
378626 66,
383476 78,
384296 79,
386528 60,
388345 72,
391238 62,
392721 73,
394460 67,
396259 79,
398186 67,
401503 71,
402559 69,
404466 70,
406218 72,
408417 73,
413390 63,
414504 62,
416811 64,
418205 64,
421576 71,
422184 77,
424602 72,
426221 78,
428437 70,
432556 60,
434312 69,
436516 79,
438281 71,
442171 74,
443154 64,
444733 78,
446545 73,
448495 68,
451276 64,
452250 75,
454434 79,
456303 63,
458513 71,
460755 63,
462572 64,
464852 77,
466396 70,
471362 61,
472769 66,
476385 78,
478186 75,
481389 71,
482794 66,
484296 76,
486303 68,
488422 63,
491334 70,
492608 62,
494412 75,
498613 74,
502474 63,
503128 76,
504208 70,
506665 78,
508452 76,
511677 65,
512409 67,
514510 71,
518277 67,
520999 67,
522274 78,
524431 76,
526439 79,
528289 78,
531914 74,
532698 70,
534657 62,
536590 61,
538498 78,
541817 77,
542673 76,
544170 71,
546421 72,
548271 72,
551191 60,
552483 76,
554349 70,
556559 76,
558304 71,
561813 69,
562907 65,
564330 61,
568436 79,
572634 74,
574140 65,
576566 65,
578626 62,
580810 76,
582509 60,
584262 67,
586452 61,
588278 79,
592190 67,
593527 62,
594242 70,
596396 78,
598256 64,
601386 67,
602523 76,
604416 78,
606462 78,
608294 72,
610879 76,
612545 64,
614224 74,
616305 70,
618466 73,
621572 79,
623053 69,
626306 79,
628563 70,
632331 70,
634284 78,
638446 64,
640797 76,
642588 62,
644750 64,
646171 67,
648459 78,
651865 67,
652801 62,
654475 63,
656384 77,
658334 68,
661835 63,
662485 76,
666614 69,
668484 74,
672321 76,
674500 61,
676593 61,
678383 72,
682812 67,
684785 70,
686557 70,
688269 73,
690498 64,
692283 72,
694370 75,
696814 75,
698454 69,
700793 61,
702317 61,
704618 69,
706342 70,
708450 61,
711596 64,
712865 68,
714565 78,
716526 69,
718664 72,
721492 63,
722498 71,
724118 69,
726578 68,
728535 66,
731640 75,
732698 77,
736316 77,
738431 67,
741895 63,
743559 72,
744134 75,
746324 77,
748198 69,
751818 74,
752587 72,
754170 76,
756357 77,
758392 62,
761201 63,
762390 76,
764613 67,
766724 73,
768341 76,
773354 64,
774431 75,
776525 79,
778525 65,
781440 76,
782406 79,
784326 76,
786207 61,
788337 67,
791311 76,
792177 75,
794257 60,
796201 76,
798246 77,
801801 76,
803176 71,
804436 68,
806470 69,
808587 74,
811564 67,
814672 78,
816569 60,
818434 66,
822530 69,
824562 64,
826687 63,
828521 61,
833080 65,
834727 78,
836429 73,
838557 79,
841651 69,
842215 76,
846139 72,
848354 60,
850556 60,
852613 70,
854420 71,
856423 71,
858411 74,
862246 65,
862835 62,
864329 71,
866277 70,
868495 63,
871506 66,
872158 64,
874526 71,
876459 73,
878353 65,
882997 65,
884337 62,
886583 72,
891595 68,
893193 67,
894386 62,
896332 67,
898439 65,
901423 65,
904514 71,
906423 71,
908657 64,
911694 62,
912529 76,
914370 69,
916271 63,
918554 62,
922586 69,
923309 74,
926424 65,
928405 66,
931587 69,
932663 74,
936605 76,
938380 75,
941144 79,
942171 62,
946228 74,
948460 65,
952881 68,
956301 73,
958263 71,
960992 73,
962344 77,
964254 69,
966458 61,
968183 67,
971299 71,
972378 78,
974287 77,
976690 67,
978489 76,
981586 70,
982700 63,
984490 77,
986788 70,
988644 63,
991275 74,
992225 77,
994363 67,
996386 70,
998465 75,
1001212 70,
1002622 63,
1004360 74,
1006228 71,
1012538 69,
1014332 69,
1016276 72,
1018520 64,
1021943 77,
1022607 62,
1024358 62,
1026181 72,
1028488 66,
1031130 70,
1032282 75,
1034484 70,
1036345 73,
1042288 72,
1044563 67,
1046154 77,
1048229 61,
1051143 63,
1052512 76,
1054335 63,
1056315 60,
1060950 62,
1062412 69,
1064509 60,
1066319 75,
1068475 67,
1071857 60,
1073075 69,
1074360 79,
1076252 73,
1081132 73,
1082290 69,
1084383 63,
1086399 60,
1088133 72,
1091644 62,
1092428 70,
1094300 60,
1096240 60,
1098436 69,
1101458 75,
1102928 79,
1104623 64,
1106373 62,
1108281 71,
1111299 62,
1112526 67,
1116313 72,
1118616 79,
1121371 60,
1122513 72,
1124301 75,
1126386 73,
1128729 61,
1132658 67,
1134564 67,
1136601 72,
1138544 66,
1140553 69,
1142590 79,
1146204 62,
1148241 61,
1151084 67,
1152481 63,
1154393 72,
1156508 67,
1158307 74,
1162700 69,
1164442 71,
1166185 65,
1168515 63,
1171647 69,
1172533 68,
1174341 63,
1176542 61,
1178316 65,
1181251 75,
1182426 68,
1186348 75,
1188318 71,
1191610 64,
1192713 62,
1194483 65,
1196487 77,
1198296 70,
1201595 60,
1202243 74,
1204228 62,
1206384 79,
1208360 68,
1211208 65,
1212543 71,
1214280 72,
1216416 69,
1218467 64,
1221320 75,
1222884 68,
1224539 60,
1226565 73,
1228195 70,
1231169 69,
1232423 75,
1234274 70,
1236442 75,
1238403 62,
1242267 66,
1244523 61,
1246329 64,
1248241 60,
1254454 63,
1256407 62,
1258611 64,
1261421 70,
1262202 70,
1264372 66,
1266394 74,
1268376 74,
1271187 64,
1272482 71,
1274282 62,
1276132 66,
1278599 69,
1282893 65,
1284376 67,
1286331 72,
1288465 61,
1291205 61,
1292403 75,
1294412 66,
1296516 68,
1298441 76,
1301574 79,
1302602 69,
1304330 63,
1306346 67,
1308401 69,
1311107 74,
1312903 71,
1314247 77,
1316610 63,
1318421 79,
1321213 73,
1322164 63,
1324470 64,
1326355 71,
1328170 68,
1331426 66,
1332516 66,
1334347 66,
1336529 67,
1338452 61,
1342235 74,
1342812 69,
1344521 65,
1346304 63,
1348522 73,
1351182 70,
1352204 79,
1354363 79,
1356361 75,
1361312 63,
1362431 69,
1366469 73,
1371778 65,
1372760 73,
1374440 71,
1376406 60,
1378713 63,
1381648 77,
1382405 73,
1384292 74,
1386368 69,
1388325 63,
1391234 63,
1392415 75,
1394166 62,
1396528 69,
1398557 79,
1401541 72,
1402467 79,
1404354 70,
1406324 78,
1408592 73,
1411208 72,
1412515 70,
1414448 69,
1416383 78,
1418265 75,
1424661 61,
1426371 78,
1428167 68,
1431670 64,
1432809 76,
1434274 65,
1436303 79,
1438625 73,
1441355 62,
1442556 62,
1444770 67,
1446503 64,
1448371 64,
1451715 74,
1452416 73,
1454332 61,
1456430 68,
1458360 67,
1461569 66,
1462659 62,
1464537 71,
1466494 70,
1468555 66,
1472412 72,
1474313 74,
1476731 60,
1478410 66,
1481082 62,
1482252 71,
1484448 66,
1486500 65,
1488160 78,
1491713 65,
1492652 70,
1494238 62,
1496419 73,
1498481 78,
1501221 61,
1502298 74,
1504348 61,
1506427 65,
1508372 76,
1510916 61,
1512653 76,
1514220 75,
1516445 60,
1518539 66,
1521806 66,
1522681 61,
1524615 66,
1526516 60,
1528401 67,
1531386 66,
1532308 76,
1534763 73,
1536625 76,
1538478 70,
1541318 66,
1542198 68,
1544407 74,
1546487 70,
1548267 77,
1551615 70,
1553001 63,
1554389 72,
1556273 62,
1558366 76,
1561462 77,
1562465 78,
1566251 61,
1568398 75,
1571550 61,
1572255 76,
1576059 62,
1578306 75,
1581734 72,
1582733 68,
1584198 64,
1586179 76,
1588516 63,
1591226 70,
1592555 70,
1594539 77,
1596390 75,
1598450 62,
1602315 68,
1604459 61,
1606442 73,
1608360 77,
1611810 69,
1612970 78,
1614269 61,
1616303 79,
1618527 79,
1621642 64,
1622257 75,
1624515 73,
1626687 68,
1628401 62,
1630623 63,
1632411 72,
1634366 79,
1636264 65,
1638310 67,
1641386 78,
1642609 60,
1644335 69,
1646360 75,
1648385 76,
1650885 64,
1652342 72,
1654397 69,
1656175 62,
1658390 79,
1661255 66,
1662229 72,
1664342 74,
1666450 68,
1668431 64,
1672300 66,
1673072 60,
1674349 73,
1676228 74,
1678545 70,
1681304 71,
1682225 61,
1684137 78,
1686426 71,
1688355 66,
1691388 71,
1692449 71,
1694420 66,
1696350 63,
1698313 69,
1700815 72,
1702908 60,
1704452 76,
1706397 68,
1708676 78,
1712520 61,
1714526 61,
1716571 66,
1718539 66,
1721295 77,
1722434 71,
1724247 71,
1726349 74,
1728422 72,
1731517 61,
1732693 68,
1734470 79,
1736338 69,
1738415 77,
1741510 74,
1742470 79,
1744458 77,
1746232 76,
1748262 62,
1751339 76,
1752513 61,
1754410 73,
1756303 61,
1761846 66,
1762874 73,
1764470 79,
1766185 68,
1768265 73,
1772423 66,
1774464 72,
1776217 75,
1778344 75,
1781095 76,
1782606 64,
1784455 61,
1786592 62,
1788215 79,
1791863 77,
1792474 62,
1794129 67,
1796589 61,
1798491 70,
