82719 72, 5008
84759 64, 5093
88951 74, 5007
92681 68, 5193
93040 61, 5125
94902 61, 5119
96690 68, 5110
99012 74, 5025
102681 69, 5123
103308 72, 5142
105621 79, 5168
107092 68, 5031
108615 70, 5037
112908 69, 5101
113660 64, 5028
116995 64, 5025
118789 60, 5097
122603 67, 5185
123243 65, 5021
124501 73, 5036
126867 77, 5085
128443 67, 5002
131910 60, 5033
132577 70, 5159
134771 73, 5158
136880 65, 5188
138775 66, 5142
142509 76, 5128
144589 79, 5199
146759 60, 5011
148701 69, 5017
151894 74, 5035
152600 79, 5087
154963 68, 5145
156913 60, 5136
158812 73, 5107
162722 77, 5004
164775 61, 5190
166563 68, 5069
168689 76, 5016
172717 77, 5017
173524 70, 5005
176572 62, 5014
178853 78, 5047
182721 71, 5176
184602 73, 5183
186854 64, 5153
189246 74, 5098
192364 61, 5101
192858 65, 5146
196704 62, 5162
198483 74, 5191
203042 76, 5163
204909 64, 5096
206846 77, 5115
208642 78, 5021
211948 65, 5172
212501 62, 5084
215254 78, 5146
217010 75, 5142
218895 73, 5179
222573 75, 5049
226712 74, 5114
228413 79, 5095
232397 60, 5102
233123 72, 5144
234815 73, 5186
238854 67, 5068
241872 69, 5024
242798 76, 5083
244711 68, 5162
247038 76, 5042
252829 66, 5009
254579 71, 5178
258906 76, 5142
262450 74, 5154
264579 60, 5041
266632 79, 5175
268543 78, 5117
272266 78, 5126
272841 74, 5186
274571 77, 5060
276637 74, 5158
281803 72, 5107
282778 65, 5021
284713 61, 5009
286658 61, 5081
288720 74, 5082
292976 72, 5178
294648 64, 5047
296974 67, 5088
301588 60, 5024
302883 65, 5192
304520 73, 5083
306634 62, 5057
308503 72, 5122
311573 78, 5036
312883 78, 5172
314714 70, 5166
316866 78, 5016
318638 73, 5062
322856 79, 5067
323582 69, 5166
324682 70, 5047
326861 71, 5003
328682 66, 5156
331827 63, 5137
332600 69, 5115
334677 78, 5047
336552 60, 5088
338510 78, 5184
341849 73, 5199
342630 61, 5090
344796 78, 5173
346684 76, 5032
348530 75, 5162
352530 67, 5049
353247 79, 5098
354717 78, 5053
356758 72, 5184
358771 78, 5008
362784 67, 5006
364687 63, 5109
368515 79, 5199
371727 61, 5158
372834 62, 5042
374550 74, 5160
378767 66, 5126
382569 65, 5075
383469 63, 5020
384798 64, 5090
386645 77, 5058
388670 69, 5134
391745 78, 5192
392846 78, 5010
394462 61, 5084
396811 78, 5164
399087 73, 5098
401298 66, 5037
402664 70, 5150
404547 70, 5131
406503 72, 5046
408661 71, 5195
412245 66, 5060
413013 75, 5069
414831 77, 5097
416780 73, 5002
418651 77, 5035
422348 62, 5063
422626 76, 5194
424824 64, 5146
428624 69, 5014
431859 67, 5071
432693 62, 5067
434449 67, 5084
436966 73, 5197
438470 72, 5070
442577 65, 5182
443563 61, 5107
444444 72, 5157
446700 72, 5020
448760 60, 5153
451620 74, 5009
452654 60, 5016
454668 70, 5105
456608 69, 5009
458547 60, 5155
461819 67, 5022
462398 71, 5114
466658 76, 5117
468571 61, 5162
472553 79, 5023
473147 61, 5115
474628 72, 5161
476754 62, 5053
478664 71, 5112
481655 60, 5041
482669 76, 5115
484638 65, 5134
491711 70, 5061
492770 71, 5078
494739 64, 5052
496675 71, 5009
502481 73, 5195
502998 61, 5083
504846 68, 5187
506763 66, 5115
508603 69, 5158
511870 76, 5175
512812 60, 5084
514771 76, 5038
516726 76, 5065
518508 77, 5040
522605 79, 5122
526627 72, 5021
528622 77, 5140
532754 78, 5164
536451 68, 5064
538731 67, 5193
541783 67, 5067
542588 64, 5071
544450 79, 5145
546541 64, 5186
548794 64, 5092
551371 70, 5082
552648 68, 5079
554562 73, 5036
556636 64, 5079
558551 79, 5088
562742 65, 5067
563195 68, 5012
564538 62, 5111
566752 77, 5191
568496 69, 5045
571837 65, 5171
572584 67, 5108
574683 69, 5179
576733 77, 5066
578652 71, 5017
581904 61, 5095
582714 70, 5170
584739 61, 5099
586561 73, 5057
588661 65, 5074
592496 65, 5199
593094 66, 5000
594247 61, 5035
596587 66, 5137
598974 60, 5052
602603 70, 5089
604560 65, 5112
606597 70, 5189
608678 68, 5012
611681 61, 5084
612608 63, 5174
614572 60, 5030
616494 60, 5134
618705 66, 5060
622394 62, 5058
624813 74, 5185
626633 75, 5071
628738 70, 5009
631704 65, 5168
632646 66, 5105
634625 66, 5118
638776 69, 5169
641561 69, 5086
642680 79, 5079
644766 63, 5055
646313 73, 5119
648858 63, 5078
652236 74, 5003
652760 71, 5143
654778 78, 5008
656377 76, 5140
658600 64, 5192
661597 75, 5063
662574 76, 5047
664586 76, 5071
666616 78, 5049
668755 74, 5093
671775 75, 5177
672608 70, 5109
674790 72, 5177
676751 67, 5077
678796 68, 5000
682412 61, 5028
682948 77, 5160
684533 64, 5009
686654 74, 5022
688590 69, 5184
691245 69, 5015
692646 76, 5089
694698 63, 5028
696438 78, 5113
701665 64, 5186
702678 67, 5076
704551 76, 5048
706690 66, 5104
708699 68, 5142
712246 73, 5063
712921 65, 5119
714712 63, 5195
716477 78, 5054
718665 76, 5175
722532 78, 5199
724581 68, 5074
726430 64, 5010
728782 67, 5197
731694 65, 5184
732590 70, 5182
734481 69, 5080
736529 74, 5074
742522 73, 5188
743142 75, 5083
744509 74, 5038
746684 66, 5041
748628 71, 5056
752551 65, 5163
754622 61, 5144
758583 76, 5168
761535 72, 5106
763072 60, 5196
764611 61, 5115
766649 79, 5106
768652 71, 5150
772213 66, 5111
772748 61, 5146
774572 67, 5081
776642 78, 5037
778754 62, 5159
781530 62, 5008
782674 77, 5139
784625 64, 5029
786581 75, 5136
788712 69, 5132
791524 73, 5068
792669 67, 5066
794562 72, 5028
796738 67, 5182
798668 72, 5110
802938 79, 5062
804448 70, 5126
806614 60, 5071
808542 61, 5093
814678 72, 5082
816492 64, 5149
818643 64, 5148
821607 76, 5065
822605 72, 5011
824717 78, 5079
826610 78, 5033
828708 70, 5037
832989 65, 5124
834623 78, 5162
836710 74, 5129
838678 76, 5102
841533 62, 5025
842610 64, 5026
844768 69, 5169
846494 76, 5027
848678 60, 5148
851429 60, 5059
852758 74, 5039
854547 70, 5153
856559 78, 5017
858684 78, 5091
862690 75, 5181
863010 69, 5076
864640 72, 5137
868549 61, 5060
871976 68, 5075
872566 77, 5021
874620 63, 5135
876805 72, 5157
878667 79, 5190
881858 63, 5172
882474 60, 5094
884627 70, 5138
886520 75, 5067
888620 74, 5060
892405 67, 5103
892918 64, 5116
894485 63, 5064
896714 72, 5195
898617 79, 5172
902767 60, 5138
904555 60, 5058
908755 72, 5070
911711 67, 5143
912697 61, 5168
914637 68, 5168
916538 62, 5117
918605 69, 5131
923286 70, 5150
924467 73, 5108
926684 68, 5091
928516 67, 5104
931519 64, 5173
932501 60, 5058
934528 68, 5187
936648 79, 5091
938529 78, 5138
942381 60, 5150
944501 77, 5103
946722 67, 5033
948662 71, 5094
952243 75, 5167
953234 78, 5058
956956 67, 5015
958521 73, 5141
961912 75, 5040
962706 65, 5088
964850 75, 5046
966573 69, 5028
968674 69, 5148
971754 61, 5110
972567 62, 5197
974572 68, 5024
976696 61, 5192
978567 77, 5148
982131 68, 5009
982683 74, 5121
984793 70, 5133
986515 61, 5063
988618 71, 5176
991438 62, 5051
994443 73, 5079
1001717 65, 5001
1002618 79, 5062
1004491 62, 5030
1008580 72, 5039
1012228 70, 5179
1014658 78, 5069
1022870 76, 5157
1024674 74, 5162
1026626 76, 5145
1028693 73, 5072
1031777 67, 5167
1032525 66, 5067
1034679 66, 5079
1036639 60, 5164
1042247 69, 5098
1042693 77, 5165
1044557 78, 5172
1046731 62, 5055
1048656 73, 5056
1051829 68, 5026
1052649 76, 5001
1054462 75, 5187
1056754 64, 5126
1058589 64, 5069
1061429 67, 5146
1062677 77, 5068
1064527 73, 5176
1066544 70, 5129
1068626 68, 5046
1072153 61, 5181
1074569 70, 5175
1076588 76, 5138
1078753 60, 5017
1081520 76, 5079
1082675 72, 5159
1084660 69, 5162
1086624 78, 5135
1088533 68, 5036
1091576 67, 5017
1092626 75, 5152
1094552 68, 5158
1096590 66, 5028
1098614 77, 5030
1101978 66, 5067
1102552 77, 5149
1104522 77, 5111
1108670 70, 5133
1111579 68, 5139
1112648 75, 5149
1114624 65, 5101
1116544 67, 5181
1118540 72, 5151
1121943 76, 5021
1122542 68, 5048
1124701 69, 5116
1126617 71, 5167
1128633 72, 5150
1132657 77, 5158
1133084 70, 5199
1134580 69, 5091
1136624 64, 5120
1138614 64, 5107
1141522 77, 5127
1142652 76, 5034
1144634 73, 5184
1146571 75, 5074
1148598 64, 5163
1151819 73, 5177
1152452 77, 5068
1154734 67, 5062
1156675 71, 5164
1158652 67, 5194
1162510 63, 5056
1162996 61, 5136
1164557 64, 5181
1166625 63, 5119
1168771 65, 5140
1171828 60, 5157
1172554 79, 5106
1174579 76, 5048
1176574 60, 5057
1181773 62, 5043
1182444 69, 5074
1184572 68, 5062
1186448 67, 5134
1188606 62, 5028
1192294 67, 5100
1192859 78, 5126
1194682 69, 5083
1196548 62, 5009
1198687 76, 5180
1201660 64, 5092
1202805 72, 5031
1204580 70, 5187
1206623 70, 5018
1208478 63, 5129
1211607 62, 5002
1212690 62, 5053
1216595 77, 5167
1218647 71, 5112
1221872 74, 5126
1222807 62, 5082
1224596 74, 5071
1228506 79, 5065
1231489 74, 5189
1232798 60, 5094
1234749 78, 5130
1238673 68, 5102
1241564 62, 5062
1242619 71, 5003
1244423 67, 5053
1246496 67, 5046
1248777 63, 5008
1251941 67, 5032
1254694 73, 5006
1256560 79, 5139
1261458 69, 5075
1262597 66, 5088
1264703 77, 5036
1266635 74, 5191
1268545 60, 5104
1271825 63, 5191
1272432 69, 5102
1274644 75, 5164
1276710 66, 5061
1278649 78, 5079
1282160 74, 5060
1283043 73, 5122
1284579 70, 5059
1286676 78, 5025
1288515 76, 5068
1291726 66, 5177
1294399 68, 5033
1296604 67, 5167
1298437 61, 5018
1302816 66, 5141
1304518 69, 5048
1306912 69, 5035
1308547 65, 5059
1313051 74, 5010
1314409 72, 5115
1316600 79, 5090
1318648 78, 5137
1321753 67, 5077
1322597 79, 5100
1324457 65, 5144
1326492 67, 5172
1328648 73, 5028
1331486 76, 5031
1332565 76, 5034
1336561 65, 5019
1338434 72, 5131
1342000 63, 5012
1342749 74, 5181
1344591 71, 5103
1346587 77, 5093
1348603 68, 5009
1351766 65, 5188
1354610 78, 5031
1356506 71, 5122
1358492 62, 5110
1361852 77, 5151
1362510 63, 5010
1364649 64, 5172
1366589 69, 5010
1368551 79, 5009
1372373 75, 5142
1373151 71, 5138
1374580 69, 5153
1376585 60, 5003
1378607 72, 5153
1381851 73, 5124
1382593 61, 5088
1384559 65, 5022
1386762 75, 5100
1388515 74, 5096
1391663 76, 5175
1392597 70, 5169
1394693 65, 5064
1396503 70, 5092
1398623 62, 5175
1402355 64, 5038
1402955 68, 5014
1404707 60, 5084
1406568 73, 5058
1408402 79, 5139
1411246 75, 5109
1412629 68, 5077
1414642 71, 5032
1416537 60, 5111
1418513 65, 5196
1421462 72, 5188
1422822 74, 5087
1424570 76, 5145
1426611 78, 5087
1428573 68, 5001
1431993 65, 5030
1432936 69, 5087
1434617 76, 5053
1436533 62, 5148
1438574 69, 5032
1441677 76, 5026
1442595 78, 5098
1444599 62, 5070
1446681 62, 5150
1448607 69, 5108
1451975 73, 5020
1452810 74, 5005
1454546 62, 5173
1456609 69, 5018
1458728 61, 5181
1461933 70, 5189
1463116 75, 5199
1464464 79, 5189
1466833 73, 5137
1468790 63, 5116
1472681 70, 5129
1474471 67, 5094
1476666 72, 5041
1478643 75, 5070
1481703 63, 5178
1482717 75, 5095
1484587 79, 5042
1486566 78, 5076
1488648 71, 5196
1491983 79, 5120
1492763 69, 5150
1494504 66, 5073
1496475 79, 5179
1498622 68, 5111
1501814 61, 5011
1502666 79, 5023
1504365 77, 5026
1506632 73, 5139
1508645 67, 5040
1512432 72, 5084
1512952 79, 5052
1514664 76, 5097
1516670 69, 5081
1518524 62, 5163
1522547 71, 5033
1524575 77, 5069
1526536 77, 5069
1528596 78, 5054
1531709 65, 5161
1532512 64, 5085
1538553 69, 5057
1542518 71, 5086
1544643 78, 5050
1546453 75, 5141
1548563 63, 5069
1552872 65, 5083
1554674 65, 5062
1564645 61, 5108
1566394 65, 5094
1568545 77, 5042
1571873 60, 5012
1572591 62, 5033
1574610 75, 5118
1576614 73, 5089
1578674 61, 5026
1584625 67, 5040
1586515 73, 5026
1588500 68, 5055
1591597 77, 5028
1592724 78, 5175
1594674 75, 5179
1596649 71, 5112
1598540 72, 5159
1601456 63, 5090
1602523 71, 5152
1604636 60, 5040
1606396 65, 5102
1608518 71, 5074
1611977 69, 5044
1612846 62, 5197
1614263 64, 5191
1616697 65, 5136
1618618 63, 5007
1621723 71, 5168
1622585 70, 5016
1624735 65, 5039
1626633 75, 5066
1628558 63, 5178
1631653 67, 5072
1632732 76, 5006
1634728 66, 5091
1636558 79, 5058
1641966 69, 5046
1642847 70, 5135
1644517 78, 5082
1646509 77, 5057
1648524 67, 5174
1651751 64, 5175
1652733 61, 5183
1654647 71, 5082
1656631 75, 5098
1658617 70, 5063
1661659 62, 5008
1662573 65, 5160
1668557 79, 5029
1672704 73, 5081
1674552 75, 5035
1676433 72, 5011
1678630 62, 5003
1681627 66, 5032
1684577 79, 5198
1686658 63, 5188
1688649 63, 5085
1691684 60, 5127
1692598 77, 5193
1694568 62, 5118
1696704 75, 5151
1702321 67, 5179
1702770 71, 5196
1704588 74, 5093
1706573 69, 5192
1708626 69, 5043
1711592 70, 5023
1712598 72, 5152
1714609 76, 5039
1716735 77, 5114
1718674 79, 5140
1722635 73, 5014
1724604 74, 5029
1728464 77, 5021
1732265 64, 5055
1732892 72, 5007
1734468 67, 5092
1736542 78, 5009
1738483 77, 5149
1741861 78, 5156
1742406 62, 5064
1746553 71, 5128
1748672 69, 5049
1751772 61, 5019
1752594 65, 5038
1756664 76, 5103
1758601 72, 5150
1762276 67, 5087
1762725 76, 5126
1764790 67, 5073
1766647 62, 5020
1768583 77, 5144
1771491 65, 5000
1772542 67, 5018
1774612 71, 5105
1778599 62, 5071
1781825 61, 5155
1782810 69, 5060
1784587 66, 5048
1786620 69, 5183
1792339 73, 5147
1792936 77, 5040
1794557 62, 5077
1796605 61, 5182
1798525 75, 5065
