110063 4440
140002 4420
170034 4324
200028 4429
230104 4345
260005 4494
290117 4318
320002 4407
350184 4471
380018 4338
410201 4440
440005 4463
470015 4392
530158 4426
560005 4440
590054 4388
620005 4405
680226 4474
710086 4392
740015 4341
770218 4382
800216 4385
830188 4469
860267 4348
890021 4342
950079 4340
1010002 4314
1130175 4458
1160110 4312
1190085 4405
1220008 4424
1250002 4388
1310044 4408
1340044 4488
1430015 4429
1460009 4310
1490002 4474
1520021 4339
1550080 4329
1580166 4334
1610031 4328
1640021 4378
1670005 4349
1700002 4329
1760021 4319
1790060 4376
