110763 4479
140979 4364
171286 4450
200977 4387
230872 4397
260842 4329
290806 4435
320873 4424
350545 4402
381273 4344
410429 4332
441128 4422
530751 4422
561038 4358
590848 4453
680912 4343
710669 4353
740524 4472
770803 4400
800971 4483
831117 4440
860906 4462
920764 4346
981215 4499
1041199 4320
1070706 4459
1100900 4376
1131008 4410
1161402 4419
1191145 4493
1220619 4494
1251131 4429
1281108 4365
1310414 4488
1340691 4330
1370778 4405
1400861 4384
1430806 4364
1460646 4445
1490780 4305
1520487 4467
1550323 4396
1581252 4320
1610469 4472
1640819 4486
1671067 4305
1731038 4437
1760712 4386
1790736 4455
