82405 64, 5021
84634 68, 5189
86824 76, 5125
88302 75, 5112
91181 73, 5133
94470 77, 5023
96340 68, 5187
102433 61, 5124
102839 66, 5179
104390 65, 5022
106759 79, 5188
108550 60, 5071
111936 75, 5164
114367 75, 5045
116636 77, 5137
118524 62, 5180
122211 77, 5188
124604 67, 5074
126818 66, 5090
128158 61, 5075
131067 79, 5138
132422 77, 5198
134294 61, 5007
136900 62, 5063
138535 79, 5035
142771 67, 5096
144194 74, 5060
146713 62, 5082
151105 70, 5009
152225 72, 5006
154633 78, 5022
156554 75, 5128
158299 61, 5002
161554 63, 5017
162894 61, 5125
164626 66, 5000
166385 67, 5164
168252 74, 5122
173259 68, 5098
174619 73, 5017
176510 60, 5159
178824 67, 5090
180821 71, 5171
182459 63, 5071
184343 71, 5016
186441 78, 5091
188576 71, 5174
192228 73, 5141
194775 63, 5058
196377 79, 5192
198441 69, 5162
202302 61, 5030
203579 78, 5071
204254 64, 5166
206681 74, 5036
208555 73, 5136
211102 69, 5102
212436 60, 5158
214439 65, 5010
216897 77, 5135
218708 68, 5024
221677 70, 5010
223050 68, 5182
224519 75, 5079
226234 68, 5175
228208 65, 5199
232387 70, 5176
234315 75, 5114
236480 67, 5168
238248 67, 5189
241454 72, 5188
242401 79, 5076
244248 68, 5179
246644 76, 5069
248281 77, 5029
251379 65, 5039
252590 62, 5104
254369 64, 5094
256445 66, 5181
258656 63, 5001
261143 67, 5063
264217 77, 5192
266447 61, 5108
270768 71, 5061
274626 73, 5037
276298 66, 5123
278440 71, 5131
282726 69, 5004
284238 66, 5025
286513 62, 5097
288478 75, 5198
291442 67, 5060
292720 62, 5074
294231 78, 5127
296367 61, 5176
298367 62, 5114
301006 69, 5022
302770 63, 5119
304273 66, 5182
306345 63, 5149
308114 68, 5044
311357 62, 5198
312187 74, 5078
314594 65, 5022
316306 69, 5160
318212 70, 5117
322985 77, 5116
324488 70, 5117
326603 76, 5193
328230 75, 5049
331116 75, 5162
332422 78, 5074
334461 70, 5197
336287 68, 5120
338533 66, 5002
341772 64, 5088
344653 66, 5109
346565 67, 5189
348440 72, 5015
351207 68, 5081
353162 74, 5017
354507 78, 5069
356486 69, 5027
358599 61, 5025
362435 68, 5135
364251 64, 5175
366128 63, 5086
368189 72, 5072
372248 68, 5114
374311 65, 5174
376285 60, 5165
378608 75, 5177
381854 66, 5042
383156 71, 5087
384575 72, 5194
386418 62, 5125
388609 75, 5175
392493 79, 5196
394309 64, 5141
396739 60, 5029
398313 67, 5169
401652 64, 5182
402409 71, 5146
404689 62, 5126
406273 70, 5195
408318 79, 5095
411712 77, 5003
412838 77, 5133
414315 62, 5068
416517 73, 5142
418343 61, 5107
421429 68, 5063
422568 66, 5113
424318 66, 5120
426272 65, 5181
428501 64, 5075
431212 60, 5137
432621 77, 5082
434157 79, 5029
436161 63, 5160
438367 79, 5168
442410 63, 5046
443193 69, 5088
444476 76, 5120
446412 61, 5164
448631 64, 5071
451234 67, 5103
452454 68, 5127
454322 74, 5195
456527 70, 5168
458309 78, 5151
461285 72, 5123
462282 67, 5124
464520 76, 5157
466203 72, 5094
471183 77, 5133
472847 61, 5042
474521 66, 5073
476403 74, 5140
478344 79, 5014
481288 79, 5153
482249 63, 5190
484541 60, 5115
486153 77, 5104
488261 71, 5095
491405 63, 5117
492599 70, 5084
494591 76, 5007
496271 68, 5195
501587 79, 5104
502682 71, 5184
504462 79, 5135
506117 61, 5030
508463 69, 5049
511201 76, 5144
512473 62, 5000
514231 79, 5199
516590 66, 5049
518518 78, 5104
521330 62, 5029
522346 60, 5001
524321 66, 5193
526597 78, 5198
528393 71, 5194
531737 73, 5054
532499 62, 5099
534545 78, 5144
536299 65, 5093
538375 75, 5192
541476 70, 5030
544430 67, 5162
546327 75, 5107
548674 74, 5165
550611 64, 5175
552448 68, 5058
554523 72, 5053
556461 68, 5028
558509 77, 5142
563043 72, 5008
568403 67, 5073
571487 74, 5127
574593 70, 5027
576412 60, 5061
578426 79, 5136
581370 72, 5076
582526 70, 5075
584455 65, 5087
586199 72, 5145
588376 74, 5122
591660 79, 5177
592861 76, 5132
594159 76, 5057
596329 76, 5078
598724 76, 5011
600914 60, 5186
602306 76, 5171
604311 77, 5093
606442 74, 5068
608440 66, 5169
610945 60, 5053
612324 75, 5010
614327 76, 5053
616382 75, 5198
618627 76, 5032
622232 73, 5052
622649 60, 5071
624493 63, 5048
626314 76, 5019
628221 66, 5090
630601 73, 5185
632510 66, 5110
634298 64, 5048
636213 62, 5172
638672 63, 5143
641316 67, 5063
642383 75, 5002
644320 70, 5137
646374 74, 5104
648219 78, 5036
651448 70, 5126
652463 73, 5079
654270 63, 5117
656238 74, 5125
658471 66, 5014
661011 62, 5162
662248 64, 5125
664146 60, 5040
666280 60, 5099
668442 70, 5004
672708 66, 5124
674538 67, 5123
676460 79, 5127
678618 72, 5134
681806 76, 5072
682679 69, 5040
684183 70, 5187
686350 74, 5021
688015 79, 5130
691023 74, 5076
692371 60, 5055
694514 76, 5107
696363 60, 5020
698473 60, 5018
700822 76, 5080
702301 63, 5151
704224 73, 5092
706648 75, 5089
708496 67, 5112
711643 70, 5156
712521 76, 5050
714299 69, 5195
716144 70, 5082
718329 71, 5010
721477 72, 5195
722338 69, 5140
724384 66, 5060
726249 69, 5075
728405 74, 5154
731176 60, 5098
732606 66, 5042
734452 77, 5041
736393 75, 5168
738429 64, 5074
740915 70, 5182
742845 61, 5184
744389 72, 5091
746451 71, 5046
748220 64, 5016
754347 71, 5010
756536 73, 5121
758466 60, 5045
761680 77, 5048
762885 62, 5194
764517 77, 5145
766355 76, 5162
768367 67, 5139
771542 60, 5155
772490 65, 5185
774194 69, 5025
776477 66, 5115
778197 79, 5128
781340 60, 5166
782502 73, 5100
784263 69, 5133
786316 68, 5155
788469 69, 5195
791466 74, 5084
792265 77, 5025
794216 65, 5027
796412 74, 5022
798322 76, 5120
802741 67, 5056
808277 71, 5064
811389 63, 5190
812841 77, 5069
814212 77, 5032
816375 71, 5099
818351 79, 5147
821478 76, 5118
822469 76, 5039
824613 79, 5017
826509 72, 5117
828206 78, 5031
831845 72, 5054
832752 69, 5101
834406 78, 5188
836571 60, 5172
838148 70, 5121
840851 72, 5009
842290 79, 5118
844209 68, 5025
846339 67, 5077
848536 64, 5003
850933 78, 5184
852561 71, 5104
854573 77, 5109
858387 70, 5149
861256 75, 5190
862868 66, 5179
864530 75, 5137
866416 65, 5178
868474 69, 5090
871706 64, 5008
872213 71, 5103
874251 71, 5088
876162 62, 5006
882273 68, 5008
884624 78, 5190
886351 65, 5180
888136 74, 5113
891451 72, 5149
894307 71, 5004
896422 72, 5152
898433 70, 5092
900961 76, 5039
902412 60, 5073
904423 61, 5030
906598 74, 5124
908457 67, 5168
911334 77, 5094
912193 71, 5128
914421 66, 5140
916409 70, 5186
918391 73, 5058
922869 68, 5143
924177 79, 5062
926419 63, 5022
928400 77, 5037
931088 73, 5129
932423 79, 5141
934154 60, 5047
936335 61, 5196
938219 71, 5024
942465 69, 5185
944210 71, 5183
948555 73, 5045
951772 71, 5156
953049 65, 5017
954332 75, 5063
956407 79, 5173
958311 72, 5099
961410 71, 5017
962509 67, 5125
964356 62, 5176
966330 63, 5135
968587 66, 5024
972251 78, 5134
974381 75, 5107
976415 79, 5105
978298 61, 5160
981771 78, 5069
982396 69, 5026
984680 77, 5121
986302 63, 5035
988427 63, 5185
991374 70, 5013
992636 76, 5028
994190 69, 5112
996527 64, 5020
998358 65, 5168
1001344 78, 5056
1002514 79, 5031
1004248 79, 5127
1006419 67, 5192
1008231 69, 5013
1011365 69, 5114
1012786 63, 5087
1014380 61, 5040
1016585 65, 5145
1018451 63, 5186
1021144 71, 5018
1022601 75, 5088
1024432 79, 5133
1026280 61, 5077
1028404 70, 5127
1031314 61, 5040
1032295 78, 5171
1034329 71, 5103
1036293 75, 5091
1041884 62, 5172
1042716 78, 5146
1044444 63, 5071
1046586 67, 5004
1048401 61, 5013
1051417 63, 5036
1052581 76, 5082
1054563 70, 5170
1056322 70, 5130
1058314 72, 5135
1060888 65, 5182
1062632 73, 5015
1064342 65, 5058
1066160 65, 5125
1068367 75, 5086
1071547 65, 5121
1072611 64, 5116
1074353 72, 5134
1076329 78, 5163
1078371 66, 5099
1082527 65, 5029
1084459 67, 5072
1086236 61, 5028
1088526 77, 5104
1092216 67, 5136
1094397 76, 5017
1096263 79, 5166
1098245 63, 5011
1101377 65, 5189
1102529 78, 5025
1104464 61, 5112
1106322 70, 5146
1108286 65, 5072
1111453 73, 5164
1112299 71, 5105
1116447 79, 5073
1118203 75, 5162
1121466 64, 5197
1122404 76, 5109
1124416 62, 5185
1126264 68, 5017
1128373 78, 5007
1131319 77, 5031
1133068 60, 5114
1134408 62, 5139
1136566 74, 5076
1138378 74, 5138
1141062 73, 5013
1142423 65, 5173
1144462 71, 5098
1146457 65, 5102
1148256 67, 5173
1150677 73, 5197
1152348 60, 5131
1154236 70, 5041
1156426 78, 5100
1158562 60, 5042
1161786 63, 5194
1162859 64, 5040
1164221 75, 5199
1166215 79, 5000
1168254 72, 5169
1171480 61, 5039
1172218 67, 5035
1174324 74, 5143
1176360 75, 5013
1178391 64, 5147
1181197 75, 5187
1182392 62, 5100
1184366 77, 5175
1186331 66, 5134
1188186 74, 5033
1191911 65, 5052
1192636 65, 5055
1194437 74, 5099
1196461 78, 5021
1198319 76, 5138
1201579 67, 5026
1202463 66, 5040
1204419 66, 5151
1206290 76, 5113
1208212 70, 5186
1211249 63, 5033
1212251 60, 5198
1214303 72, 5170
1216295 72, 5013
1218472 71, 5198
1222671 64, 5125
1224509 62, 5145
1226397 67, 5062
1228189 79, 5136
1231389 62, 5101
1232462 73, 5082
1236463 63, 5178
1238337 77, 5063
1241438 75, 5146
1242238 68, 5118
1244442 69, 5189
1246308 78, 5026
1248370 64, 5051
1251632 73, 5121
1252617 73, 5172
1254385 69, 5119
1256447 70, 5063
1258595 63, 5061
1262315 64, 5188
1264428 71, 5092
1266415 70, 5192
1268558 61, 5122
1272464 62, 5060
1274376 70, 5110
1276619 65, 5097
1281616 64, 5174
1282784 63, 5113
1284423 75, 5036
1286333 72, 5148
1288427 72, 5084
1292602 72, 5005
1294298 62, 5181
1298333 64, 5095
1301207 61, 5133
1302397 71, 5167
1304224 73, 5173
1306796 60, 5066
1308169 73, 5027
1311341 69, 5160
1312669 63, 5149
1314147 74, 5036
1316323 73, 5002
1318334 73, 5188
1322412 79, 5020
1324375 68, 5003
1326343 69, 5183
1328544 64, 5099
1331212 65, 5068
1332391 79, 5199
1334405 72, 5044
1336409 65, 5165
1338095 74, 5101
1342461 72, 5032
1344397 61, 5070
1346316 75, 5193
1348163 71, 5084
1350805 72, 5117
1352692 63, 5119
1354457 77, 5006
1356351 61, 5192
1358553 79, 5077
1360755 71, 5077
1362383 73, 5123
1364280 78, 5153
1366333 74, 5177
1368308 62, 5093
1371394 70, 5098
1372889 68, 5072
1374693 63, 5071
1376235 68, 5004
1381043 79, 5199
1382344 62, 5080
1384362 61, 5159
1386503 66, 5154
1388557 77, 5088
1391261 62, 5160
1392497 72, 5078
1394232 70, 5063
1396202 79, 5020
1398261 78, 5067
1401349 69, 5178
1402426 66, 5000
1404555 70, 5046
1406448 72, 5153
1408117 71, 5039
1410927 64, 5048
1412302 75, 5133
1414475 60, 5154
1416414 72, 5050
1424233 65, 5110
1426482 64, 5113
1428403 79, 5077
1431079 78, 5186
1432853 70, 5195
1434611 79, 5166
1436342 62, 5132
1438396 72, 5158
1440892 74, 5047
1442285 66, 5106
1444169 67, 5183
1446613 75, 5055
1448535 68, 5121
1451447 77, 5056
1452354 63, 5023
1454346 65, 5013
1456463 61, 5125
1458458 79, 5076
1461258 62, 5050
1462787 72, 5132
1464468 75, 5106
1466446 76, 5007
1468700 60, 5069
1470554 65, 5147
1472416 77, 5090
1474306 79, 5125
1476321 60, 5053
1478584 76, 5167
1481303 60, 5116
1482391 68, 5128
1484087 74, 5059
1486339 74, 5122
1488376 60, 5192
1491790 61, 5187
1492293 76, 5171
1494445 78, 5177
1496261 70, 5180
1498344 69, 5149
1501563 62, 5093
1502375 77, 5072
1504417 75, 5055
1506416 74, 5023
1508370 67, 5071
1510966 73, 5071
1512781 68, 5073
1514405 72, 5084
1516777 67, 5181
1518346 79, 5028
1521549 66, 5162
1522638 75, 5040
1524455 60, 5025
1526417 61, 5094
1528541 60, 5004
1530433 65, 5076
1532160 75, 5093
1534329 61, 5100
1536307 61, 5154
1538627 64, 5048
1541529 72, 5175
1542191 67, 5036
1544319 67, 5065
1546310 72, 5167
1548353 64, 5187
1551916 66, 5178
1552594 62, 5051
1554590 70, 5172
1556611 67, 5099
1561587 77, 5184
1562315 70, 5047
1564515 68, 5070
1566413 63, 5128
1568328 74, 5055
1571351 75, 5161
1572319 68, 5052
1574422 64, 5016
1576430 75, 5163
1578189 63, 5078
1581966 72, 5096
1582709 78, 5071
1584576 66, 5141
1586114 72, 5067
1591015 79, 5177
1592624 68, 5021
1594612 76, 5054
1596413 68, 5171
1598481 75, 5183
1602339 65, 5195
1604300 66, 5083
1606086 60, 5128
1608314 70, 5090
1611137 70, 5047
1612626 62, 5047
1614425 78, 5152
1616423 65, 5033
1618420 69, 5044
1621307 60, 5078
1622304 60, 5175
1626355 71, 5128
1628367 61, 5045
1631537 72, 5153
1632453 69, 5191
1634460 78, 5058
1636445 69, 5186
1642063 70, 5091
1642498 75, 5152
1644191 64, 5139
1646289 69, 5171
1648430 77, 5036
1652375 65, 5085
1654560 72, 5114
1656333 68, 5147
1658542 72, 5086
1661227 63, 5039
1662298 61, 5039
1664240 77, 5089
1666267 65, 5117
1668541 77, 5127
1671568 72, 5051
1672536 62, 5081
1674306 76, 5182
1676524 74, 5002
1678488 62, 5172
1680899 62, 5122
1682268 65, 5171
1684312 78, 5194
1686484 62, 5082
1688309 72, 5055
1691149 61, 5090
1692394 65, 5023
1694281 65, 5144
1696568 61, 5084
1698249 66, 5130
1701945 67, 5007
1702560 79, 5053
1704313 76, 5164
1706487 66, 5145
1708407 60, 5098
1712242 76, 5013
1714479 74, 5094
1716250 71, 5062
1718413 77, 5035
1721284 76, 5082
1722376 66, 5061
1724517 69, 5194
1726261 65, 5002
1728187 67, 5034
1732630 62, 5009
1734316 65, 5018
1738289 74, 5074
1741314 74, 5179
1742538 69, 5124
1744420 71, 5007
1746443 73, 5047
1748643 63, 5024
1751195 76, 5043
1752444 62, 5132
1754600 67, 5092
1756454 69, 5086
1758366 68, 5033
1761206 77, 5096
1762690 71, 5038
1764442 76, 5032
1766667 73, 5035
1768356 61, 5141
1770966 75, 5178
1772190 68, 5041
1774448 61, 5023
1776238 63, 5176
1778451 66, 5156
1781152 68, 5054
1782735 72, 5177
1784516 62, 5003
1786348 60, 5101
1788338 65, 5041
1791054 73, 5077
1792758 72, 5148
1794364 60, 5190
1796592 71, 5002
1798373 64, 5185
