82421 75, 5041
84454 73, 5166
86856 70, 5012
92810 62, 5030
94219 66, 5050
96253 69, 5044
98677 60, 5151
101932 76, 5143
105360 67, 5043
106779 71, 5094
108693 64, 5166
112570 75, 5148
113679 79, 5125
116678 64, 5080
118860 69, 5126
121587 61, 5138
122671 61, 5038
124472 74, 5163
126838 63, 5155
128245 76, 5130
131102 70, 5131
134616 63, 5123
136280 75, 5169
138416 72, 5123
142755 66, 5092
144175 70, 5068
146671 77, 5098
148562 71, 5045
151304 75, 5005
152383 61, 5126
154818 79, 5198
156525 66, 5118
158202 74, 5158
161988 63, 5041
162826 60, 5161
164274 69, 5056
168456 74, 5011
171507 64, 5048
173205 74, 5174
174622 69, 5175
176403 61, 5104
178516 75, 5066
182582 67, 5160
184365 63, 5002
188456 62, 5163
191298 72, 5087
194249 75, 5093
196655 79, 5034
198279 68, 5198
203249 76, 5086
204631 72, 5167
206562 62, 5142
208329 72, 5125
210989 67, 5120
214390 66, 5071
216196 60, 5184
218721 72, 5003
221961 77, 5044
222989 76, 5056
224186 67, 5095
226406 79, 5141
228322 73, 5021
231483 73, 5002
234444 73, 5167
236577 75, 5016
238606 70, 5069
240956 65, 5009
242718 66, 5122
244458 66, 5057
246573 75, 5037
248587 77, 5145
251334 78, 5181
256245 65, 5059
258281 74, 5100
261921 69, 5187
262798 64, 5077
264298 64, 5094
266480 74, 5075
268562 67, 5139
271421 77, 5176
272941 74, 5164
274426 65, 5002
276495 69, 5129
278779 71, 5019
282487 64, 5188
284354 70, 5015
286451 63, 5013
288765 76, 5120
291612 67, 5056
292685 73, 5143
294451 73, 5082
296438 69, 5134
298332 63, 5095
300942 78, 5173
302744 73, 5043
304435 65, 5068
306465 79, 5189
308462 63, 5102
311189 77, 5040
312725 60, 5066
314578 68, 5058
316615 64, 5071
318332 70, 5198
323111 70, 5152
324513 64, 5163
326209 65, 5090
331618 60, 5050
334571 76, 5153
336219 73, 5038
338442 60, 5062
341798 69, 5175
342321 71, 5030
346504 68, 5142
348329 60, 5047
351670 72, 5058
353007 74, 5092
354433 60, 5038
356661 61, 5077
361499 60, 5031
362393 63, 5181
364200 62, 5050
366189 69, 5188
368489 77, 5189
371659 63, 5047
372338 64, 5095
374656 61, 5103
376693 68, 5173
378199 74, 5083
383025 67, 5027
384419 61, 5109
386454 60, 5103
388632 70, 5171
391204 78, 5078
392752 61, 5121
394338 66, 5102
396762 71, 5179
398371 68, 5012
401266 70, 5018
402677 62, 5174
404501 73, 5026
406225 65, 5143
408700 77, 5066
411664 76, 5115
412673 73, 5006
414547 71, 5077
416388 78, 5030
418150 71, 5008
422684 65, 5023
424373 77, 5146
426582 79, 5112
428400 78, 5043
431444 73, 5067
432589 66, 5137
434371 73, 5184
436498 63, 5136
438273 77, 5180
442455 76, 5184
448343 69, 5191
451292 67, 5087
452250 64, 5146
454442 64, 5000
456398 76, 5130
458305 75, 5039
461323 68, 5157
462440 69, 5065
464695 74, 5188
466095 74, 5106
468380 77, 5187
472634 70, 5010
472860 68, 5174
474544 63, 5049
476296 76, 5127
478176 66, 5141
482553 62, 5193
484153 69, 5068
486549 65, 5152
488419 64, 5107
492563 63, 5013
494481 77, 5151
496610 60, 5108
498012 64, 5077
501127 72, 5040
504478 61, 5199
506356 60, 5126
508250 78, 5017
511838 66, 5142
512288 74, 5010
514648 76, 5155
516425 60, 5083
518450 65, 5145
521455 71, 5016
522327 68, 5171
526588 70, 5068
532774 62, 5159
536228 60, 5078
538712 77, 5181
541383 77, 5050
544346 71, 5140
546366 77, 5075
551058 72, 5077
552313 61, 5144
554154 64, 5155
556377 77, 5013
558140 79, 5092
562279 74, 5143
562820 76, 5090
564528 62, 5118
566697 74, 5089
568513 78, 5124
571644 68, 5083
572470 62, 5131
574522 75, 5019
576633 78, 5025
578536 65, 5138
582452 64, 5188
584871 77, 5125
586694 73, 5074
588483 73, 5015
592425 69, 5086
592848 63, 5159
596671 60, 5148
598650 78, 5161
600959 72, 5111
602251 74, 5162
604493 76, 5133
606276 66, 5125
608200 75, 5094
611154 67, 5053
612498 62, 5096
614511 69, 5166
616320 75, 5046
618540 75, 5174
621904 72, 5045
622565 76, 5024
624693 78, 5047
626210 63, 5182
628574 73, 5041
631282 68, 5077
632358 65, 5180
634437 71, 5049
636504 65, 5118
638453 79, 5082
641132 65, 5080
642192 64, 5171
644265 69, 5060
648358 65, 5046
651831 64, 5033
652724 79, 5028
654487 79, 5172
656315 72, 5146
658274 71, 5078
660834 64, 5168
662455 69, 5039
664631 70, 5008
666316 73, 5121
668632 75, 5062
672202 62, 5075
674625 73, 5046
676399 76, 5039
678515 63, 5091
681758 65, 5038
683029 67, 5103
684209 79, 5004
686563 74, 5198
690978 76, 5111
692503 61, 5102
696480 63, 5183
700568 63, 5134
702404 70, 5013
704169 62, 5080
706534 60, 5064
708763 61, 5145
711581 75, 5170
712747 65, 5027
714357 63, 5093
716649 61, 5038
718494 72, 5023
722400 61, 5080
724278 75, 5196
726411 75, 5003
728570 74, 5045
731234 76, 5054
732305 73, 5107
734468 73, 5166
736331 66, 5078
738716 70, 5090
741953 66, 5125
742962 76, 5138
744486 79, 5127
746193 60, 5132
748547 67, 5075
751120 76, 5158
752438 66, 5026
754325 69, 5131
756335 75, 5057
758176 76, 5062
761545 74, 5016
762456 69, 5119
764353 71, 5061
766513 68, 5155
768335 75, 5052
771478 61, 5074
772761 74, 5164
774494 77, 5153
776609 75, 5152
778258 78, 5158
780973 77, 5071
782135 63, 5014
784414 73, 5082
786561 70, 5043
788621 63, 5015
791382 70, 5111
792614 73, 5196
794258 61, 5053
796467 75, 5002
798613 60, 5198
801622 67, 5189
802576 60, 5042
804342 75, 5082
806382 71, 5112
808206 60, 5083
811099 79, 5133
814264 68, 5090
816453 69, 5088
818698 63, 5063
821047 60, 5110
822191 77, 5172
824623 75, 5092
826309 63, 5027
828433 60, 5176
831968 62, 5103
832934 75, 5004
834403 78, 5069
836094 61, 5125
838545 72, 5125
840996 71, 5188
842345 76, 5182
844616 63, 5160
846530 79, 5154
848529 79, 5043
850788 60, 5077
852367 68, 5028
854664 72, 5069
856572 79, 5065
858309 64, 5114
861715 65, 5074
863111 67, 5006
864410 79, 5031
866652 61, 5065
868383 68, 5099
870710 61, 5145
872265 66, 5154
874371 60, 5044
876714 71, 5059
878512 75, 5031
880614 64, 5175
882393 76, 5007
884588 75, 5004
886231 60, 5077
888545 66, 5108
890992 62, 5108
892657 72, 5107
894650 75, 5081
896464 75, 5168
898450 70, 5184
901526 78, 5108
902564 65, 5070
904141 65, 5086
906550 78, 5162
908244 76, 5096
912413 75, 5139
914233 72, 5005
916577 66, 5121
918239 63, 5043
922573 76, 5126
923121 79, 5004
926438 72, 5190
928646 79, 5192
930561 73, 5089
932359 78, 5093
934270 72, 5122
938555 70, 5189
941620 78, 5108
942561 65, 5055
944446 73, 5106
946451 71, 5005
948513 67, 5154
952659 67, 5048
954274 74, 5184
958411 70, 5184
960626 78, 5160
962318 73, 5105
964310 69, 5012
966421 67, 5131
968322 76, 5096
971040 70, 5149
972228 79, 5112
974252 73, 5165
976225 60, 5156
978470 63, 5006
981668 64, 5027
982305 61, 5134
984589 67, 5184
986354 75, 5105
988275 78, 5168
990959 67, 5072
992442 67, 5196
994359 77, 5093
996301 70, 5038
998481 70, 5099
1001470 69, 5091
1002504 65, 5086
1004413 75, 5167
1006374 71, 5145
1008515 75, 5150
1012753 77, 5037
1014461 63, 5081
1016614 61, 5170
1018137 62, 5023
1021566 77, 5083
1024648 77, 5125
1026499 71, 5074
1028330 75, 5072
1031240 69, 5033
1034692 69, 5184
1036316 75, 5044
1038276 70, 5189
1041788 79, 5154
1042576 78, 5068
1044541 64, 5112
1046421 77, 5094
1048592 66, 5079
1054682 78, 5164
1056180 64, 5094
1058550 61, 5047
1061036 75, 5178
1062289 77, 5089
1066324 77, 5057
1068267 72, 5187
1072546 74, 5033
1074188 70, 5183
1078694 60, 5090
1081240 77, 5173
1082320 72, 5124
1084420 69, 5072
1086511 71, 5147
1088267 69, 5034
1090653 77, 5099
1092183 62, 5149
1094367 70, 5106
1096438 61, 5146
1098378 60, 5081
1101135 72, 5017
1102419 72, 5160
1104215 76, 5119
1106344 76, 5005
1108405 78, 5047
1110890 68, 5099
1112280 75, 5119
1114263 61, 5055
1116223 75, 5014
1118255 64, 5076
1121402 79, 5119
1122361 79, 5033
1124549 77, 5147
1126535 68, 5043
1128257 63, 5099
1131406 68, 5013
1133045 65, 5120
1134363 69, 5027
1136384 75, 5055
1138323 70, 5088
1140818 61, 5161
1142448 67, 5040
1144414 70, 5026
1146335 66, 5079
1148359 74, 5077
1151137 61, 5010
1152468 73, 5140
1154411 66, 5118
1156494 72, 5058
1158448 71, 5124
1161963 67, 5084
1162954 66, 5134
1164535 67, 5044
1168338 72, 5159
1172337 76, 5162
1174375 78, 5180
1178795 69, 5192
1181222 67, 5072
1182470 67, 5039
1184579 61, 5016
1186202 67, 5138
1188545 66, 5020
1191756 64, 5028
1192700 62, 5139
1194653 67, 5055
1196506 64, 5038
1198442 60, 5016
1201370 62, 5004
1202321 67, 5065
1204451 75, 5173
1206163 64, 5153
1208361 71, 5023
1212209 71, 5031
1214710 65, 5081
1216508 79, 5005
1218204 76, 5158
1221644 66, 5039
1222833 67, 5106
1224409 79, 5094
1226539 62, 5034
1228286 75, 5182
1230586 72, 5018
1232439 68, 5162
1234552 70, 5127
1236219 79, 5145
1238156 77, 5166
1241258 66, 5093
1242519 70, 5068
1248622 75, 5170
1252150 65, 5170
1256411 70, 5176
1258375 75, 5171
1260740 78, 5065
1262280 65, 5148
1264421 79, 5077
1266573 79, 5048
1268371 64, 5135
1271206 67, 5194
1272101 72, 5010
1274359 61, 5062
1276328 73, 5021
1281411 77, 5152
1282610 61, 5012
1284265 65, 5168
1286408 78, 5057
1288424 73, 5028
1291481 61, 5034
1292464 62, 5065
1294315 71, 5028
1296530 78, 5153
1298473 62, 5073
1301223 70, 5176
1302484 61, 5169
1304279 62, 5135
1306770 77, 5146
1308417 68, 5166
1311267 70, 5173
1312750 79, 5174
1314380 69, 5042
1316523 71, 5122
1318241 68, 5050
1321202 76, 5058
1324447 65, 5097
1326321 71, 5078
1328463 68, 5037
1332484 66, 5081
1336406 69, 5099
1338608 67, 5043
1341346 66, 5138
1342500 64, 5116
1344416 62, 5120
1346193 63, 5193
1348150 64, 5081
1350718 60, 5119
1352524 72, 5135
1354461 60, 5172
1356464 73, 5197
1358121 61, 5093
1361653 66, 5037
1362241 62, 5065
1364513 62, 5116
1368157 72, 5145
1371314 71, 5186
1374383 68, 5107
1376258 71, 5146
1378212 61, 5165
1381030 60, 5151
1382616 66, 5046
1384517 78, 5092
1386461 62, 5169
1388269 63, 5111
1390997 61, 5008
1392513 61, 5023
1394235 63, 5147
1396286 63, 5032
1398467 77, 5121
1401394 77, 5018
1402712 77, 5079
1404262 64, 5027
1406616 60, 5093
1412270 69, 5194
1414416 77, 5019
1416327 79, 5010
1421108 73, 5056
1422770 72, 5199
1424433 66, 5143
1426220 75, 5058
1428417 78, 5124
1431388 70, 5022
1432730 60, 5167
1434640 66, 5102
1436177 78, 5070
1438151 73, 5110
1441197 77, 5144
1442518 65, 5170
1444521 70, 5177
1448374 69, 5076
1451476 73, 5125
1452623 72, 5153
1454578 61, 5116
1456114 68, 5183
1458848 61, 5115
1461361 79, 5031
1462823 69, 5173
1464116 64, 5113
1466494 69, 5172
1468664 66, 5116
1472538 78, 5031
1474474 75, 5022
1476269 62, 5183
1478536 74, 5046
1481287 63, 5157
1482242 78, 5115
1484316 73, 5152
1486530 74, 5032
1488402 63, 5179
1491510 79, 5186
1492533 63, 5032
1494328 61, 5122
1496371 70, 5189
1498571 69, 5168
1502349 76, 5097
1506380 75, 5109
1508522 66, 5100
1511685 69, 5114
1512684 76, 5038
1514360 71, 5046
1516434 72, 5044
1518411 60, 5062
1521530 64, 5069
1524507 70, 5079
1526485 75, 5172
1532143 64, 5065
1536404 62, 5063
1538440 63, 5175
1541629 62, 5099
1542262 60, 5062
1544555 64, 5188
1546569 60, 5010
1548596 74, 5015
1551559 60, 5194
1552629 62, 5086
1554506 65, 5080
1556498 64, 5035
1558266 61, 5163
1560959 68, 5177
1562525 77, 5067
1564538 70, 5177
1566439 76, 5156
1568293 75, 5072
1570889 67, 5053
1572167 62, 5092
1574312 73, 5059
1576637 66, 5077
1578477 68, 5183
1581779 69, 5196
1582664 66, 5080
1584599 60, 5071
1586489 61, 5011
1588484 78, 5054
1591095 66, 5040
1592388 71, 5050
1594279 64, 5112
1596778 69, 5008
1598329 65, 5154
1601161 76, 5126
1602276 65, 5168
1604439 76, 5011
1606250 62, 5103
1608596 63, 5097
1611617 68, 5199
1612503 78, 5027
1614377 76, 5167
1616585 66, 5095
1621449 65, 5078
1622494 63, 5035
1624411 77, 5049
1626481 69, 5197
1628432 62, 5165
1631267 76, 5047
1634218 73, 5082
1636342 77, 5047
1638385 75, 5107
1641220 67, 5072
1642437 67, 5175
1644150 79, 5104
1646600 62, 5089
1648499 75, 5126
1651467 65, 5014
1652401 75, 5085
1654482 72, 5062
1658186 79, 5151
1662531 65, 5161
1666377 76, 5198
1671707 66, 5165
1672539 64, 5036
1674258 74, 5189
1676226 64, 5165
1682604 68, 5130
1684583 64, 5083
1688675 60, 5188
1691594 62, 5000
1692407 75, 5103
1694455 76, 5175
1696688 79, 5163
1698269 62, 5158
1701646 68, 5081
1702479 70, 5019
1704251 67, 5096
1706680 60, 5141
1708284 71, 5159
1711248 77, 5110
1712419 61, 5130
1716677 66, 5077
1718199 70, 5047
1721445 66, 5096
1722331 74, 5157
1726358 76, 5014
1728348 79, 5032
1731858 63, 5004
1732763 62, 5145
1734326 61, 5077
1736458 68, 5179
1738448 61, 5032
1740796 61, 5040
1742182 68, 5046
1744517 60, 5094
1746482 72, 5016
1748411 66, 5094
1751156 77, 5199
1752645 75, 5012
1754548 73, 5071
1756725 65, 5019
1758563 73, 5072
1761566 70, 5084
1762635 75, 5149
1766376 74, 5152
1768333 63, 5167
1772390 74, 5040
1774306 64, 5015
1776419 72, 5098
1781465 69, 5170
1782651 70, 5051
1784312 63, 5052
1786245 72, 5043
1788533 75, 5171
1791836 69, 5124
1793036 65, 5195
1794473 61, 5079
1796193 71, 5102
1798380 66, 5178
