90015 1945
100025 2019
110131 1997
120021 1910
130050 1955
140018 2083
150217 2045
170025 1966
180021 1953
200396 1978
210039 2047
220057 2059
230213 1931
240176 2047
250135 1958
270041 1954
280005 2091
300241 2060
310012 2001
330005 2053
340002 2029
350018 1917
360002 1915
390173 1951
400047 1982
410093 2052
430117 1975
440067 1924
450109 1906
460005 1913
470399 2048
480073 1914
490041 1980
510044 1900
520079 2033
540002 2017
550050 1953
560299 1978
570341 2012
580002 2076
590386 2040
620135 2088
630028 1983
640005 2087
650096 2085
660057 1996
670076 1930
680383 2028
690079 1982
700005 1937
720079 2070
730221 1958
740257 1990
750008 1984
760054 2095
770102 2097
780085 2039
790021 1902
810067 2094
830358 1912
840005 1947
850018 2044
860253 1936
870079 2035
880202 2045
890076 1949
900015 2097
910038 1927
920259 1948
930005 1911
940009 2051
950339 2016
980217 1915
990002 2097
1000207 2003
1010168 1918
1020182 2096
1050009 1957
1060142 2068
1080009 1923
1100354 1987
1110208 1930
1120060 1961
1130041 1978
1140060 2021
1150063 1956
1160298 1975
1190163 2032
1200079 1963
1230015 2007
1240079 2061
1250439 1982
1270025 1951
1280294 2065
1290108 2064
1300121 2020
1310053 2024
1320002 2070
1330165 1987
1340041 1969
1350002 1980
1360076 2092
1370025 1972
1380031 1978
1390005 1955
1410083 1974
1420002 2034
1430201 2043
1440097 1928
1460324 1967
1470047 1996
1480076 2004
1490362 1992
1500002 1902
1510021 2044
1530002 2045
1570083 2057
1580380 1981
1590197 1913
1600079 1965
1620054 2049
1630021 2073
1660012 1964
1670388 2083
1680123 2026
1690018 1904
1700341 2010
1720008 2059
1740096 2079
1750038 2066
1780002 1906
