90008 2069
100083 2038
120015 2006
130088 2082
140057 2066
150002 2076
160002 1970
170192 2003
180012 2081
190009 2004
200227 1997
210124 1968
220002 1951
230138 1936
240041 1919
250005 1963
260120 1954
270002 2041
290123 1923
300060 2081
310002 1902
320139 2013
330114 1967
340151 1906
350115 1978
360012 1979
370053 1962
380382 2093
390005 2091
400093 1991
410102 1986
420002 1960
430057 1926
440179 1975
450085 1958
480246 1936
500057 1987
510202 1956
520002 2046
530243 1914
540076 2007
550039 1976
560243 2023
570099 2097
580117 1935
590211 1990
600063 1911
610113 2075
630018 1954
640041 2071
650102 1952
660146 2092
670025 1940
680081 1965
690034 1901
700111 1926
720088 2047
730025 1986
750189 1904
760087 1917
770322 2009
780257 1973
790038 1962
800136 1999
810057 1992
820008 2009
830005 2091
840146 2096
850034 1916
860235 2038
870095 1984
880025 2043
890115 1995
900081 1977
910100 2081
920106 2011
930005 1928
940054 2032
950057 2061
960135 1955
970152 1918
980394 1903
990066 1972
1000081 2051
1020083 1970
1030002 1901
1040176 1951
1050083 2098
1060081 2032
1070140 2096
1090005 1973
1110060 1990
1120254 1924
1130229 1908
1140012 2046
1150163 1971
1160021 2088
1170021 1919
1180079 1944
1190200 2080
1200012 1922
1220122 1903
1230025 2099
1250139 2096
1260157 2097
1270091 1999
1280185 2013
1290002 1923
1300002 1996
1310076 1961
1320144 2073
1330054 2074
1340159 2091
1350012 1978
1360101 1950
1370189 1903
1380070 2071
1410083 1918
1420005 2073
1430299 1966
1440038 2086
1450198 1934
1460171 1921
1470002 2086
1480005 1957
1500140 1964
1510002 1931
1520079 1974
1530044 1940
1540015 1940
1550107 2041
1560126 1984
1570140 1920
1580100 2031
1590113 1963
1600056 1917
1610150 1933
1620086 1939
1630005 1912
1640162 2054
1650008 1988
1660079 1933
1670127 1992
1680044 2046
1690002 2060
1700176 1966
1710066 2073
1720105 1953
1730139 1974
1740008 1975
1750313 1956
1760253 2055
1770108 2029
1780057 2007
1790137 2004
