85054 3786
90079 3771
95041 3869
100208 3879
105005 3826
110197 3709
115017 3749
120290 3892
125005 3795
130276 3828
135015 3742
140149 3838
145079 3855
150325 3746
155002 3706
160181 3790
165025 3830
170230 3795
175054 3786
180283 3806
185005 3862
190217 3830
195002 3865
205062 3730
215087 3895
220047 3705
225057 3749
230353 3783
235147 3811
240255 3796
245012 3701
250186 3720
255134 3825
260154 3896
265121 3804
270126 3874
275012 3701
280181 3740
285180 3852
290304 3882
295005 3889
300303 3743
305005 3725
315106 3852
320148 3831
325031 3895
330260 3890
340131 3887
345112 3722
355008 3722
360122 3879
365002 3882
370236 3825
375138 3740
380140 3787
385005 3844
390141 3833
395002 3779
400103 3848
405027 3812
410292 3823
415077 3765
425114 3897
430124 3819
435064 3738
440208 3799
445202 3762
450198 3879
455092 3759
460238 3847
465005 3796
470347 3783
475047 3700
480138 3821
485005 3818
490096 3852
495064 3780
500339 3762
505008 3852
510425 3744
515002 3848
520276 3719
525061 3722
535121 3764
540057 3842
545095 3704
550147 3775
555067 3844
560165 3709
565041 3715
570221 3874
575102 3752
580172 3731
585054 3748
590365 3863
595083 3839
600333 3899
605092 3798
610325 3864
615083 3823
620179 3760
630028 3838
635115 3754
640201 3847
645049 3819
650257 3838
655102 3795
660101 3704
665079 3753
670028 3880
675005 3845
685221 3803
695002 3861
700172 3837
705141 3720
710160 3780
715005 3837
720363 3810
725101 3863
730203 3831
735005 3769
740316 3824
745034 3861
750105 3842
755115 3798
760106 3828
765079 3710
775090 3854
785005 3887
795031 3728
805009 3767
810041 3762
815246 3738
820058 3838
825009 3713
835037 3887
840168 3809
845123 3888
850254 3750
855026 3789
860427 3728
865079 3896
870124 3852
875040 3867
880259 3886
885002 3769
895112 3819
900150 3846
905044 3863
910198 3889
915012 3767
920260 3785
925008 3709
935098 3706
945018 3867
950232 3738
955076 3830
960139 3856
965018 3843
970183 3858
975093 3760
980288 3738
985078 3830
990071 3760
995021 3790
1000311 3802
1005026 3897
1015083 3832
1020106 3836
1025042 3849
1030165 3822
1035002 3836
1040063 3841
1045115 3852
1050267 3860
1055119 3868
1065005 3715
1070324 3755
1075002 3792
1080246 3876
1085005 3718
1090205 3726
1095110 3723
1105038 3864
1110241 3748
1115005 3726
1125038 3787
1130234 3892
1135096 3813
1140198 3870
1145002 3863
1150288 3726
1155005 3747
1160209 3771
1165023 3774
1170115 3889
1175047 3775
1185120 3818
1190448 3700
1195015 3843
1200138 3716
1205073 3706
1210189 3749
1215083 3738
1220167 3795
1225082 3754
1230266 3834
1235005 3723
1245106 3755
1250335 3772
1255104 3754
1260150 3729
1265034 3809
1270038 3808
1275079 3786
1280312 3806
1285057 3734
1290362 3719
1295085 3788
1300234 3735
1305002 3780
1310361 3793
1315008 3755
1320133 3756
1325005 3881
1330276 3807
1335039 3846
1345050 3827
1355104 3790
1360083 3752
1365012 3777
1370182 3734
1375002 3790
1380286 3891
1385114 3810
1390115 3845
1395135 3751
1400115 3860
1405106 3863
1410251 3881
1415054 3842
1420235 3845
1425050 3863
1430386 3826
1435077 3727
1440207 3798
1445183 3829
1450021 3785
1455025 3716
1465009 3837
1470047 3802
1475002 3766
1480150 3788
1485076 3738
1490322 3820
1495276 3708
1500286 3828
1505083 3753
1510132 3753
1515169 3862
1525092 3712
1530160 3709
1535015 3876
1540127 3810
1545218 3780
1550225 3826
1555088 3773
1560148 3882
1565083 3719
1575057 3778
1580248 3760
1585009 3842
1590140 3715
1595005 3748
1605025 3880
1615018 3893
1620097 3771
1625021 3896
1635057 3891
1640223 3844
1645002 3781
1650028 3801
1655161 3860
1665160 3780
1670153 3862
1675028 3708
1680189 3810
1685041 3843
1690063 3875
1695002 3801
1700368 3753
1705012 3721
1710044 3728
1715104 3737
1720145 3844
1725088 3899
1735031 3810
1745002 3762
1750249 3739
1755137 3870
1760218 3854
1765079 3741
1770139 3826
1775012 3757
1780050 3706
1785052 3880
1790395 3762
1795012 3896
