110057 4406
140048 4357
200367 4417
230005 4373
260005 4352
290188 4434
350028 4476
380099 4366
410105 4403
440005 4331
470005 4373
500110 4345
530047 4475
560002 4446
590005 4347
620088 4336
650153 4376
680005 4312
710002 4326
740050 4399
770128 4391
830012 4355
860207 4388
890015 4447
920050 4469
950028 4426
980223 4387
1010034 4412
1040005 4328
1070086 4425
1100005 4301
1130154 4342
1160073 4397
1190008 4342
1220218 4416
1280005 4473
1340086 4329
1370079 4364
1430015 4321
1460034 4370
1490025 4472
1520085 4499
1550073 4412
1580095 4368
1610009 4416
1640002 4336
1670195 4398
1700002 4371
1730034 4489
1760128 4421
