121187 1947
131318 2099
150817 1906
161126 2038
171726 2031
181971 2012
231740 2012
240646 1921
250647 1907
261067 2048
280357 1989
310687 1944
321281 1912
331115 2083
340662 1955
371058 2049
390602 2025
411074 2053
420673 1937
450765 1911
460584 2063
471581 2052
481027 1951
490815 1984
501689 1932
520475 1959
540514 1928
550386 1904
561331 2023
570486 1951
580685 2081
610442 1924
630638 1901
640553 1963
661228 1918
670563 2027
700674 2043
720618 1997
730779 1934
741888 1947
750977 1911
760893 2076
780813 2062
790702 1918
800760 2041
810819 2004
820835 1955
831458 2017
850790 1927
860859 1961
870618 1949
901046 1937
921176 1935
931005 2072
940794 2023
960690 2008
970682 2098
1011679 1987
1020538 2037
1030613 2054
1060729 1912
1080836 2002
1091248 2008
1101091 2081
1110859 2047
1120710 2017
1130814 1914
1150561 2086
1161155 1917
1171212 2030
1191077 1961
1211410 2076
1231446 2020
1240434 1947
1251751 2093
1270894 1912
1281364 1944
1290236 2040
1300806 1940
1311727 1987
1320711 1957
1330293 1916
1350511 2078
1360604 1966
1371083 2004
1381226 1961
1420468 1981
1431468 2051
1441232 2001
1450740 1979
1461810 1934
1470443 1996
1480651 1933
1500327 2064
1510974 1952
1541099 1980
1551219 2059
1560960 2045
1570656 2071
1580943 1966
1591177 2093
1601090 2052
1611103 2043
1621069 2050
1630700 1945
1640998 2003
1650811 1986
1660657 1918
1671955 2052
1680674 1959
1690778 2096
1700959 2090
1710948 2019
1750412 1990
1770935 2008
1780777 2039
1790744 1999
