141367 4407
200858 4319
230815 4491
291022 4435
321512 4485
350831 4324
411314 4368
440640 4355
471446 4376
531049 4348
590868 4315
620529 4492
650985 4334
710968 4479
741002 4421
771282 4337
801015 4497
861073 4314
890543 4370
920690 4358
950763 4497
980952 4401
1040558 4490
1070517 4402
1130979 4387
1160703 4423
1190959 4420
1250508 4489
1281301 4489
1310688 4455
1370890 4311
1401246 4402
1430675 4380
1520959 4405
1581505 4307
1641329 4328
1670583 4303
1700502 4421
1730525 4336
1760542 4306
1790439 4367
