100849 1939
111150 2072
130768 1960
141174 1996
160891 1993
180475 2057
210542 1937
220394 2084
230783 2083
241015 2094
270774 2088
290866 1904
300503 2028
310610 2062
320922 1982
330846 2003
370383 2037
382227 1979
390573 1903
401068 2040
411718 2006
420496 1944
441318 2057
450909 2024
460960 1913
471282 2010
480451 2057
491051 1909
511179 1966
520439 2049
531325 1984
571352 1943
580713 2062
591856 1990
601563 2040
610847 2046
621080 1975
661205 2044
670621 1933
680644 2005
711055 2007
720657 1960
731393 1985
740791 2014
751029 2081
781346 1910
790368 2078
801354 2064
810636 1911
820864 2027
831388 1970
840542 2080
850484 1904
861411 2096
870663 1974
880585 1916
891810 2062
901030 1901
910515 1941
921015 1934
930656 1912
940787 2083
951676 2055
960658 2085
970663 2015
990378 1944
1000668 1936
1011225 2076
1020660 1984
1030767 1915
1041376 2008
1050388 2081
1061024 1975
1090757 2023
1101558 2088
1110608 2072
1131157 2078
1141106 1990
1150776 2015
1161000 2024
1191659 2077
1201164 2051
1210456 1960
1230532 1933
1251330 2013
1261151 2071
1280735 1957
1291048 1927
1301409 2009
1310741 2019
1320361 1938
1331204 1952
1360421 2096
1371112 1990
1380520 1916
1390993 1921
1410047 2062
1420760 1960
1431564 1952
1450972 2065
1470845 2012
1480934 2051
1510775 2028
1530852 2019
1581531 2003
1590991 1917
1600509 2085
1611450 2070
1641312 1919
1650502 1965
1660584 2007
1670747 2027
1700908 1944
1710925 1996
1730763 2004
1740493 2021
1761258 1924
1791084 1993
