110069 4354
140005 4414
170224 4307
200241 4410
230090 4451
260137 4344
290164 4423
320079 4387
350002 4415
380088 4420
410069 4361
440073 4339
500125 4405
560114 4456
590134 4399
620105 4453
650025 4432
680075 4460
710104 4316
740091 4447
830043 4426
860005 4431
920091 4360
1010113 4381
1040078 4483
1070128 4412
1100189 4491
1160094 4324
1190088 4353
1220284 4386
1250073 4410
1280088 4413
1310086 4459
1340082 4386
1370005 4478
1400109 4407
1430082 4436
1460091 4374
1490099 4356
1520099 4392
1550173 4334
1580005 4306
1610091 4460
1640088 4412
1670088 4491
1700099 4358
1760107 4417
1790073 4492
