111034 4358
171286 4484
201428 4325
230876 4351
260942 4411
290728 4326
320791 4321
351145 4369
411432 4368
440705 4311
470542 4441
501163 4460
530622 4436
561007 4375
591133 4385
620981 4305
680862 4469
710866 4300
740865 4305
771097 4418
800840 4389
830961 4311
860968 4428
891309 4406
920525 4304
951400 4441
980670 4322
1040926 4359
1071323 4371
1100465 4358
1131102 4354
1161379 4399
1191202 4313
1220566 4380
1250893 4332
1280626 4334
1310661 4458
1340738 4470
1370701 4426
1401232 4386
1430524 4468
1460705 4440
1491153 4376
1520655 4410
1580409 4335
1610865 4451
1731286 4480
1760866 4360
1790847 4490
