82042 62, 5062
84005 79, 5009
86137 63, 5082
90165 74, 5156
92002 76, 5161
94027 65, 5132
96160 65, 5162
98002 75, 5133
100309 68, 5140
102005 74, 5016
104053 72, 5008
106006 73, 5137
108027 74, 5009
110273 62, 5091
112037 78, 5097
114067 74, 5051
116041 63, 5046
118022 72, 5174
120264 73, 5029
122019 76, 5056
124109 79, 5104
126063 71, 5178
128024 74, 5105
130390 78, 5070
134015 67, 5164
136148 73, 5190
138050 63, 5198
140423 77, 5112
142070 74, 5012
144072 69, 5017
146089 75, 5059
148071 65, 5085
150171 78, 5003
152002 70, 5150
154005 76, 5127
156022 66, 5019
158030 65, 5012
160310 68, 5172
162067 66, 5105
164047 60, 5021
166002 69, 5003
168156 72, 5101
172154 75, 5077
174015 75, 5029
178022 70, 5192
180250 70, 5156
182009 67, 5130
184058 61, 5043
186044 61, 5065
190328 65, 5014
192059 60, 5182
194005 65, 5157
196044 69, 5108
198012 64, 5055
200500 75, 5095
202036 79, 5018
204048 79, 5114
206033 64, 5021
208033 65, 5045
210370 61, 5169
212005 65, 5027
216025 76, 5008
218002 68, 5103
220067 79, 5085
222174 73, 5108
224092 74, 5107
226144 65, 5129
230404 63, 5069
232009 72, 5149
236022 74, 5111
238018 77, 5077
240109 61, 5029
242044 72, 5010
244085 65, 5095
246058 73, 5087
248169 78, 5098
250182 65, 5084
252022 76, 5048
254053 70, 5161
256025 62, 5046
258038 66, 5159
260482 69, 5045
264037 64, 5102
266002 72, 5114
272108 64, 5028
274022 71, 5036
276096 74, 5085
278027 69, 5012
280376 66, 5160
282012 69, 5065
284030 60, 5023
286048 76, 5056
288053 72, 5064
290327 71, 5078
292012 71, 5080
294053 76, 5177
296050 79, 5113
298305 69, 5164
300240 69, 5120
302064 64, 5041
304036 73, 5060
306025 70, 5156
308022 66, 5066
310341 72, 5173
312053 72, 5076
314073 79, 5187
316005 69, 5026
318027 64, 5174
320455 65, 5188
322036 72, 5050
324005 64, 5026
326112 68, 5000
328038 76, 5076
330432 76, 5014
334036 79, 5152
336030 79, 5029
338005 72, 5174
340384 72, 5120
342015 66, 5170
344144 71, 5004
346180 60, 5114
348181 64, 5179
350462 79, 5060
352098 63, 5073
354025 60, 5144
356009 79, 5105
358070 68, 5123
360338 77, 5174
362124 78, 5171
364002 73, 5112
368002 62, 5130
370208 68, 5186
372002 67, 5078
374002 68, 5069
376012 61, 5018
378067 79, 5008
382047 72, 5127
384022 62, 5135
386154 65, 5135
390212 76, 5155
392002 60, 5185
394009 69, 5085
396058 75, 5045
398019 67, 5129
400281 66, 5107
402002 63, 5179
404022 67, 5172
408022 66, 5059
410281 74, 5191
412027 64, 5186
414012 66, 5065
416022 68, 5140
418025 69, 5174
420239 79, 5024
424002 66, 5044
426002 72, 5101
428022 78, 5084
432005 76, 5033
434030 78, 5080
436009 69, 5012
438079 69, 5164
442009 78, 5097
444102 65, 5074
446022 70, 5031
448011 70, 5162
450237 67, 5044
452053 79, 5144
454022 72, 5093
458092 68, 5184
462015 71, 5129
464002 66, 5140
466058 74, 5146
468075 67, 5118
472072 61, 5030
474009 60, 5186
476002 75, 5045
478096 67, 5165
480158 63, 5133
482044 79, 5139
484125 73, 5137
486095 60, 5175
488033 71, 5049
490217 73, 5027
492106 66, 5182
494116 78, 5181
496134 63, 5056
498022 60, 5004
500356 66, 5170
504208 75, 5133
506058 77, 5103
508002 79, 5122
512022 66, 5049
514033 76, 5055
516022 64, 5005
518058 61, 5160
520247 72, 5195
522005 79, 5138
524140 68, 5064
528070 62, 5120
530051 71, 5134
532005 78, 5072
534039 79, 5128
536069 74, 5180
538025 78, 5158
540411 63, 5027
542005 77, 5196
544128 63, 5031
546033 73, 5120
548098 69, 5091
550360 65, 5034
552015 63, 5013
554058 63, 5127
556005 75, 5059
558044 66, 5117
560231 72, 5126
562005 69, 5178
564005 74, 5039
566212 79, 5073
568002 62, 5131
570431 62, 5108
572028 79, 5001
574022 61, 5068
576012 62, 5121
578131 75, 5113
582019 76, 5123
584022 61, 5132
586002 71, 5170
588036 74, 5030
590457 73, 5053
592042 76, 5173
594041 70, 5004
596067 67, 5006
598129 66, 5129
600284 73, 5060
602005 61, 5198
604053 62, 5073
606176 77, 5196
608005 69, 5041
610421 67, 5101
612012 67, 5023
614075 62, 5158
616115 60, 5163
618012 76, 5144
620239 72, 5033
622018 77, 5085
624034 75, 5170
626127 70, 5178
628027 77, 5045
630257 79, 5162
632009 69, 5198
636015 62, 5086
638082 63, 5140
642039 78, 5013
644033 73, 5060
646025 73, 5011
648078 65, 5178
650410 63, 5090
654025 75, 5194
656033 67, 5150
660310 71, 5092
662033 62, 5191
664025 69, 5096
666042 69, 5185
668042 79, 5046
670356 72, 5135
672033 65, 5126
674009 72, 5137
676005 69, 5129
678022 65, 5118
680507 62, 5131
682030 68, 5167
684108 62, 5196
686039 67, 5122
688005 71, 5069
690300 64, 5144
692068 66, 5154
694025 76, 5113
696002 61, 5144
698005 64, 5161
700232 66, 5126
702069 75, 5049
704002 73, 5021
706051 68, 5033
708002 69, 5053
710176 77, 5180
712009 60, 5067
714141 76, 5058
716047 78, 5024
718028 71, 5004
720358 67, 5099
722025 70, 5187
724030 75, 5124
726030 69, 5183
728015 66, 5185
730356 62, 5156
734036 65, 5051
736005 63, 5017
738022 66, 5139
740467 65, 5047
742044 65, 5016
744042 64, 5027
746148 77, 5004
748265 73, 5165
750186 73, 5112
752037 65, 5002
754012 79, 5133
756019 70, 5125
758025 78, 5113
762022 62, 5125
764002 72, 5115
766044 63, 5124
768201 62, 5196
770468 68, 5097
772005 73, 5146
774079 64, 5094
776005 67, 5043
778112 64, 5086
780044 61, 5112
782047 69, 5100
784022 62, 5116
786018 75, 5021
788022 71, 5008
790212 67, 5106
792167 63, 5057
794079 70, 5077
796044 70, 5061
798067 77, 5025
800510 63, 5182
802022 60, 5081
804067 60, 5041
806002 64, 5018
808025 63, 5117
810228 67, 5104
812022 61, 5055
814022 65, 5069
816018 73, 5082
818036 79, 5097
820232 78, 5096
822002 78, 5053
824030 71, 5159
826038 73, 5129
828002 71, 5119
830252 67, 5142
832157 62, 5053
834009 62, 5049
836022 72, 5140
838002 75, 5014
840397 74, 5060
842067 74, 5013
844002 62, 5144
846078 68, 5095
848002 79, 5188
850054 61, 5112
852025 79, 5074
856067 67, 5098
858050 64, 5167
860558 74, 5189
862149 66, 5030
866005 79, 5020
868070 66, 5033
870294 62, 5160
872014 66, 5042
874170 65, 5129
876022 60, 5027
878002 78, 5001
880289 72, 5109
882030 65, 5065
884005 66, 5093
886081 69, 5120
888002 76, 5180
890178 62, 5051
892047 77, 5090
894036 78, 5197
896072 70, 5165
898125 68, 5006
900218 63, 5039
902044 60, 5040
904089 63, 5122
906028 70, 5036
908002 68, 5147
910258 76, 5148
912002 64, 5199
914064 63, 5104
916022 74, 5164
918027 65, 5144
920354 75, 5087
922025 62, 5199
924091 71, 5094
926005 77, 5080
928002 62, 5178
930218 73, 5128
932044 67, 5110
934125 73, 5065
936122 70, 5137
938002 64, 5098
940031 79, 5137
942002 66, 5195
944005 65, 5028
946205 76, 5191
952094 77, 5031
954005 73, 5167
956022 69, 5181
958030 64, 5158
960449 65, 5127
962124 73, 5064
964022 66, 5008
966044 78, 5062
968134 61, 5153
972009 78, 5064
974027 74, 5181
976122 64, 5188
978005 64, 5040
980444 76, 5183
982081 70, 5193
984002 65, 5143
986134 76, 5072
988134 60, 5109
990371 65, 5185
992095 76, 5041
994105 63, 5046
996025 68, 5016
998167 72, 5159
1002036 72, 5054
1004129 60, 5171
1006018 78, 5112
1008005 61, 5070
1010297 62, 5132
1012005 68, 5161
1016058 70, 5044
1018022 76, 5038
1020191 77, 5062
1022115 78, 5122
1024105 65, 5087
1026025 73, 5108
1028137 73, 5123
1032002 61, 5023
1034058 65, 5091
1036002 71, 5140
1038002 70, 5146
1040478 70, 5076
1044047 72, 5067
1046030 60, 5130
1048147 66, 5048
1050400 64, 5028
1052002 72, 5158
1054085 71, 5018
1056102 67, 5009
1058002 70, 5020
1062042 77, 5108
1064115 69, 5012
1066039 60, 5079
1068022 78, 5068
1070539 67, 5190
1072140 73, 5135
1074079 70, 5109
1076005 69, 5043
1078005 75, 5117
1080361 79, 5170
1082061 74, 5109
1084053 61, 5052
1086075 68, 5179
1088070 72, 5078
1090415 68, 5196
1092092 75, 5137
1096047 74, 5001
1098072 72, 5008
1100289 68, 5183
1102002 77, 5023
1104130 72, 5045
1106025 64, 5173
1108002 61, 5058
1110336 61, 5059
1112170 74, 5186
1114036 72, 5010
1116005 72, 5079
1118005 78, 5195
1120057 67, 5101
1122002 60, 5138
1124022 63, 5006
1126047 72, 5136
1128078 78, 5156
1130514 65, 5032
1132164 60, 5077
1134058 66, 5155
1136030 66, 5124
1138186 69, 5025
1140405 63, 5002
1142070 77, 5083
1144045 72, 5069
1146064 64, 5108
1148022 70, 5068
1150376 64, 5037
1152036 62, 5054
1154078 71, 5140
1156022 78, 5083
1158005 66, 5053
1160470 68, 5025
1164005 62, 5112
1166018 61, 5022
1168167 65, 5078
1170397 76, 5026
1172053 60, 5126
1174109 77, 5098
1176005 70, 5066
1178044 77, 5149
1182186 60, 5120
1184114 63, 5119
1186160 67, 5175
1188030 61, 5102
1190281 63, 5018
1192022 67, 5108
1194068 68, 5165
1196170 74, 5090
1198131 77, 5080
1200216 63, 5085
1202002 72, 5009
1204022 68, 5004
1212005 73, 5146
1214022 70, 5057
1218025 63, 5127
1220337 64, 5015
1222002 76, 5034
1224025 66, 5078
1226118 69, 5007
1228027 69, 5154
1230428 66, 5185
1232022 79, 5043
1234039 74, 5089
1236019 66, 5193
1238005 64, 5178
1240433 77, 5024
1242022 67, 5098
1244025 70, 5001
1246053 70, 5017
1248005 74, 5087
1252089 70, 5186
1254030 60, 5063
1256135 79, 5095
1258044 75, 5116
1260189 65, 5021
1264030 63, 5043
1266202 69, 5199
1268050 74, 5192
1270079 77, 5190
1272005 66, 5088
1274101 66, 5042
1276005 72, 5158
1278064 72, 5175
1280482 79, 5153
1282197 65, 5086
1284061 70, 5095
1286064 73, 5080
1288009 71, 5176
1290161 63, 5173
1292083 70, 5151
1294002 62, 5059
1296034 79, 5106
1298005 62, 5067
1300450 69, 5031
1302089 65, 5149
1304195 79, 5089
1306030 66, 5044
1308022 72, 5171
1310395 69, 5097
1316120 76, 5180
1318083 66, 5006
1320319 63, 5154
1322009 75, 5196
1324022 66, 5155
1326042 69, 5194
1328022 68, 5071
1330323 64, 5122
1332005 72, 5068
1334005 73, 5011
1336022 79, 5055
1338076 61, 5066
1340371 64, 5108
1342151 70, 5040
1344033 72, 5129
1346005 77, 5104
1348118 63, 5078
1350388 74, 5156
1352042 75, 5186
1356150 70, 5175
1358146 72, 5045
1360538 71, 5163
1362180 75, 5043
1364131 63, 5098
1366025 66, 5059
1368087 69, 5040
1372080 69, 5096
1374062 61, 5016
1376025 77, 5115
1378022 60, 5050
1380201 62, 5035
1382089 64, 5106
1384030 60, 5003
1386015 64, 5167
1388033 79, 5191
1390314 76, 5139
1392224 78, 5180
1394042 71, 5109
1396039 66, 5003
1398005 75, 5025
1400431 68, 5002
1402164 61, 5023
1404022 77, 5007
1406025 79, 5066
1408128 62, 5175
1410209 60, 5154
1412078 63, 5031
1414005 70, 5019
1416027 71, 5131
1418005 61, 5046
1420465 69, 5150
1422047 75, 5003
1424025 71, 5110
1426002 60, 5186
1428025 76, 5187
1432131 78, 5164
1434025 65, 5058
1436022 71, 5160
1438005 73, 5170
1440200 73, 5187
1442019 76, 5034
1444124 77, 5080
1446002 67, 5141
1448073 79, 5052
1450326 75, 5053
1454019 72, 5003
1458005 66, 5082
1462075 63, 5087
1464005 69, 5146
1466048 75, 5166
1468105 71, 5124
1470266 70, 5110
1472025 68, 5000
1474022 79, 5054
1476207 67, 5125
1478054 71, 5176
1480226 77, 5060
1482172 70, 5065
1484005 75, 5111
1486183 70, 5014
1488058 78, 5198
1492186 63, 5056
1494070 70, 5106
1496002 73, 5154
1498030 68, 5141
1502058 70, 5021
1504044 67, 5186
1506002 77, 5055
1508025 76, 5050
1512150 75, 5127
1514030 73, 5082
1516087 75, 5069
1518015 72, 5001
1520381 64, 5052
1524018 65, 5057
1526009 71, 5034
1532025 61, 5097
1534002 62, 5109
1536005 75, 5140
1538061 63, 5121
1540209 68, 5034
1542128 74, 5067
1544182 70, 5098
1546138 64, 5163
1548050 66, 5161
1550270 62, 5100
1552172 76, 5084
1554025 61, 5176
1556201 76, 5102
1558022 68, 5049
1562030 77, 5173
1564084 73, 5125
1566075 61, 5074
1568058 75, 5118
1570329 70, 5185
1572005 73, 5092
1574154 72, 5080
1576109 69, 5177
1578047 70, 5156
1582009 64, 5174
1584138 66, 5037
1586022 78, 5075
1588012 72, 5182
1590147 70, 5082
1594039 69, 5081
1596074 75, 5121
1598002 66, 5153
1600165 67, 5030
1602077 61, 5173
1604131 68, 5023
1608002 71, 5008
1610581 67, 5190
1612022 78, 5188
1614002 67, 5181
1616141 67, 5142
1618018 66, 5067
1620356 63, 5126
1622042 71, 5162
1624005 72, 5145
1626187 69, 5049
1628022 76, 5135
1632009 62, 5116
1634098 67, 5030
1636131 69, 5191
1638099 78, 5164
1640601 72, 5075
1642140 68, 5023
1644112 75, 5095
1646078 77, 5185
1648027 64, 5182
1650338 69, 5111
1654084 60, 5087
1656062 72, 5184
1658131 67, 5043
1660397 77, 5082
1662070 70, 5047
1664005 77, 5090
1666025 68, 5173
1668002 76, 5088
1670269 60, 5107
1672061 66, 5059
1674121 79, 5163
1676064 61, 5000
1680394 78, 5052
1682002 77, 5078
1684018 72, 5098
1686005 70, 5011
1688019 71, 5128
1690452 65, 5050
1692005 68, 5129
1694030 75, 5114
1696025 64, 5058
1698061 70, 5181
1700551 65, 5105
1702015 77, 5131
1704091 79, 5168
1708012 66, 5158
1710275 78, 5076
1712002 66, 5036
1716005 69, 5009
1718002 60, 5063
1722005 79, 5015
1724095 70, 5139
1726039 78, 5118
1728115 61, 5178
1730445 67, 5089
1732025 64, 5177
1734075 61, 5167
1736101 60, 5000
1738022 61, 5104
1740305 62, 5185
1742009 77, 5154
1744022 60, 5092
1746209 70, 5103
1748002 68, 5003
1752012 72, 5066
1754195 78, 5131
1756022 68, 5024
1758088 69, 5198
1760515 71, 5168
1762015 75, 5172
1764019 61, 5114
1766002 62, 5083
1768005 78, 5179
1770387 66, 5036
1772053 77, 5116
1774019 74, 5187
1776122 66, 5035
1778078 70, 5148
1780248 63, 5037
1782128 72, 5091
1784079 66, 5192
1786005 74, 5173
1788030 66, 5039
1790257 60, 5052
1792012 74, 5072
1794042 78, 5099
1796005 66, 5011
1798009 73, 5040
