101041 1983
121269 2006
130874 2027
150687 2077
160758 2021
171623 1960
181438 2012
190495 1909
201475 2093
221268 2032
270784 2052
280405 1974
291137 1949
300804 1930
310794 2066
331419 1939
340601 1915
350748 1988
361087 1950
370566 2081
390995 1915
400440 2090
411538 2040
421400 1921
430859 2059
441263 2038
450479 2053
461143 1907
471638 1992
490389 1970
511117 2010
520867 1919
531119 2024
540949 2071
550499 2067
561450 2046
570743 1956
581180 1983
591756 1930
600737 2009
620545 1993
630746 2080
660580 1976
670726 1970
681304 2032
690599 1929
700773 2004
711218 2015
720696 1926
741233 1907
750924 1988
760612 1992
780363 2074
790922 2097
800894 1901
810726 1949
840654 1944
850772 2038
861314 1907
871005 1905
891233 1970
901003 2099
910525 1995
921931 1976
940671 2076
960645 2066
981119 1934
990605 2020
1020919 1923
1031137 2085
1050370 1923
1060766 2018
1080552 2036
1090801 2000
1100868 2015
1110504 1918
1120621 2034
1131303 1980
1151027 2011
1170400 2009
1190988 1979
1200852 1936
1210265 2051
1221322 1966
1240850 2042
1260865 1938
1270496 2056
1281291 1921
1290857 2068
1300371 1951
1311544 2032
1320692 2028
1330562 2066
1341491 1927
1350853 1996
1360296 2075
1381123 1984
1401230 1995
1410249 2084
1420738 2083
1440443 2045
1451141 2083
1460828 1989
1470660 2018
1480586 1944
1490953 2054
1500415 1926
1511226 1926
1521328 2033
1530400 1935
1540664 2041
1551302 2068
1560728 1959
1581245 2014
1590815 1992
1601199 2031
1621198 1991
1630512 1923
1641751 1981
1650782 2061
1660713 2021
1671241 2032
1680797 1924
1690361 1958
1701212 2007
1710396 1957
1720799 1920
1740344 1928
1751079 2066
1761322 1963
1790723 1992
