86239 3848
92649 3708
95986 3833
102468 3808
106504 3835
112965 3736
115873 3758
122516 3710
125638 3794
131977 3874
136051 3706
142532 3805
145968 3849
155796 3795
162661 3855
165531 3716
172684 3795
175825 3722
182171 3857
185794 3747
192318 3869
195684 3715
202852 3716
205756 3829
211620 3803
215896 3844
222467 3885
232725 3773
235734 3721
241866 3843
245952 3757
251633 3835
255589 3878
265304 3733
272363 3838
275840 3871
281857 3816
285756 3890
295600 3704
301763 3834
305978 3847
311827 3753
315866 3762
322737 3806
325583 3716
331660 3815
335730 3774
341968 3785
345567 3863
352722 3746
355708 3851
361908 3768
365531 3738
371762 3799
375991 3793
382673 3849
385981 3784
391767 3772
405685 3798
415682 3720
421693 3713
425598 3870
431717 3747
435686 3788
442493 3873
455583 3720
461973 3768
465779 3798
472412 3735
475665 3781
481600 3731
486001 3744
491518 3852
495958 3883
501989 3812
505582 3853
511625 3783
515336 3732
521629 3872
525625 3893
532141 3833
535651 3736
541628 3879
545477 3825
551387 3743
555635 3800
562700 3735
565609 3817
571682 3793
575736 3858
581923 3895
592666 3874
595623 3734
601301 3707
605587 3762
611813 3893
615738 3812
625627 3769
631646 3776
635675 3787
645352 3734
655672 3885
661632 3871
665620 3827
671794 3733
675589 3790
682524 3776
685791 3707
691589 3735
695399 3868
701481 3861
705399 3728
712204 3767
715451 3870
721664 3884
725333 3817
731819 3869
735692 3850
742628 3707
745798 3716
751696 3835
755516 3704
761509 3768
765678 3834
772354 3783
775477 3711
781607 3701
785674 3802
795505 3861
802356 3824
805654 3762
811602 3760
815540 3861
821639 3788
825711 3718
835319 3726
841360 3754
845608 3878
851493 3706
855659 3789
862571 3812
865701 3859
871947 3820
875725 3894
881933 3881
885744 3871
892414 3725
895591 3736
901561 3846
905664 3867
911627 3817
915363 3804
922592 3883
925653 3854
931674 3763
935683 3755
941697 3867
945511 3825
952597 3876
955605 3841
961899 3768
965705 3819
971728 3735
975561 3724
985510 3807
995816 3800
1001865 3870
1005589 3704
1012280 3704
1015708 3723
1021881 3885
1025605 3776
1031806 3798
1035273 3860
1041933 3706
1045465 3882
1051659 3780
1065549 3745
1072484 3892
1075614 3749
1085537 3766
1091399 3823
1105639 3808
1111630 3713
1115314 3700
1121733 3770
1125528 3808
1132471 3819
1135609 3750
1141615 3729
1145653 3723
1155448 3711
1165693 3803
1171734 3838
1175764 3848
1181753 3815
1185775 3751
1192326 3772
1201472 3832
1205688 3748
1215749 3746
1222416 3867
1225585 3848
1231746 3751
1235783 3866
1241496 3773
1245645 3775
1252420 3818
1255380 3883
1261616 3851
1265720 3739
1271693 3749
1275597 3746
1282407 3827
1285534 3798
1291609 3815
1295614 3832
1301709 3880
1305552 3886
1312386 3742
1315531 3837
1321556 3808
1325614 3896
1331263 3842
1335637 3747
1345381 3882
1355762 3742
1361788 3799
1365615 3711
1372573 3873
1375679 3879
1381264 3851
1385499 3791
1395635 3786
1401976 3786
1405511 3822
1415601 3775
1421716 3837
1425530 3744
1432349 3787
1435577 3897
1441751 3809
1445640 3717
1451875 3808
1455700 3703
1462056 3880
1465661 3793
1471515 3832
1475794 3790
1481767 3811
1485535 3744
1491934 3852
1495811 3726
1501775 3883
1505606 3856
1515587 3829
1522418 3772
1525587 3810
1531721 3841
1535625 3894
1541803 3891
1545613 3811
1552259 3720
1555660 3715
1561748 3862
1565584 3872
1571583 3806
1575942 3840
1585530 3848
1591719 3701
1595663 3821
1601424 3772
1605565 3703
1611841 3827
1615630 3705
1621797 3802
1625707 3795
1631714 3803
1635599 3836
1642324 3838
1645661 3723
1651368 3805
1655467 3889
1665763 3729
1671839 3724
1675639 3830
1681385 3750
1685629 3809
1691565 3846
1695651 3734
1702250 3749
1705651 3807
1711531 3884
1715758 3888
1721805 3724
1725375 3741
1735608 3819
1741742 3792
1745669 3860
1751820 3898
1755621 3885
1762202 3878
1765647 3832
1775435 3707
1781857 3764
1785539 3778
1792548 3807
1795581 3867
