86168 3817
91934 3795
95758 3766
101286 3822
110968 3887
125548 3720
131250 3859
135240 3790
145652 3852
155141 3844
160990 3895
165506 3879
171494 3841
175263 3885
181672 3749
185524 3723
195501 3785
205862 3753
211182 3825
215504 3891
221227 3799
225218 3834
231917 3898
235385 3730
241467 3797
245522 3896
250845 3814
255367 3894
261195 3842
265409 3701
271140 3824
275239 3740
281143 3720
285519 3753
291513 3837
295520 3811
301537 3868
305478 3818
310865 3812
315770 3700
325336 3700
330920 3818
335265 3755
340726 3873
345391 3721
351111 3819
355605 3822
361743 3716
365370 3707
375736 3841
381584 3726
385910 3897
395705 3771
405247 3762
415551 3748
421207 3785
425249 3767
435241 3881
441523 3876
445501 3898
450963 3897
455621 3754
460505 3861
465711 3827
471728 3736
475332 3727
480869 3748
485545 3728
491089 3873
495717 3767
501384 3871
505210 3776
511381 3767
515393 3812
525471 3841
530834 3784
535526 3815
545320 3734
550640 3856
555558 3793
561186 3729
565234 3800
570666 3807
575296 3853
581373 3760
585573 3709
595546 3849
600798 3764
605404 3875
615363 3705
621463 3724
625370 3821
635618 3889
641062 3727
645371 3715
655152 3820
661223 3726
665415 3799
670694 3811
675278 3769
680922 3855
685271 3829
690756 3764
695579 3889
705290 3832
715429 3833
720841 3887
725352 3746
731070 3738
735195 3865
741274 3896
745215 3723
750725 3711
755496 3801
765480 3818
771365 3866
775291 3795
780918 3897
791198 3821
795367 3828
805372 3796
815434 3888
820706 3793
825253 3739
831923 3876
835348 3775
845467 3885
851001 3748
855569 3755
865531 3859
871092 3808
875459 3830
881494 3879
885375 3761
895267 3751
905185 3877
910993 3707
915299 3820
921187 3859
925505 3871
930882 3794
935359 3755
941066 3821
945232 3723
951930 3803
955272 3737
960443 3896
965650 3718
970994 3879
975160 3844
981084 3730
985337 3709
991210 3761
995171 3715
1001238 3795
1005284 3817
1011690 3811
1015497 3756
1021356 3852
1025294 3792
1035324 3745
1041344 3859
1045414 3878
1050986 3742
1055237 3831
1060587 3813
1065376 3745
1071127 3816
1075377 3746
1081114 3705
1085428 3879
1095472 3894
1101589 3895
1105270 3739
1111170 3828
1115343 3708
1121476 3836
1125333 3835
1131984 3731
1135272 3829
1140930 3702
1145168 3838
1155489 3836
1165498 3716
1171379 3807
1175421 3776
1185669 3846
1195449 3744
1201373 3718
1205136 3771
1210872 3846
1215569 3781
1221374 3852
1225470 3871
1231444 3770
1235298 3874
1245315 3737
1251060 3837
1255181 3876
1265761 3744
1271052 3868
1275469 3889
1285316 3878
1291223 3787
1301377 3783
1305405 3817
1315508 3880
1320878 3733
1325640 3876
1331289 3741
1335294 3870
1341127 3717
1345592 3797
1355662 3780
1361080 3729
1365259 3726
1371754 3711
1375294 3727
1381068 3740
1385464 3813
1390932 3780
1395270 3746
1401336 3741
1405421 3763
1410998 3745
1415499 3867
1421317 3854
1425469 3785
1435452 3740
1441478 3805
1445460 3761
1451615 3717
1455511 3867
1461451 3803
1465558 3867
1470753 3764
1475512 3849
1485612 3882
1491397 3771
1495407 3706
1501108 3870
1505452 3761
1511949 3716
1515503 3884
1525353 3762
1530770 3739
1535294 3776
1551376 3757
1555471 3740
1561268 3876
1565459 3837
1575686 3834
1581750 3749
1585395 3742
1590655 3760
1595487 3743
1600730 3734
1605202 3888
1615443 3778
1620627 3891
1625521 3872
1631061 3859
1635355 3865
1641386 3734
1645497 3714
1651251 3882
1655611 3808
1660677 3863
1665278 3827
1671362 3736
1675489 3846
1680909 3871
1685677 3711
1691007 3702
1695465 3896
1701314 3795
1705420 3862
1710688 3761
1715367 3858
1721220 3816
1725218 3801
1731121 3702
1735272 3710
1741017 3861
1745461 3891
1751053 3779
1755403 3809
1765397 3771
1775211 3751
1785234 3733
1791955 3854
1795223 3847
