85098 3865
90249 3765
95012 3781
100130 3748
105095 3756
110295 3842
115066 3804
125061 3831
130164 3710
135066 3820
140218 3777
145037 3785
150114 3882
155101 3896
160099 3867
165119 3855
170280 3849
175133 3767
180214 3899
185002 3738
190191 3877
195091 3772
200134 3740
205101 3717
215031 3840
220292 3848
225012 3898
230268 3853
235069 3807
245047 3785
250102 3844
255104 3834
260205 3714
265073 3828
270131 3790
275073 3891
285069 3871
290194 3773
295141 3788
305079 3835
310117 3724
315166 3739
320114 3887
325066 3887
330123 3705
335028 3781
340168 3784
345002 3735
355116 3817
360159 3797
365062 3877
370158 3816
375070 3743
385103 3880
390104 3713
395124 3794
400136 3742
405062 3771
410134 3716
415164 3845
420209 3844
425118 3823
435057 3746
440132 3704
445034 3756
450069 3757
455102 3715
460122 3711
465125 3709
470108 3758
475167 3718
480131 3750
485083 3832
490263 3767
495091 3755
500273 3890
505073 3803
510160 3769
515045 3832
520180 3829
525057 3827
530363 3894
535088 3847
540264 3836
545102 3766
550129 3777
555117 3741
560139 3770
565082 3868
570222 3708
575012 3860
580135 3841
585096 3899
590317 3742
595106 3781
600117 3723
605227 3855
610245 3786
615049 3897
620442 3847
625021 3886
630132 3790
635116 3725
640227 3804
645115 3811
655086 3791
660137 3726
665094 3819
670200 3878
675042 3785
680206 3893
685095 3735
695103 3726
700169 3709
705101 3811
710156 3716
715121 3812
720122 3723
725078 3759
735095 3767
740143 3762
745132 3760
750160 3835
755107 3736
760214 3704
765089 3831
770166 3715
775095 3730
780105 3705
790140 3750
795125 3732
800128 3716
805101 3863
810125 3814
815100 3866
820193 3807
825101 3787
835065 3794
840169 3719
845096 3786
850241 3870
855121 3886
860133 3875
865102 3893
870154 3854
875087 3815
885112 3893
890189 3707
895113 3822
900117 3853
905046 3806
910108 3834
915176 3721
920295 3838
925098 3854
930214 3701
935083 3883
940128 3845
945126 3767
950284 3787
955107 3781
960118 3735
965130 3807
970116 3736
975100 3811
980135 3846
985095 3771
995089 3867
1000181 3791
1005114 3791
1010248 3757
1015066 3709
1025122 3842
1030101 3720
1035029 3729
1040164 3846
1045116 3793
1050152 3832
1055115 3768
1060158 3795
1065066 3878
1070232 3737
1075099 3881
1080096 3856
1085139 3823
1095071 3824
1105095 3786
1110143 3766
1115091 3719
1120105 3772
1125105 3879
1130246 3764
1135084 3712
1140107 3756
1145091 3800
1150217 3723
1155112 3817
1165076 3719
1170156 3853
1175082 3853
1180112 3861
1185095 3882
1190188 3883
1195031 3813
1205096 3895
1210152 3781
1215091 3877
1220169 3892
1225095 3865
1230219 3796
1235111 3879
1245050 3845
1250280 3765
1255005 3837
1260113 3763
1265091 3744
1275141 3790
1280340 3721
1285101 3797
1295117 3765
1300253 3885
1305112 3888
1310371 3763
1315057 3784
1320127 3749
1325166 3771
1330131 3861
1335100 3730
1340251 3864
1345104 3785
1350109 3896
1355096 3764
1360231 3737
1365105 3758
1370340 3707
1375083 3731
1380114 3740
1385103 3841
1390201 3803
1395101 3898
1400230 3894
1405060 3741
1410154 3886
1415102 3774
1420245 3895
1425109 3858
1430155 3850
1435101 3838
1440131 3767
1445091 3762
1450139 3764
1455127 3780
1460225 3801
1465055 3786
1470230 3744
1475002 3868
1480128 3719
1485086 3860
1495101 3819
1500227 3851
1505053 3859
1510214 3842
1515113 3827
1520398 3732
1525095 3814
1530136 3723
1535116 3898
1540143 3778
1545092 3764
1550211 3768
1555082 3704
1560215 3737
1565130 3721
1570151 3898
1575034 3736
1580174 3868
1585103 3782
1600130 3840
1605093 3704
1610350 3731
1615110 3831
1620102 3853
1625104 3833
1630142 3886
1635005 3747
1640165 3774
1645087 3799
1650148 3854
1655082 3898
1660141 3704
1665126 3890
1670181 3725
1675163 3759
1680162 3875
1685111 3830
1695134 3741
1700252 3765
1705109 3805
1715061 3795
1720110 3856
1725095 3779
1730168 3705
1735116 3780
1740121 3810
1745120 3720
1750139 3811
1755062 3798
1760247 3713
1765078 3870
1770176 3717
1775096 3806
1780319 3851
1785128 3716
1790350 3788
1795095 3836
