92427 2095
102423 1918
122542 2038
131678 2050
151782 2060
162532 2021
172417 2056
181772 1995
191349 1903
211835 1927
222254 1967
232558 2032
241769 1992
251031 1901
271736 2079
291983 2099
301421 2007
311895 1925
331705 1929
341830 1946
361763 2014
371707 1989
382393 1906
391433 1985
401897 1950
412537 2084
421757 2068
431512 2019
442632 2079
451401 1903
472364 1964
481674 2046
491363 2042
502366 1948
511992 1958
532276 1912
551245 2083
562450 1925
571467 1908
581583 2054
592354 1913
622245 1929
631437 1993
641319 2002
671253 1900
681780 2079
691628 1967
701311 2078
711788 1906
721687 2041
731404 2029
742307 2082
771823 2026
781456 2012
791688 1919
802411 2035
811482 2025
832440 2013
841411 1921
851339 2070
862803 1926
871995 2065
881698 2043
892286 1995
911434 2017
922666 2063
931715 1935
941465 2072
952552 2020
971497 2075
982134 1915
991074 2062
1001541 1944
1011932 1945
1022271 2059
1031424 1926
1042308 1966
1051707 2080
1061336 2008
1072356 2065
1081616 1935
1090826 1915
1101901 1927
1111472 2097
1121559 1948
1132355 1989
1141866 1964
1151375 1936
1162490 2083
1171714 2054
1181277 2067
1211407 2036
1221535 1952
1231647 2045
1241541 1918
1251992 2088
1260667 1982
1271854 2061
1282333 2096
1291059 2068
1311878 2063
1321679 1970
1330916 2025
1341707 2061
1351705 1907
1361292 1954
1372338 2056
1381693 1956
1391682 1930
1401835 1923
1410817 2051
1421607 2070
1431842 2080
1441436 1919
1462383 2050
1471622 1984
1481458 1910
1511869 2099
1521836 2000
1531487 1958
1541671 2025
1561551 2057
1571142 2082
1582557 2096
1591523 1917
1611562 1945
1621928 2057
1641870 2003
1651680 2074
1661379 2038
1671652 2093
1681443 2098
1691065 1981
1701868 2014
1711193 1969
1721725 1965
1741652 1951
1751533 1916
1761608 1912
1771439 1900
1781507 2010
1792233 2092
