90640 1956
111397 2007
121363 1935
130845 1947
150747 1920
160728 1989
171917 2018
180587 2081
190625 1960
201672 2088
220442 2025
231419 2048
240765 1939
250779 2094
260681 2066
270539 1958
280553 2010
291412 1935
300925 1912
310719 2053
340665 1971
350947 1969
371110 2062
381548 1974
390859 1914
420355 1976
430270 1903
441267 1971
450771 2024
460677 2011
471500 1927
480988 2096
501397 1954
510742 1998
520835 1986
530814 2052
540797 1956
550602 1915
561318 2036
570822 1979
581312 1969
591573 2060
601242 1999
610802 1965
620939 2075
631312 2049
640579 2048
651038 2022
661455 2018
670968 2036
680685 1938
690777 2055
700777 1985
711193 1960
720792 1994
730766 1990
740986 1916
751205 1904
760899 1940
771557 1976
780624 2054
790941 1969
811204 2097
820720 2027
831167 1903
840493 1959
861732 2093
870641 1944
891605 1952
901120 1916
910598 1934
930688 1962
951079 1994
960674 2066
970974 1911
981033 1930
990883 1926
1000835 1949
1011216 2021
1021282 2038
1030651 1908
1041087 2080
1060860 2023
1071136 2063
1080820 1972
1090879 2097
1101432 2044
1110537 1970
1121043 1959
1131343 2068
1140996 2095
1150609 1951
1160965 2022
1170747 1980
1180929 2088
1191135 2023
1200956 1991
1211093 1986
1221278 2090
1230744 2013
1240666 2061
1251715 1906
1260627 2043
1271203 1932
1281326 1912
1290859 1933
1300659 2029
1311772 1981
1330354 2052
1341482 1900
1350443 1957
1361150 2052
1371240 1905
1380344 2063
1390726 1947
1401332 1966
1410603 1932
1421203 2069
1431243 2038
1440799 2086
1461212 2029
1470376 2015
1480774 1923
1491194 2036
1500883 2070
1511201 1950
1521121 2002
1530581 2032
1540643 2015
1550888 2039
1561510 1940
1570733 1928
1581303 2006
1591139 1907
1600348 1943
1611276 1958
1620947 2033
1630626 1902
1641335 1921
1650730 1975
1660979 1957
1681201 1970
1690903 1939
1701341 2024
1710461 1993
1721115 1930
1740712 2022
1750393 2033
1760805 2092
1771208 2030
1780739 2096
1791154 1976
