90059 2013
100012 1934
120075 2035
130024 2077
140328 1936
150079 2087
160053 1969
180104 2024
190052 2048
200114 2009
210163 2069
220128 1997
230265 1945
240052 1900
250002 1900
260051 2052
270081 1929
280099 2091
290147 2048
300078 1979
310092 1975
320124 2052
330091 1947
340105 2013
350170 1908
360091 2083
370205 1961
390125 1924
400082 2031
410079 1991
420088 2044
430221 1933
440176 1945
450037 1959
460175 1978
470121 2047
480082 1940
490089 2028
500154 1911
510088 2029
520150 2061
530340 1905
570173 1978
580072 1960
590150 1992
600077 1978
610102 2030
620102 2038
630101 2070
640078 1904
650078 2088
660069 1902
670091 1920
680114 2035
690135 1916
700057 1904
710247 1986
720082 2009
730114 1961
740405 1984
750214 1922
760088 2035
770105 1916
780141 1952
790126 2096
800292 1996
810128 2075
820096 1953
830127 2023
850082 1919
860120 2003
870092 2081
880091 1928
890134 1966
900005 2060
910108 2011
920143 2066
930079 1913
940123 1921
950129 1934
960094 1996
970101 1901
990124 1950
1000082 2029
1010332 1925
1020119 2050
1030107 1966
1050263 1940
1060098 1963
1070144 2046
1080091 1993
1090125 1969
1100137 2058
1110124 1941
1120091 1930
1130120 2070
1140096 1941
1150069 2049
1160234 1917
1170104 1925
1180086 1935
1190120 1907
1200088 2071
1210107 2007
1220130 1950
1230143 1989
1240082 2017
1250290 1967
1260096 1999
1270096 1906
1280242 2027
1290173 1912
1310139 2039
1320102 1973
1330073 1943
1340227 2003
1350112 2006
1360073 2057
1370118 2012
1380127 2086
1390126 2057
1400215 2066
1410100 1901
1420100 2065
1440105 2049
1450088 1961
1460171 1983
1470117 2014
1480186 1960
1490202 1984
1500160 2044
1510094 2066
1520279 2037
1530186 1939
1540116 2062
1550282 2001
1560012 2085
1570109 2097
1580142 2032
1590110 1936
1600082 2069
1610144 2088
1620082 1982
1630094 2061
1640175 1977
1650081 1982
1660095 2085
1670137 1989
1690121 2062
1700145 1978
1710002 1913
1720205 2047
1740128 1940
1750002 1946
1770099 2049
1780076 2078
1790198 1932
