91404 2088
101659 1924
111652 2031
130762 2071
150861 2001
161032 2095
180879 1935
201453 2058
220835 1938
240490 2047
250867 1992
280636 2073
300733 2060
311028 1953
321220 2017
331145 2086
401314 2011
411464 2015
430968 2043
460989 1973
480470 2009
520870 1980
540538 1971
550511 2002
561099 1939
570984 2042
581020 1987
591204 1948
600699 2073
611041 2063
621020 2077
630225 1988
651216 1926
660333 1967
670772 1953
690415 1955
700423 2047
711404 1995
731015 2070
741873 2071
750661 1956
760879 2015
771562 2062
780600 2049
790906 2082
801371 1977
820931 1990
840697 1995
850583 1996
861019 1996
870623 1982
880772 1905
911212 1919
930789 2095
961136 1959
970468 2046
981503 1922
990579 1943
1000868 2003
1020939 1986
1030845 1924
1041456 1960
1050639 1964
1070832 2079
1080751 1920
1090669 2020
1110626 2012
1120737 1921
1131814 1993
1141206 2094
1151188 2033
1170500 1922
1180878 1987
1190982 1971
1200832 2070
1210763 2014
1220847 1970
1230743 1947
1240933 1976
1260266 1921
1271193 2098
1280900 1940
1290575 1979
1300241 2072
1311199 2011
1320948 2020
1341266 1916
1350920 1993
1361099 2090
1371233 1971
1380599 2091
1401047 2015
1410699 1937
1420651 2016
1440549 1916
1450494 1950
1461191 1971
1470756 2004
1480409 1903
1491034 2087
1511492 1958
1540683 1915
1551630 2046
1560732 2087
1570232 2042
1581477 2003
1600871 1962
1611169 2097
1621378 1954
1641338 2035
1650837 2084
1660607 2010
1671289 2056
1680383 2012
1710335 2003
1721050 2020
1731077 2039
1740581 1986
1751002 2057
1770766 2062
1780915 2055
1791491 2035
