110389 4462
170558 4415
200425 4476
230583 4320
260465 4391
290547 4496
320336 4456
350427 4354
380598 4303
410398 4312
440404 4454
470373 4438
500239 4464
530092 4491
620295 4360
650419 4321
680462 4454
710374 4371
740497 4424
800342 4410
830518 4415
860378 4410
920435 4487
950333 4328
980287 4380
1040642 4472
1100514 4482
1130548 4332
1160495 4498
1220260 4460
1250501 4305
1340291 4318
1370480 4399
1400445 4495
1430470 4322
1490565 4427
1520353 4399
1550308 4385
1580474 4363
1610401 4384
1640356 4398
1670382 4370
1700476 4308
1760432 4384
1790522 4425
