86663 3894
92063 3774
112466 3736
115604 3717
122494 3874
125898 3745
131289 3891
135908 3703
141765 3894
145581 3788
150954 3892
155776 3823
161631 3852
165403 3700
171816 3897
175372 3790
181602 3731
185556 3713
190681 3783
195466 3899
202324 3859
205772 3709
211308 3786
215704 3816
221346 3856
225623 3737
235363 3872
241087 3777
245497 3871
251317 3860
255563 3830
261934 3891
265265 3818
280649 3830
285397 3824
295270 3819
305844 3709
310868 3712
315153 3722
321695 3874
325404 3735
331538 3788
355429 3737
361091 3868
365463 3824
375291 3802
381938 3894
385630 3856
391201 3781
405449 3710
411751 3813
415375 3815
421457 3881
425576 3721
431067 3839
435343 3748
445600 3811
450832 3850
455089 3770
465606 3895
475608 3831
485301 3884
495457 3846
501265 3703
511683 3822
515352 3876
525484 3891
531180 3735
535481 3765
540997 3724
545490 3777
555337 3708
565240 3844
570795 3745
575537 3731
581319 3821
585444 3810
592386 3745
595274 3861
600869 3844
605449 3754
611456 3715
615456 3827
620821 3765
625377 3806
630961 3842
635416 3853
640965 3817
645336 3711
651583 3755
655219 3896
660882 3731
665454 3893
671237 3795
675310 3777
685541 3896
690631 3751
695316 3898
700815 3844
705187 3755
711315 3867
715621 3756
720889 3851
725291 3833
735394 3804
741650 3703
745269 3824
751230 3832
755538 3858
760660 3884
765230 3818
775243 3735
780395 3816
785353 3782
790935 3775
795303 3847
800897 3737
805279 3817
815248 3829
825298 3876
831283 3839
835025 3870
845432 3762
855438 3860
861574 3821
865339 3893
871416 3755
875635 3792
881598 3875
885317 3724
891519 3721
895536 3890
901167 3815
905680 3721
910967 3863
915347 3862
922235 3753
925579 3779
930978 3803
935330 3799
941320 3879
945316 3778
951872 3832
955208 3750
960809 3868
965483 3751
971204 3720
975333 3848
981228 3723
985295 3749
995749 3714
1005310 3743
1015327 3748
1021112 3895
1025288 3879
1031150 3808
1035186 3719
1041640 3779
1050832 3778
1055336 3838
1065517 3766
1071917 3823
1075371 3888
1080809 3749
1085354 3779
1095183 3703
1101299 3867
1105514 3705
1115606 3716
1121222 3872
1125243 3810
1135343 3756
1141332 3827
1145226 3874
1151336 3791
1162330 3821
1165398 3714
1170419 3893
1181547 3744
1185563 3873
1195369 3731
1205496 3774
1215454 3816
1225328 3808
1231260 3721
1235314 3757
1241010 3884
1245402 3726
1255543 3748
1265524 3776
1271103 3823
1275587 3744
1295242 3898
1300776 3873
1305206 3790
1311588 3763
1315226 3746
1320734 3844
1325554 3871
1330611 3865
1335307 3789
1341677 3748
1345531 3770
1351004 3848
1355679 3890
1360659 3785
1375214 3864
1385355 3884
1395401 3831
1405514 3839
1410692 3799
1415309 3758
1421275 3736
1425353 3726
1430996 3809
1435289 3888
1445643 3793
1451151 3870
1455579 3749
1460934 3825
1465471 3872
1475567 3859
1485500 3895
1495343 3710
1500909 3856
1505548 3799
1511399 3808
1515368 3739
1521417 3861
1525591 3834
1531229 3773
1535586 3819
1540905 3804
1545209 3875
1551704 3753
1555542 3710
1560918 3854
1565391 3787
1571293 3825
1575615 3792
1585440 3740
1595246 3874
1601215 3849
1605228 3837
1611162 3744
1615344 3767
1621201 3879
1625595 3881
1630910 3775
1635311 3730
1641770 3891
1645315 3868
1655470 3733
1661079 3862
1665426 3891
1675463 3778
1685485 3846
1691274 3899
1695391 3742
1701311 3865
1705243 3871
1715415 3746
1721294 3871
1731433 3769
1735323 3786
1740558 3779
1745362 3751
1751369 3796
1755547 3862
1761482 3773
1765063 3725
1771391 3859
1775185 3705
1785253 3822
1795414 3708
