82493 72, 5100
84650 68, 5060
87256 77, 5097
88786 65, 5180
91145 69, 5036
92953 70, 5083
96320 72, 5058
98445 71, 5038
101102 73, 5166
102989 63, 5060
104478 71, 5109
108706 60, 5030
111765 75, 5087
113550 60, 5093
114584 70, 5188
116733 79, 5103
121131 64, 5125
124608 70, 5022
126615 72, 5113
128107 67, 5076
134326 68, 5174
136913 65, 5160
138361 69, 5070
142287 71, 5109
142866 72, 5060
144569 73, 5006
146112 70, 5109
148695 70, 5036
151627 72, 5139
152474 60, 5078
154591 68, 5121
156803 64, 5167
162490 70, 5018
162836 69, 5181
164319 78, 5140
166414 69, 5015
168731 63, 5191
171729 79, 5196
173134 71, 5167
176374 68, 5048
178759 71, 5022
181460 61, 5186
182326 60, 5138
184301 62, 5061
186164 61, 5157
188485 77, 5161
191407 69, 5113
192573 71, 5188
196507 72, 5161
198451 75, 5133
202183 64, 5040
203375 74, 5168
204515 69, 5163
206795 66, 5065
208519 73, 5170
211797 62, 5095
212163 63, 5007
214229 74, 5099
218676 77, 5132
222976 61, 5152
224283 63, 5000
226273 62, 5102
228163 67, 5151
231988 66, 5087
232787 71, 5002
234667 74, 5041
237022 63, 5029
241441 73, 5131
242782 74, 5171
244581 75, 5046
246705 69, 5148
248643 71, 5090
252561 61, 5130
254514 66, 5097
256465 66, 5187
258261 64, 5094
261786 60, 5118
266751 77, 5027
268406 70, 5067
271127 69, 5015
272628 77, 5125
274672 68, 5080
276398 65, 5106
278489 63, 5115
280758 79, 5056
282652 65, 5136
284532 70, 5042
286548 69, 5084
288575 73, 5054
291870 61, 5069
292746 70, 5038
294363 79, 5187
296487 74, 5131
298506 75, 5192
301228 77, 5053
302673 61, 5008
304141 61, 5104
306306 77, 5119
311695 63, 5199
312274 61, 5001
314620 61, 5162
316250 79, 5091
318480 71, 5099
321622 62, 5097
326596 60, 5114
328607 78, 5050
331493 72, 5135
334208 74, 5176
336196 70, 5134
338552 63, 5149
341417 66, 5101
344392 71, 5002
348546 70, 5127
352060 66, 5169
353104 63, 5186
354562 74, 5001
356874 72, 5189
361421 71, 5184
362461 69, 5016
364294 63, 5155
366765 66, 5094
368208 77, 5190
372445 69, 5040
374307 60, 5037
376615 64, 5138
378486 77, 5134
382248 73, 5025
383249 70, 5155
384533 79, 5054
386551 60, 5003
388544 75, 5117
391278 66, 5095
392642 77, 5182
394384 66, 5014
396375 71, 5165
398637 68, 5143
401919 60, 5026
402286 65, 5163
404278 77, 5132
406192 72, 5017
408189 68, 5117
411970 74, 5174
412799 72, 5038
416679 67, 5160
418547 74, 5109
421047 79, 5103
424364 70, 5119
428335 70, 5053
432508 75, 5058
434277 79, 5031
436553 79, 5058
438635 69, 5016
442188 77, 5050
443343 75, 5049
444203 68, 5019
446195 71, 5161
448553 71, 5061
452147 66, 5125
454568 64, 5110
458192 70, 5079
461388 79, 5017
462592 66, 5049
466500 76, 5109
468212 68, 5195
471683 69, 5154
472798 66, 5090
476422 74, 5134
478305 77, 5010
481262 77, 5074
482404 60, 5110
484509 72, 5051
486682 69, 5174
488653 65, 5027
491054 74, 5178
492647 72, 5077
494335 68, 5163
496584 64, 5034
498583 74, 5105
501561 65, 5104
502850 75, 5026
504739 70, 5083
506107 67, 5177
508548 64, 5191
511677 79, 5039
512595 77, 5052
514241 67, 5179
516674 66, 5015
518385 69, 5184
521526 63, 5132
522462 65, 5179
526640 63, 5197
528248 70, 5156
531235 69, 5054
532525 68, 5117
534261 64, 5032
536338 77, 5067
538355 65, 5052
541722 65, 5046
542203 78, 5156
544285 78, 5169
548784 62, 5107
550968 74, 5174
552493 74, 5032
554271 71, 5026
556332 63, 5043
558532 73, 5147
561254 76, 5169
562891 63, 5132
564169 72, 5056
566432 69, 5063
571367 77, 5062
572428 69, 5117
574551 67, 5020
576503 76, 5038
578325 68, 5166
582277 67, 5004
584752 74, 5176
586590 61, 5121
588574 76, 5077
593117 64, 5132
596500 79, 5195
598560 74, 5008
600920 67, 5141
604622 79, 5199
608559 66, 5077
612291 63, 5187
614689 74, 5145
616155 69, 5075
618392 65, 5175
626310 75, 5079
628241 76, 5062
630903 68, 5020
632204 77, 5035
634311 79, 5158
638650 71, 5019
641226 67, 5098
642670 79, 5068
644249 68, 5173
646523 62, 5044
652702 65, 5131
654425 66, 5065
656115 72, 5085
662141 61, 5158
664486 68, 5011
666273 65, 5150
668690 72, 5072
672279 60, 5161
674606 75, 5193
676395 64, 5178
678654 72, 5187
681603 65, 5006
682573 75, 5041
684355 67, 5184
686140 60, 5093
688173 65, 5075
690933 73, 5168
692287 73, 5099
694472 69, 5067
696344 66, 5018
698751 63, 5150
700876 73, 5024
702375 75, 5173
704499 60, 5053
706238 79, 5141
708182 62, 5165
711675 71, 5155
712614 61, 5054
714444 71, 5063
716519 76, 5049
718600 63, 5030
722322 66, 5134
726492 66, 5063
731253 74, 5086
732260 72, 5165
734251 63, 5176
736173 68, 5089
741060 72, 5117
742696 74, 5087
744558 60, 5033
746607 73, 5071
748333 65, 5097
751066 68, 5065
752347 68, 5131
754561 63, 5151
756423 78, 5120
758228 65, 5048
761142 79, 5015
762518 74, 5089
766377 66, 5057
768480 70, 5088
771645 71, 5087
772464 69, 5114
778359 69, 5179
781208 75, 5178
782357 74, 5169
784324 70, 5080
786332 72, 5197
788579 69, 5158
791185 62, 5042
792369 78, 5069
794491 72, 5001
796392 78, 5191
798428 67, 5023
802108 67, 5107
802922 75, 5124
804190 71, 5148
806404 65, 5091
808351 70, 5086
812474 77, 5138
814209 69, 5099
816252 77, 5024
818587 73, 5052
820588 75, 5197
822459 74, 5107
824297 69, 5129
826361 73, 5020
828640 65, 5180
832675 76, 5042
834542 65, 5001
836256 60, 5107
838516 69, 5096
841347 67, 5137
842355 70, 5142
844784 77, 5096
848484 70, 5177
851085 73, 5031
854621 79, 5071
856316 73, 5024
858200 61, 5111
861382 65, 5016
864540 71, 5177
866429 71, 5101
868328 61, 5071
872485 76, 5096
874219 68, 5157
876256 69, 5154
878408 74, 5164
881678 75, 5156
882367 64, 5133
884530 71, 5012
886325 78, 5134
888413 60, 5065
892560 67, 5193
894281 72, 5101
896685 79, 5163
898711 63, 5122
901503 77, 5080
902677 75, 5022
904468 74, 5022
906259 71, 5172
908473 72, 5182
912600 73, 5178
914540 70, 5045
918436 72, 5046
922377 61, 5154
922821 66, 5073
924170 76, 5060
926209 79, 5093
928562 78, 5010
932472 60, 5199
934296 61, 5125
936406 76, 5114
938429 66, 5188
941607 75, 5082
942245 66, 5192
944365 61, 5141
948239 66, 5063
951695 74, 5130
952739 71, 5121
956294 74, 5153
962180 62, 5110
964750 66, 5007
966175 79, 5146
968606 71, 5163
971230 66, 5109
972548 66, 5052
974420 63, 5054
976606 63, 5044
978324 74, 5098
981106 75, 5048
982476 77, 5096
986292 63, 5193
988459 64, 5129
992258 60, 5078
994135 72, 5172
996414 77, 5190
1000980 77, 5032
1002439 63, 5077
1004206 77, 5187
1006561 71, 5003
1008237 68, 5117
1011471 65, 5172
1012626 63, 5056
1014545 67, 5173
1018612 65, 5180
1021803 62, 5014
1022822 60, 5023
1026322 72, 5185
1028353 61, 5195
1031597 78, 5122
1032489 72, 5004
1034371 71, 5184
1036336 69, 5040
1038654 74, 5024
1041373 72, 5064
1042606 64, 5109
1044356 66, 5161
1046534 62, 5026
1048523 69, 5186
1051520 76, 5134
1052367 60, 5182
1056264 66, 5000
1058391 77, 5106
1061072 71, 5137
1062697 76, 5037
1066266 61, 5078
1068183 71, 5188
1072317 78, 5113
1072556 73, 5082
1074498 71, 5001
1076432 72, 5108
1078559 76, 5161
1082426 65, 5123
1084191 77, 5112
1086375 62, 5054
1088098 72, 5034
1092300 60, 5008
1094245 67, 5103
1098439 69, 5119
1102642 68, 5071
1104134 67, 5155
1106250 77, 5056
1108486 76, 5143
1112390 60, 5002
1114450 68, 5081
1116246 77, 5137
1118572 64, 5155
1121901 64, 5017
1122368 60, 5073
1124514 75, 5189
1126244 75, 5030
1128477 72, 5127
1132981 70, 5161
1136407 69, 5008
1138507 76, 5012
1141457 78, 5183
1142468 70, 5019
1144291 69, 5022
1146274 71, 5151
1148340 73, 5103
1151619 76, 5012
1152532 67, 5088
1154414 63, 5071
1156571 73, 5052
1158575 68, 5050
1161766 72, 5070
1162895 70, 5159
1164425 78, 5050
1166370 67, 5130
1168235 72, 5158
1171289 78, 5040
1172528 70, 5016
1174560 74, 5191
1176302 67, 5179
1178430 72, 5124
1181145 78, 5167
1182269 73, 5180
1184339 68, 5003
1186393 72, 5150
1188380 60, 5060
1191556 66, 5028
1194366 62, 5115
1196445 78, 5130
1198208 61, 5167
1201302 75, 5159
1202402 74, 5199
1204432 77, 5037
1206464 69, 5149
1208497 60, 5156
1211137 74, 5113
1212141 73, 5173
1214448 74, 5129
1216624 78, 5051
1218237 65, 5152
1221525 60, 5103
1222778 73, 5159
1224244 68, 5018
1226584 63, 5164
1228254 60, 5084
1231312 66, 5090
1232359 65, 5089
1234584 79, 5112
1236574 62, 5170
1238265 76, 5187
1241307 73, 5193
1242506 71, 5000
1244459 77, 5047
1246441 60, 5095
1248402 76, 5088
1251044 78, 5069
1252527 73, 5175
1256366 68, 5032
1258352 64, 5095
1260949 64, 5079
1262335 69, 5064
1264513 73, 5072
1266227 78, 5149
1268329 65, 5011
1272364 76, 5108
1274278 63, 5086
1278529 77, 5145
1281346 61, 5030
1282981 74, 5039
1284459 67, 5124
1286343 72, 5124
1288350 69, 5179
1291268 79, 5194
1292532 65, 5113
1294666 65, 5113
1296233 79, 5030
1298421 62, 5191
1301487 61, 5028
1302239 69, 5123
1304425 64, 5004
1306492 64, 5167
1311630 64, 5080
1312695 78, 5020
1314254 79, 5180
1318541 70, 5197
1322484 69, 5050
1324421 75, 5051
1326137 68, 5183
1328367 65, 5149
1331167 75, 5108
1332355 67, 5105
1334428 73, 5080
1336332 73, 5188
1338227 61, 5150
1341140 67, 5059
1342396 78, 5194
1344497 79, 5182
1346232 70, 5102
1348364 63, 5123
1352179 62, 5148
1354402 79, 5002
1356383 66, 5133
1358569 64, 5104
1360627 62, 5082
1362283 77, 5121
1364271 79, 5158
1366501 73, 5192
1368386 62, 5102
1371922 63, 5170
1373128 67, 5063
1374451 76, 5190
1376414 72, 5112
1378329 74, 5110
1382499 62, 5181
1384330 62, 5036
1386393 73, 5056
1388450 74, 5104
1391522 76, 5120
1394222 69, 5157
1396461 62, 5082
1398588 61, 5011
1401774 64, 5136
1404252 64, 5101
1406441 76, 5083
1408124 66, 5104
1412329 66, 5070
1414391 65, 5120
1416633 61, 5147
1418221 70, 5030
1421204 72, 5022
1422376 79, 5051
1424176 79, 5145
1426346 64, 5016
1428358 61, 5126
1431826 63, 5031
1432398 62, 5000
1434326 64, 5014
1436364 75, 5026
1438251 67, 5136
1441597 79, 5166
1442489 74, 5193
1444156 65, 5011
1446261 62, 5026
1448429 61, 5114
1451363 72, 5105
1452516 61, 5013
1454304 67, 5017
1456137 72, 5145
1461782 76, 5170
1462616 70, 5195
1464254 67, 5171
1466797 78, 5063
1468615 74, 5159
1470998 73, 5083
1472635 66, 5094
1474235 72, 5123
1476217 65, 5150
1478320 66, 5135
1481175 78, 5098
1482627 77, 5178
1484464 65, 5198
1488344 65, 5039
1491304 64, 5089
1492403 61, 5163
1494461 60, 5101
1496319 70, 5115
1498406 65, 5161
1501614 70, 5001
1502582 73, 5055
1504391 70, 5143
1506471 79, 5043
1508251 71, 5042
1512707 76, 5079
1514283 62, 5014
1516632 77, 5095
1518424 68, 5191
1521643 78, 5124
1522492 68, 5029
1524365 61, 5163
1526297 77, 5140
1528259 78, 5168
1531148 62, 5167
1532150 62, 5001
1534216 60, 5035
1536562 65, 5077
1538376 63, 5137
1541548 71, 5086
1542347 65, 5143
1544303 60, 5058
1546339 60, 5184
1548356 73, 5003
1552788 78, 5036
1554435 73, 5065
1556453 61, 5071
1558382 67, 5011
1561387 64, 5076
1562476 60, 5154
1564561 64, 5178
1566228 64, 5086
1568367 76, 5016
1570847 69, 5112
1572361 76, 5191
1574454 62, 5037
1576236 63, 5061
1578351 78, 5069
1582194 78, 5173
1582909 62, 5009
1584495 68, 5191
1588364 76, 5192
1590584 78, 5172
1592508 69, 5054
1594402 75, 5161
1596542 67, 5181
1598248 78, 5012
1601135 75, 5078
1604297 62, 5110
1608566 76, 5164
1611002 74, 5198
1612604 69, 5198
1614490 65, 5020
1616484 76, 5073
1621568 64, 5121
1624715 63, 5064
1626400 76, 5123
1628484 68, 5055
1632637 73, 5111
1634563 60, 5071
1636665 76, 5188
1638721 72, 5195
1642460 75, 5053
1644582 68, 5138
1646412 60, 5158
1648550 78, 5036
1651313 77, 5175
1652746 64, 5143
1654327 61, 5075
1656365 77, 5093
1658183 65, 5154
1661343 64, 5066
1662489 77, 5155
1664459 63, 5085
1666419 69, 5016
1668121 75, 5184
1672461 61, 5093
1674403 79, 5009
1676601 66, 5029
1678420 78, 5123
1681288 68, 5156
1682642 71, 5050
1684267 62, 5105
1686522 75, 5167
1688568 64, 5171
1692446 62, 5040
1694348 78, 5099
1696410 68, 5124
1698505 64, 5067
1701823 67, 5066
1704184 79, 5100
1706625 79, 5100
1708584 74, 5034
1711170 66, 5038
1712210 60, 5079
1716635 71, 5181
1718451 66, 5055
1721506 64, 5091
1722538 77, 5152
1724137 62, 5125
1728578 68, 5194
1731616 78, 5102
1732592 78, 5145
1734115 68, 5125
1736406 67, 5092
1738237 61, 5188
1741456 77, 5119
1742499 75, 5184
1744401 69, 5155
1746310 75, 5161
1748572 62, 5148
1751359 66, 5139
1752477 67, 5025
1754700 68, 5095
1756444 61, 5122
1758469 67, 5059
1761402 79, 5116
1762499 70, 5031
1764571 60, 5033
1766218 70, 5133
1768246 62, 5171
1770651 68, 5034
1772186 75, 5003
1774267 68, 5097
1776161 72, 5171
1778305 71, 5082
1781281 73, 5145
1782323 72, 5090
1784409 77, 5064
1786157 70, 5184
1788461 76, 5068
1791639 69, 5131
1792648 65, 5103
1794241 64, 5142
1796278 60, 5146
1798334 71, 5121
