85147 3724
91616 3769
95829 3729
101848 3814
105955 3748
111733 3890
115841 3755
125840 3889
131517 3735
135548 3869
145942 3879
150739 3822
155193 3754
161917 3846
165416 3792
175539 3796
185746 3835
191658 3809
195348 3710
201996 3873
205785 3750
210520 3729
215992 3835
220928 3861
225231 3733
232384 3797
235584 3846
245808 3729
250758 3889
255585 3856
261725 3747
265384 3703
271056 3758
275426 3785
280861 3753
285282 3701
291339 3847
295616 3799
300637 3725
305154 3726
315802 3831
322688 3883
325401 3828
331164 3741
335457 3755
341543 3735
345628 3894
351184 3715
355580 3850
361331 3883
365309 3814
371302 3807
381915 3860
395339 3821
405276 3765
415342 3865
421754 3871
425316 3763
431222 3785
435308 3807
441841 3791
445228 3866
451182 3734
455149 3892
460973 3718
465477 3711
471898 3720
475415 3770
480593 3765
485590 3759
491066 3703
495544 3841
501683 3822
505213 3764
510809 3724
515566 3818
521604 3713
525134 3848
532001 3807
535292 3834
545330 3860
550919 3739
561986 3758
565526 3813
570962 3827
575344 3856
580949 3801
585496 3740
591836 3710
595482 3838
601246 3859
605632 3771
611469 3875
615340 3785
621190 3783
625524 3761
631244 3810
640820 3888
645442 3730
651596 3702
655361 3852
661311 3711
665085 3763
670739 3863
675320 3751
681880 3767
685695 3704
695470 3846
700738 3824
705636 3749
711784 3745
715554 3820
725307 3895
731124 3863
735625 3837
745279 3703
755047 3812
760901 3852
765329 3739
771488 3823
775137 3823
785427 3886
791511 3753
795374 3787
801635 3842
805472 3745
810919 3766
815303 3796
820928 3858
825641 3858
831107 3843
835184 3889
841073 3845
845586 3886
851149 3724
861751 3899
865413 3705
871175 3843
875340 3844
880550 3743
885339 3743
891043 3717
895469 3827
905628 3712
910794 3825
915308 3850
921660 3707
931030 3728
935753 3892
941224 3832
945136 3863
951614 3715
955583 3872
961342 3896
965413 3839
975291 3877
985154 3754
995685 3729
1000862 3857
1005435 3732
1015388 3748
1021234 3862
1025393 3791
1031089 3729
1035260 3722
1040738 3866
1045189 3864
1050973 3733
1055467 3818
1065404 3752
1071814 3727
1075589 3875
1080844 3759
1095568 3747
1101435 3711
1105328 3846
1111047 3815
1115196 3890
1121511 3737
1125637 3762
1135746 3898
1145489 3848
1155682 3708
1161248 3763
1175543 3729
1181383 3803
1185355 3732
1195321 3833
1201244 3829
1205554 3761
1210965 3815
1215509 3705
1225466 3739
1230939 3747
1235254 3706
1241020 3789
1245360 3847
1251674 3741
1255646 3756
1261023 3731
1265655 3722
1271129 3889
1275392 3731
1281603 3707
1285204 3852
1290889 3819
1295598 3899
1300441 3804
1305293 3738
1310740 3748
1315832 3851
1321222 3758
1325522 3702
1330633 3896
1345291 3764
1350975 3756
1355528 3729
1361562 3777
1365182 3878
1375269 3753
1381477 3823
1385717 3886
1391341 3750
1395154 3841
1401554 3843
1405568 3710
1410959 3879
1415306 3715
1421082 3863
1425478 3741
1431462 3767
1435372 3788
1445364 3874
1455460 3857
1461643 3755
1465308 3895
1470676 3819
1475243 3737
1485339 3808
1495465 3739
1505368 3815
1515359 3813
1521585 3787
1525260 3723
1535528 3817
1540821 3772
1545575 3892
1551968 3852
1555340 3763
1560430 3846
1565318 3854
1575327 3812
1581615 3856
1585363 3862
1591324 3828
1595388 3781
1605433 3849
1611353 3756
1615668 3850
1621413 3899
1625322 3828
1631286 3788
1635516 3742
1641702 3763
1645452 3721
1650699 3709
1655505 3802
1661021 3728
1665407 3818
1671462 3779
1685542 3773
1695289 3819
1701543 3857
1705429 3714
1715444 3810
1721117 3807
1725500 3847
1730573 3797
1735220 3843
1741481 3783
1745467 3878
1751063 3866
1755333 3815
1760859 3785
1765429 3704
1770503 3845
1775275 3895
1781062 3734
1785529 3720
1790590 3880
1795178 3789
