83391 61,
87058 69,
89602 70,
92491 68,
93404 71,
94862 74,
97338 64,
102812 60,
103871 65,
104762 71,
107394 77,
109148 75,
113484 66,
113963 62,
114581 73,
116690 73,
118554 71,
122708 73,
123491 75,
124693 69,
126909 75,
128602 62,
132631 67,
133017 67,
135242 71,
137443 75,
138764 76,
143194 63,
144721 71,
147266 77,
148942 63,
152309 70,
152958 63,
154649 76,
157426 67,
158828 79,
162416 77,
163309 74,
164874 78,
166803 79,
168829 73,
173455 64,
174329 69,
174659 79,
176731 64,
178806 70,
183243 79,
184217 66,
185546 64,
186976 76,
188665 65,
191976 62,
192736 66,
194886 61,
196701 79,
199177 72,
203216 67,
203946 74,
204932 70,
206802 61,
208724 77,
212591 78,
213292 65,
216675 75,
218858 67,
222735 76,
223656 64,
224832 71,
226919 78,
228789 77,
233197 78,
233854 73,
234672 62,
236687 72,
239013 66,
242483 69,
243098 63,
244796 76,
246702 70,
248982 66,
252247 63,
252645 66,
254813 61,
257075 78,
258632 78,
262782 70,
263358 70,
264692 61,
266870 77,
268938 72,
271900 63,
272552 67,
274729 66,
276782 77,
278777 71,
282802 67,
283454 76,
284781 62,
286540 70,
288739 74,
292542 74,
293075 77,
294745 66,
297079 61,
298940 70,
302431 79,
303343 78,
305011 78,
306602 60,
308650 74,
312404 61,
313072 78,
314320 78,
316858 66,
318841 67,
322748 77,
323123 62,
324689 61,
326690 61,
328813 66,
331974 72,
332749 76,
334749 73,
337039 66,
342331 78,
342800 73,
344837 66,
348688 65,
352450 66,
353395 61,
354810 62,
356487 73,
358809 72,
362917 60,
365005 66,
366877 60,
371880 60,
372565 65,
374895 65,
377004 78,
378785 74,
383147 64,
383858 72,
384783 75,
386612 66,
388607 76,
392227 64,
392738 63,
396714 74,
398782 74,
401815 66,
402911 67,
404932 74,
406584 72,
408576 78,
412738 65,
413500 74,
414818 77,
416959 63,
418554 60,
421843 62,
422810 62,
424855 68,
426989 69,
428659 71,
431513 62,
434723 64,
436743 65,
438672 64,
443005 70,
443626 64,
444788 77,
446707 68,
448838 65,
452859 71,
454622 75,
456681 73,
458571 62,
461630 64,
462898 71,
464862 68,
466613 64,
468695 68,
471880 77,
473098 69,
474740 74,
476904 67,
478565 76,
482529 72,
483107 60,
484871 63,
486707 71,
488738 67,
491810 65,
492656 68,
494699 76,
496415 70,
502799 64,
503470 63,
504747 72,
506778 77,
508726 62,
511986 72,
512749 79,
514759 69,
516548 67,
518636 74,
522788 66,
524852 71,
526649 79,
528587 69,
532662 60,
533140 78,
534790 70,
536668 72,
538857 67,
542640 72,
544642 63,
546685 64,
548507 60,
551767 63,
552597 77,
554743 61,
556786 70,
558686 66,
562629 76,
563246 62,
564725 67,
566502 68,
572262 69,
572944 74,
574576 62,
576783 60,
578855 60,
581750 75,
582606 77,
584721 64,
586455 66,
588869 78,
592965 64,
593540 71,
594550 69,
596697 62,
598793 63,
602000 64,
602956 61,
604706 73,
606589 79,
608623 77,
611917 65,
614639 77,
616699 75,
618908 70,
623104 74,
624471 73,
626639 71,
628892 72,
631956 78,
632656 69,
636744 76,
638679 70,
642229 72,
642979 62,
644860 73,
646675 67,
648897 74,
652559 67,
653095 74,
654696 76,
656671 66,
658681 73,
662421 72,
662977 71,
664589 74,
666466 64,
668746 65,
671975 72,
672690 71,
674774 71,
676819 65,
678639 66,
682435 60,
683064 67,
684612 76,
686718 76,
688680 75,
691719 70,
692752 70,
694710 71,
696869 70,
698522 79,
701823 65,
702394 63,
704808 75,
706585 66,
708670 75,
712383 75,
712997 69,
714652 79,
716604 77,
721984 70,
722876 67,
724605 75,
726843 79,
728723 77,
731930 78,
732938 61,
734710 66,
736604 71,
738733 70,
743081 78,
743765 66,
744564 74,
746676 73,
748699 61,
752163 78,
753052 71,
754545 70,
758658 61,
761784 66,
762844 65,
764710 78,
766856 77,
768809 69,
772931 74,
773461 63,
774599 73,
776587 69,
778838 72,
782164 65,
782649 60,
784717 79,
786646 65,
788655 71,
791903 75,
792894 77,
794416 70,
796486 62,
798427 71,
802723 61,
803137 66,
804624 72,
806561 68,
808781 76,
812272 70,
812946 79,
814960 63,
816724 71,
818741 79,
821798 71,
822640 75,
824575 77,
828793 79,
832711 71,
833210 60,
834856 79,
836593 65,
838758 65,
842006 70,
842662 66,
844493 62,
846672 73,
848694 66,
851954 67,
852869 78,
854537 74,
856588 74,
858574 67,
862677 61,
863192 71,
864681 74,
866722 74,
868947 76,
871924 66,
872730 60,
874700 73,
876789 70,
878716 77,
882632 64,
883168 79,
884648 70,
886872 78,
888847 67,
892650 61,
893371 67,
894625 68,
896588 76,
898727 66,
902284 77,
902669 73,
904643 77,
906737 61,
908841 70,
912717 65,
914732 63,
916704 65,
918671 67,
923096 69,
923578 69,
924672 60,
926628 67,
928664 72,
932233 78,
932747 63,
934746 73,
936815 67,
938639 71,
941846 62,
942555 60,
944623 64,
946733 63,
948645 74,
952683 60,
954710 68,
956666 78,
958690 67,
961876 62,
962737 60,
964668 67,
966800 79,
968587 71,
971869 68,
972724 72,
974646 72,
976885 79,
978532 68,
982515 75,
983058 62,
984722 76,
986927 68,
988763 78,
991745 79,
992841 76,
994702 68,
996626 79,
998750 78,
1002723 77,
1004670 67,
1006552 61,
1008793 76,
1012271 76,
1012932 68,
1014620 70,
1016507 67,
1018621 78,
1021933 71,
1023066 64,
1024781 66,
1026733 75,
1028631 77,
1031899 72,
1032702 67,
1034535 60,
1036623 61,
1039004 64,
1042799 68,
1043212 60,
1044719 74,
1046748 74,
1048526 61,
1051559 71,
1052587 67,
1054640 72,
1056578 74,
1058477 67,
1062315 75,
1062855 70,
1064618 79,
1066688 69,
1068646 63,
1072516 60,
1073198 79,
1074671 74,
1076821 68,
1078506 67,
1081908 60,
1082714 76,
1084674 77,
1086616 72,
1088720 69,
1092156 64,
1092587 74,
1094730 79,
1096634 75,
1098639 79,
1102611 73,
1103047 69,
1104775 64,
1106551 71,
1108588 79,
1111627 71,
1112627 63,
1114640 78,
1118584 75,
1121867 70,
1122632 64,
1124769 70,
1126581 72,
1128677 73,
1132473 64,
1133154 68,
1134438 64,
1136769 78,
1138651 62,
1141942 78,
1142920 67,
1144571 67,
1146757 76,
1148186 62,
1151676 67,
1154584 70,
1156712 70,
1158680 64,
1162267 72,
1162881 63,
1164733 63,
1166586 66,
1168668 70,
1172156 60,
1172726 76,
1174629 61,
1176648 66,
1178574 63,
1181817 70,
1182643 77,
1184651 75,
1186797 60,
1188848 67,
1192625 67,
1193133 63,
1194780 65,
1196600 76,
1198638 67,
1201940 77,
1202628 64,
1204693 60,
1206782 69,
1208851 79,
1211862 73,
1212601 78,
1214649 64,
1216642 73,
1218749 78,
1222694 78,
1223224 76,
1224597 73,
1226723 73,
1228644 65,
1231758 76,
1232711 77,
1234759 75,
1236743 68,
1238687 64,
1241480 76,
1242609 79,
1244614 64,
1246594 75,
1248597 75,
1252695 79,
1253170 68,
1254704 67,
1256628 74,
1258808 72,
1261521 70,
1262587 62,
1264518 68,
1266855 79,
1268638 60,
1271876 78,
1272778 60,
1274712 79,
1276712 79,
1282563 79,
1282961 68,
1284690 64,
1286677 77,
1288759 62,
1291779 70,
1292645 72,
1294728 65,
1296623 79,
1298263 60,
1301921 79,
1302805 63,
1304633 79,
1306507 73,
1308637 64,
1312699 73,
1313243 69,
1314706 77,
1316778 66,
1318742 75,
1321572 62,
1324790 67,
1326707 61,
1328664 61,
1331774 62,
1332594 77,
1334609 78,
1336552 70,
1338662 63,
1342685 73,
1343083 62,
1344731 79,
1346590 71,
1348803 61,
1351646 70,
1352702 72,
1354713 65,
1356658 66,
1358937 77,
1361646 68,
1362487 63,
1364455 73,
1366717 79,
1368703 60,
1372324 67,
1373138 72,
1374573 76,
1376687 71,
1378797 75,
1381951 66,
1382712 76,
1384497 68,
1386684 65,
1388706 74,
1391723 63,
1392615 76,
1394604 69,
1396744 71,
1398622 71,
1402425 77,
1402985 63,
1404665 71,
1406632 68,
1408769 78,
1411913 74,
1412809 65,
1414422 72,
1416664 70,
1418850 73,
1422266 60,
1422754 76,
1424668 71,
1426594 74,
1428785 70,
1432262 78,
1432946 69,
1434564 77,
1438812 73,
1441982 78,
1442669 77,
1444851 75,
1446639 68,
1448662 68,
1451808 62,
1452465 60,
1454646 76,
1456543 71,
1458570 73,
1462505 76,
1463132 70,
1464725 79,
1466695 63,
1468823 66,
1471724 64,
1472622 68,
1474533 66,
1476799 73,
1478397 71,
1481851 61,
1482486 77,
1484480 63,
1486549 61,
1488658 74,
1492558 66,
1493082 60,
1494698 71,
1496735 68,
1498701 77,
1501601 61,
1502746 79,
1504720 76,
1506667 76,
1508572 71,
1511909 76,
1512921 66,
1514760 64,
1516678 69,
1518613 76,
1522449 64,
1522940 73,
1524664 76,
1528960 72,
1531827 65,
1532708 78,
1534543 65,
1536681 65,
1538500 71,
1542414 64,
1544591 65,
1546703 66,
1548701 74,
1552539 66,
1553049 73,
1554592 61,
1556687 77,
1558622 79,
1562287 72,
1562807 69,
1564683 70,
1566690 63,
1568675 69,
1571926 73,
1572598 79,
1574478 63,
1576481 79,
1578732 73,
1582361 61,
1582759 66,
1584718 72,
1586503 79,
1588513 71,
1591938 62,
1592740 75,
1594455 79,
1596709 60,
1598586 78,
1602613 76,
1604682 78,
1608761 68,
1612508 65,
1613096 62,
1614611 60,
1616568 79,
1618837 69,
1621800 62,
1622639 65,
1624715 70,
1626956 62,
1628812 61,
1631582 63,
1632841 77,
1634660 72,
1636629 64,
1638668 62,
1642573 65,
1642942 73,
1644887 79,
1646642 67,
1648667 61,
1651715 67,
1652601 60,
1654442 74,
1656695 76,
1658733 70,
1661593 79,
1662556 72,
1666927 71,
1668680 60,
1672882 67,
1673476 60,
1674656 72,
1676684 65,
1678759 79,
1681662 67,
1682681 65,
1684483 66,
1686788 68,
1688637 73,
1691814 65,
1692598 71,
1694679 69,
1696599 77,
1698772 70,
1702801 71,
1703367 70,
1704808 77,
1706646 72,
1708715 72,
1712273 75,
1712820 65,
1714439 72,
1718577 67,
1721569 69,
1722587 70,
1724600 77,
1726595 76,
1728685 75,
1732480 75,
1732914 73,
1734554 64,
1736532 67,
1738599 61,
1742151 64,
1742723 72,
1744613 69,
1748756 67,
1751876 75,
1752484 74,
1754816 72,
1756636 75,
1758606 75,
1762457 67,
1763090 72,
1764703 78,
1766831 64,
1768592 79,
1771820 72,
1772665 71,
1774835 65,
1776554 71,
1778779 75,
1781669 65,
1782704 62,
1784575 71,
1786735 68,
1788625 72,
1792394 75,
1792882 69,
1794608 73,
1796709 72,
1798654 63,
