85101 3727
100159 3719
105318 3870
110418 3869
115183 3869
120420 3863
125190 3767
130498 3774
135254 3866
140478 3758
145146 3889
150402 3862
155199 3831
160288 3788
165154 3709
170796 3729
175104 3755
185150 3716
195140 3878
200614 3838
205198 3788
215206 3868
220324 3779
225179 3802
230724 3791
235207 3787
245177 3811
255060 3840
260545 3737
265198 3896
270545 3704
275081 3863
290588 3857
295176 3717
300304 3864
305124 3705
310476 3850
315140 3735
320355 3830
325152 3786
330331 3720
335027 3767
340259 3862
345168 3808
350466 3706
355227 3709
360394 3707
365141 3876
375069 3741
380852 3751
385173 3875
390459 3889
400455 3785
405095 3897
415120 3740
420309 3729
425084 3800
435146 3779
455122 3781
460449 3839
465070 3739
470585 3818
480274 3863
485175 3730
490343 3869
495201 3830
500452 3847
505217 3896
510323 3856
515134 3873
525056 3820
530256 3724
540378 3789
545158 3754
550442 3819
555092 3777
565070 3844
580525 3741
585175 3730
595157 3806
605127 3821
615209 3739
620324 3790
625098 3748
630496 3825
635226 3828
640458 3749
645198 3707
650525 3706
655142 3899
660167 3776
665201 3860
670293 3718
675186 3817
680597 3879
685284 3762
690477 3721
695050 3776
705175 3809
715085 3813
720470 3800
725153 3829
735218 3717
740564 3759
745173 3735
750476 3748
755151 3873
760295 3848
765243 3711
775198 3704
780404 3741
785142 3737
790283 3862
795160 3800
805141 3830
815182 3886
820379 3783
825216 3778
835286 3776
840337 3867
845257 3737
850323 3780
855182 3814
865063 3808
875249 3842
880259 3775
895079 3899
900441 3767
905135 3703
915153 3819
920493 3778
925219 3873
930558 3782
945158 3773
950390 3899
955151 3713
960520 3846
965196 3870
970500 3726
975127 3784
985141 3746
990677 3846
995184 3819
1005073 3739
1010485 3780
1015066 3805
1020287 3704
1030343 3882
1035200 3841
1045140 3721
1055246 3898
1060338 3813
1065201 3861
1070429 3811
1075190 3777
1080437 3789
1085221 3704
1090376 3744
1095140 3848
1100572 3794
1105206 3875
1110340 3743
1115101 3795
1120404 3827
1125212 3721
1130583 3704
1135115 3713
1140456 3866
1145135 3811
1150368 3753
1155174 3759
1160727 3763
1170415 3803
1175156 3820
1185244 3800
1190418 3822
1195283 3743
1205072 3878
1210415 3879
1215245 3720
1220292 3703
1225214 3865
1230205 3746
1235139 3823
1240460 3827
1245154 3721
1250511 3762
1255218 3892
1265206 3854
1275183 3805
1280459 3827
1285138 3772
1290381 3702
1295173 3738
1300212 3851
1305147 3709
1315157 3702
1325079 3870
1330459 3809
1335198 3859
1340359 3844
1345327 3746
1350423 3737
1355172 3859
1360401 3730
1365122 3771
1370515 3794
1375117 3825
1380586 3715
1390455 3890
1395382 3738
1405059 3788
1415133 3868
1420322 3870
1425217 3803
1435133 3761
1440379 3748
1445145 3893
1450408 3815
1455252 3806
1460429 3885
1465124 3803
1470395 3715
1475237 3794
1480324 3899
1485079 3870
1495193 3740
1500350 3759
1505053 3799
1515222 3787
1520440 3806
1525070 3895
1530391 3729
1545183 3802
1555121 3719
1560465 3824
1565064 3807
1570333 3895
1575169 3894
1580525 3881
1585126 3864
1590412 3815
1595276 3813
1600613 3729
1605089 3794
1610465 3770
1615217 3804
1620346 3739
1625247 3867
1630446 3760
1635192 3819
1640394 3855
1645070 3773
1650367 3792
1655183 3895
1660367 3834
1665178 3744
1670408 3733
1675189 3737
1680343 3769
1690479 3763
1695085 3806
1705021 3843
1715250 3863
1725128 3776
1735203 3787
1740425 3726
1745063 3891
1755137 3716
1760508 3707
1765312 3877
1770440 3875
1775149 3738
1785173 3835
1790538 3743
1795083 3764
