82128 79,
84119 70,
86041 77,
88030 61,
90229 63,
92056 75,
94015 75,
96009 72,
98094 71,
100113 77,
102030 76,
104096 67,
106028 70,
108037 75,
110432 62,
112046 76,
114064 60,
116056 75,
118106 77,
120089 75,
122005 76,
124043 62,
126127 67,
130176 65,
132022 62,
134021 69,
138031 72,
140260 60,
142067 66,
144056 72,
146025 72,
150182 70,
152042 64,
156079 63,
160079 74,
162041 78,
164025 67,
166022 74,
168028 62,
170529 76,
172037 66,
174021 77,
178009 70,
180234 74,
182002 65,
184028 75,
186047 72,
188101 67,
190296 71,
194025 71,
196036 75,
198030 61,
200374 70,
202027 71,
204015 75,
206031 74,
210205 61,
214082 76,
216041 72,
218146 76,
220375 60,
222018 74,
224036 65,
226031 67,
228074 65,
230231 61,
232015 71,
234013 76,
236072 75,
238005 75,
240156 64,
242097 66,
244094 79,
246138 62,
248129 61,
250158 64,
252109 64,
254036 64,
256098 71,
258028 74,
260279 70,
262034 68,
264073 73,
266111 68,
268033 70,
270183 72,
272005 72,
274022 70,
276067 77,
278027 72,
280295 71,
282147 79,
284036 69,
286030 63,
288092 71,
290236 76,
292075 70,
294079 63,
296077 71,
298036 75,
300322 79,
302025 79,
304033 69,
306185 76,
308080 71,
310326 76,
312018 62,
314144 64,
316097 62,
318127 69,
320350 71,
322009 65,
324002 73,
326123 66,
330314 66,
332082 66,
334151 78,
336055 66,
338036 69,
340134 69,
342064 72,
344086 62,
346022 73,
348227 68,
350356 62,
354083 79,
358097 78,
360209 60,
362102 63,
364015 68,
366185 62,
368047 61,
370229 71,
372030 72,
374036 60,
376115 76,
380373 61,
382051 67,
384015 75,
386101 68,
388075 74,
390160 77,
392031 71,
394118 70,
400285 75,
404087 73,
406058 71,
408101 77,
412033 72,
414033 75,
416076 79,
418176 69,
420165 75,
422085 79,
424045 76,
426028 70,
428015 76,
430388 75,
432022 63,
434048 63,
436163 60,
438091 60,
440255 69,
442188 69,
444081 66,
446047 73,
448112 60,
450267 68,
452039 78,
454054 61,
456061 64,
458081 76,
460166 65,
462030 78,
464052 76,
466033 78,
468093 66,
470307 79,
472077 76,
474041 69,
476033 71,
478025 73,
480214 61,
482144 76,
484119 62,
486033 69,
488044 66,
490157 73,
492039 68,
494176 62,
496005 75,
498064 71,
502070 75,
504081 79,
506079 67,
508060 79,
510252 77,
512042 70,
514061 76,
516058 76,
518098 73,
520281 78,
522033 76,
526180 62,
528027 67,
530385 63,
532040 66,
534095 64,
536033 69,
538030 75,
540211 72,
542153 79,
544092 62,
546270 76,
548053 68,
550129 62,
552098 65,
554104 68,
556118 78,
558088 63,
560176 74,
562005 69,
564047 78,
566157 68,
568090 69,
570409 74,
572066 75,
574059 73,
576022 67,
578009 67,
580156 74,
582093 65,
586012 76,
588095 76,
590299 71,
592109 73,
594153 72,
596018 71,
598247 74,
600260 69,
602122 60,
604054 64,
606095 62,
608155 75,
610349 68,
612015 66,
614221 60,
616103 70,
618057 79,
622022 69,
624043 67,
626045 74,
628064 72,
630123 79,
632073 71,
634042 65,
636050 60,
638116 77,
640466 65,
642099 78,
644115 60,
646031 72,
648028 64,
650434 63,
652033 60,
654160 71,
656012 78,
658027 72,
660299 75,
662056 75,
664079 72,
668018 75,
670159 63,
672090 72,
674024 72,
676062 76,
678116 63,
680250 73,
684050 61,
686034 78,
688114 61,
690393 67,
692227 75,
694081 61,
696058 63,
698039 74,
700131 69,
702181 64,
704012 77,
706028 64,
710312 79,
714025 78,
716048 75,
718067 69,
724015 60,
726031 68,
728012 72,
730171 75,
732042 72,
734108 77,
736069 70,
738009 79,
740188 70,
742018 66,
744147 77,
746061 71,
748036 65,
750175 66,
752108 70,
754061 71,
756106 62,
758134 74,
760391 62,
762005 69,
764224 65,
766080 75,
768009 63,
770281 69,
774040 76,
776033 65,
778042 76,
780350 76,
782105 79,
784158 79,
786095 64,
788153 72,
790145 70,
792102 72,
794071 62,
796086 71,
798194 70,
800406 65,
802101 79,
804022 68,
806079 62,
808036 75,
812110 79,
814142 62,
816086 73,
818081 63,
820319 65,
822025 72,
824105 76,
826036 62,
828022 65,
830230 66,
832095 70,
834149 71,
836005 70,
838073 69,
840223 68,
842196 70,
844176 68,
846022 65,
850142 73,
852072 78,
854015 75,
856247 65,
858067 71,
860406 62,
862012 68,
864018 77,
866040 60,
868042 60,
874108 78,
876025 66,
878053 64,
880249 60,
882027 74,
884025 68,
886077 76,
888103 71,
890334 78,
892144 76,
894039 76,
896078 67,
898025 67,
900185 63,
902015 75,
904130 76,
906047 64,
910242 79,
912064 62,
914033 73,
916029 78,
918140 75,
922024 61,
924101 76,
926050 66,
928022 62,
930329 65,
932073 65,
934053 64,
936050 71,
938045 60,
940210 68,
942118 79,
944244 72,
946022 67,
948009 74,
950291 69,
952098 78,
954005 62,
956027 73,
958002 65,
960187 71,
964058 79,
966196 72,
968096 64,
970242 62,
972022 72,
974025 60,
976101 69,
978036 76,
980296 63,
982040 70,
984064 65,
988131 73,
990238 72,
994207 68,
996067 64,
998062 79,
1000315 61,
1002108 60,
1004064 79,
1006009 65,
1010222 68,
1012036 66,
1014136 78,
1016005 74,
1018045 61,
1022012 69,
1024138 67,
1026112 76,
1028091 79,
1030293 61,
1032033 70,
1034057 72,
1036033 74,
1038065 67,
1040314 77,
1042073 68,
1044084 77,
1046092 61,
1048012 77,
1050184 73,
1052071 64,
1054036 61,
1056060 63,
1058012 71,
1060471 69,
1062062 62,
1064012 65,
1068039 64,
1070276 70,
1072050 68,
1074012 63,
1076137 73,
1078085 62,
1080223 78,
1082036 72,
1084039 77,
1086125 69,
1088070 68,
1090196 78,
1092036 66,
1094040 75,
1096079 70,
1098078 68,
1100212 73,
1102034 64,
1104027 64,
1106080 75,
1108163 75,
1110205 63,
1112036 68,
1114050 78,
1116047 68,
1118064 76,
1120253 69,
1122025 67,
1124036 65,
1126115 68,
1128005 79,
1130587 60,
1132166 74,
1134031 61,
1136068 72,
1138059 71,
1140289 68,
1142050 69,
1144012 73,
1146109 68,
1148070 65,
1152045 78,
1154033 71,
1156125 73,
1158095 68,
1162064 74,
1164028 63,
1166025 62,
1168022 77,
1170237 62,
1172039 79,
1174059 61,
1176145 66,
1178036 74,
1180320 65,
1182171 61,
1184138 72,
1186182 78,
1188036 65,
1190439 64,
1192098 61,
1194056 67,
1196167 72,
1198048 64,
1200127 64,
1202076 66,
1204027 68,
1206042 65,
1208073 76,
1210192 66,
1212033 61,
1214103 79,
1216167 73,
1218025 76,
1220434 72,
1222084 60,
1224022 69,
1226086 71,
1228015 64,
1230143 72,
1232028 79,
1236030 65,
1240244 63,
1242015 71,
1244157 73,
1246080 73,
1248033 65,
1252042 73,
1254033 70,
1256028 64,
1258005 79,
1260329 78,
1262128 73,
1264084 62,
1266100 68,
1268055 64,
1270170 78,
1272197 74,
1274117 63,
1276034 77,
1278002 61,
1280548 77,
1282065 68,
1284124 73,
1286083 60,
1288100 76,
1290257 60,
1292056 66,
1294027 78,
1296131 72,
1298015 73,
1300205 64,
1302053 60,
1304031 69,
1306081 60,
1308022 60,
1310298 79,
1312022 73,
1314141 65,
1316051 68,
1318069 79,
1320304 66,
1322039 74,
1324012 70,
1326030 60,
1328091 75,
1330203 68,
1332039 75,
1334031 71,
1336050 69,
1338030 72,
1340352 76,
1342018 70,
1344104 60,
1346005 71,
1348183 77,
1352161 73,
1354150 65,
1356060 66,
1360379 71,
1362063 68,
1364177 72,
1366012 72,
1368012 76,
1370485 60,
1372056 64,
1374030 60,
1376109 74,
1378005 70,
1380134 75,
1382009 62,
1384054 71,
1386048 74,
1388030 73,
1390145 78,
1392126 62,
1394154 71,
1396005 79,
1398090 73,
1400436 62,
1402036 64,
1404042 76,
1408039 76,
1410273 72,
1412108 75,
1414015 75,
1416115 68,
1418009 67,
1420188 67,
1422066 66,
1424028 71,
1426083 61,
1428044 74,
1430317 73,
1432079 73,
1434099 62,
1436151 71,
1438164 73,
1440246 68,
1442051 64,
1444100 74,
1446134 60,
1448233 77,
1450142 66,
1452135 71,
1454070 72,
1456162 66,
1458115 69,
1460481 71,
1462145 72,
1464100 78,
1466147 70,
1468050 79,
1470212 71,
1472083 63,
1474063 68,
1476135 71,
1478033 66,
1480183 73,
1482025 60,
1484206 79,
1486079 67,
1488217 72,
1490336 75,
1492033 64,
1494009 74,
1496147 79,
1498109 60,
1500252 77,
1502181 73,
1504033 79,
1506002 62,
1508127 68,
1510223 71,
1512096 74,
1514125 67,
1516254 63,
1518028 73,
1520218 72,
1524005 69,
1526064 64,
1528163 71,
1530299 60,
1532171 78,
1534028 68,
1538114 66,
1540258 73,
1542041 67,
1544028 76,
1546160 66,
1548025 61,
1550464 65,
1552088 76,
1554139 68,
1556036 69,
1558002 61,
1560177 62,
1562080 78,
1564005 65,
1566050 60,
1568005 71,
1570343 75,
1572028 74,
1574025 65,
1576085 69,
1578062 69,
1580308 60,
1582030 75,
1584028 60,
1588033 69,
1590247 78,
1592077 74,
1594047 65,
1596128 64,
1598036 76,
1600221 79,
1602069 77,
1604018 67,
1606064 63,
1608022 66,
1612009 78,
1614103 68,
1616033 77,
1618067 66,
1620388 67,
1622022 64,
1624048 74,
1626031 61,
1628039 76,
1630233 63,
1632139 78,
1634095 79,
1636002 70,
1638067 66,
1640474 71,
1642043 67,
1644030 76,
1646033 67,
1648075 64,
1650324 61,
1652092 71,
1654002 77,
1656034 71,
1660178 76,
1664002 62,
1666056 60,
1668127 77,
1670283 61,
1672033 60,
1674087 61,
1676131 78,
1678057 66,
1680388 63,
1682139 78,
1684129 63,
1686080 73,
1690180 63,
1692033 64,
1694047 68,
1696048 77,
1698054 63,
1702051 70,
1704036 73,
1706073 67,
1708085 63,
1712034 71,
1714112 68,
1716018 63,
1720273 64,
1722060 75,
1724042 72,
1726217 77,
1728251 61,
1730456 63,
1732045 71,
1734042 71,
1736098 78,
1738085 70,
1740338 74,
1742074 70,
1744072 64,
1746109 74,
1748053 79,
1750401 70,
1752074 68,
1754042 79,
1756002 71,
1758112 75,
1760390 68,
1762114 70,
1764050 72,
1768118 78,
1770248 69,
1772033 69,
1774077 71,
1776059 78,
1778033 65,
1780248 67,
1782012 76,
1784076 67,
1786095 77,
1788147 64,
1790172 76,
1792018 63,
1794135 61,
1796067 73,
1798030 62,
