85442 3893
91386 3872
95430 3785
102499 3883
111253 3830
115522 3844
121935 3837
125626 3805
131843 3706
135633 3838
141190 3781
146470 3704
151309 3775
155418 3829
160676 3890
165109 3841
171700 3753
175875 3711
181933 3862
185902 3810
190963 3894
195344 3786
205542 3843
215557 3738
221702 3736
225499 3809
231839 3764
235295 3746
245856 3887
251615 3755
255642 3842
261157 3733
265735 3723
275756 3899
285595 3770
295885 3864
301451 3756
305416 3723
310683 3871
315553 3798
321522 3876
325235 3732
331514 3730
335336 3866
341639 3748
345501 3715
350809 3889
355448 3765
365702 3863
371007 3817
375644 3808
382610 3865
385227 3843
401039 3830
405340 3825
415426 3753
420846 3743
425548 3882
431368 3880
435522 3839
441200 3827
451666 3745
455365 3857
460501 3733
465635 3708
475258 3716
481283 3877
485272 3720
491195 3745
495490 3727
502181 3732
505226 3852
510732 3803
515341 3754
521170 3766
525769 3807
530962 3827
535196 3802
541289 3721
545365 3827
551165 3761
555489 3818
562416 3720
565248 3895
571291 3841
575688 3759
580970 3766
585595 3768
595828 3774
601479 3848
605611 3720
611220 3806
615565 3890
621771 3794
625275 3834
631033 3843
635611 3839
641769 3754
645546 3858
655329 3709
665660 3724
671453 3813
675392 3810
681816 3716
685436 3882
695598 3783
701040 3721
705563 3740
711750 3727
715868 3759
721373 3805
725520 3787
731798 3885
735834 3743
742682 3768
745364 3779
751234 3791
755402 3733
761542 3715
765723 3865
771666 3855
775475 3871
785486 3804
791288 3871
795228 3882
805225 3747
815626 3891
821397 3884
825474 3842
831822 3735
835214 3878
845440 3868
850996 3706
855278 3899
865427 3731
875470 3883
885252 3861
895615 3857
901056 3852
905358 3830
911240 3809
915654 3779
921511 3869
925258 3826
931668 3738
935654 3874
940948 3761
951207 3723
955424 3746
961536 3808
965221 3849
971409 3761
975707 3831
985173 3717
991172 3701
995317 3897
1001106 3889
1005450 3880
1011505 3738
1015765 3852
1025327 3727
1031285 3834
1035495 3770
1041839 3712
1045140 3761
1050960 3838
1055642 3738
1061481 3805
1065398 3878
1071471 3780
1075477 3829
1081035 3734
1085307 3890
1095265 3814
1101377 3755
1105563 3761
1110923 3898
1115266 3758
1125230 3797
1135388 3767
1141212 3766
1145244 3760
1151149 3702
1155426 3743
1161479 3899
1165430 3818
1171540 3732
1175481 3809
1180861 3766
1185686 3893
1192224 3832
1195326 3740
1200904 3800
1205622 3851
1211478 3817
1215440 3761
1225355 3739
1235525 3762
1250842 3878
1265375 3769
1271528 3803
1275429 3858
1281101 3795
1285500 3742
1291122 3858
1295266 3890
1305567 3802
1311534 3770
1315426 3725
1321293 3839
1325216 3831
1330584 3811
1335121 3835
1341823 3765
1345776 3836
1350732 3871
1355342 3868
1361315 3841
1365527 3895
1370977 3762
1375476 3770
1381419 3785
1385352 3819
1395915 3745
1401692 3703
1405358 3879
1411465 3828
1415440 3896
1420597 3827
1425296 3797
1431477 3782
1435271 3872
1440921 3715
1445368 3870
1451061 3899
1455063 3774
1465376 3751
1471122 3858
1475474 3769
1480809 3805
1485439 3843
1495204 3718
1501037 3791
1515376 3892
1521311 3715
1525353 3788
1531083 3765
1535388 3859
1540891 3874
1545363 3733
1555597 3799
1561327 3840
1565349 3741
1570826 3735
1575532 3899
1585863 3832
1591014 3865
1595510 3709
1600657 3767
1605502 3771
1611318 3751
1615768 3740
1621053 3849
1625552 3813
1635333 3859
1641560 3793
1645709 3825
1655209 3725
1665557 3771
1671723 3726
1675410 3899
1685301 3863
1691169 3894
1701923 3881
1705222 3836
1711420 3831
1715369 3735
1720883 3778
1725514 3845
1735248 3711
1740631 3707
1745443 3830
1751281 3795
1755558 3794
1761666 3827
1765446 3814
1775578 3790
1785381 3781
1795321 3898
