85012 3733
95025 3754
100076 3828
105088 3888
110292 3834
115037 3760
125070 3726
135050 3702
140339 3841
155126 3857
170356 3838
175112 3734
180192 3842
185050 3800
195128 3716
200460 3869
205092 3777
210227 3751
215045 3718
220054 3779
225105 3846
230254 3843
235050 3723
240145 3884
245061 3780
250337 3717
255189 3736
260411 3725
265110 3889
270087 3773
280012 3839
285025 3778
295044 3842
300091 3857
305079 3849
310345 3782
315047 3793
320278 3740
325027 3701
330307 3880
335080 3791
340025 3730
345021 3820
350167 3733
360185 3857
365073 3889
370166 3790
375101 3879
380227 3799
385034 3755
390324 3813
395002 3817
405005 3717
410326 3861
415070 3885
420079 3866
425068 3772
430136 3778
435124 3744
450238 3855
455134 3765
460199 3747
465018 3843
470205 3842
475009 3781
480021 3799
485037 3842
495005 3804
500276 3867
505005 3873
510258 3818
515005 3850
520241 3734
525009 3891
530207 3837
535058 3747
540232 3846
545005 3873
550060 3804
555050 3884
565037 3861
570313 3785
575009 3866
580034 3706
585012 3791
590230 3879
595076 3827
600057 3756
605044 3788
610234 3883
615147 3705
620356 3832
625060 3834
630276 3786
635005 3702
640018 3721
645070 3742
650161 3842
655038 3726
660214 3874
665047 3820
670355 3742
675121 3788
680351 3777
685205 3878
690133 3703
695104 3844
700121 3797
705031 3718
710367 3798
715031 3703
725081 3859
730276 3791
735092 3862
740328 3708
745018 3760
750223 3815
755079 3853
760200 3865
765025 3885
770259 3813
775002 3876
785109 3754
790009 3704
795208 3838
800158 3839
805193 3763
815002 3851
820164 3849
825002 3757
830198 3731
835176 3764
845126 3773
850112 3802
855005 3749
860180 3742
865034 3887
870154 3700
875050 3710
880083 3763
890349 3747
895091 3782
900284 3743
905015 3748
910180 3895
915063 3771
920383 3816
925005 3760
930224 3818
935218 3841
945088 3846
950310 3854
955002 3842
960306 3735
965009 3712
970165 3745
975009 3833
980360 3852
985015 3829
990252 3875
995076 3885
1000025 3888
1005050 3704
1010355 3829
1015031 3863
1020173 3708
1025005 3863
1030280 3770
1035086 3816
1040292 3756
1045079 3707
1050299 3858
1055015 3776
1060109 3807
1065025 3833
1070287 3896
1075070 3718
1080239 3841
1085047 3814
1090192 3801
1100192 3822
1105028 3751
1110212 3730
1115094 3756
1120108 3818
1125002 3730
1130135 3892
1135134 3741
1140063 3828
1145100 3788
1150151 3795
1155140 3789
1160284 3891
1165070 3865
1170288 3892
1175025 3760
1180227 3863
1185044 3727
1190350 3777
1195102 3856
1205012 3857
1210247 3819
1215012 3819
1220060 3835
1225054 3712
1230133 3817
1235028 3875
1240177 3815
1245009 3860
1250267 3737
1255076 3764
1260199 3745
1265012 3877
1275015 3745
1280332 3827
1285008 3705
1290149 3855
1295025 3773
1305028 3842
1310185 3883
1315025 3747
1320298 3872
1325005 3718
1330215 3880
1335073 3704
1345063 3762
1350258 3840
1355012 3799
1360191 3870
1365073 3867
1370375 3842
1375121 3793
1380328 3713
1385041 3753
1390207 3749
1395025 3866
1400169 3835
1405047 3842
1410127 3849
1415018 3840
1420168 3742
1425005 3798
1430379 3869
1435005 3875
1440271 3749
1445015 3825
1450197 3778
1455098 3804
1460131 3700
1465012 3784
1470254 3701
1475005 3816
1480147 3857
1485038 3858
1495073 3710
1500104 3751
1505061 3775
1510235 3742
1515090 3831
1520170 3724
1525212 3860
1530162 3811
1535005 3848
1545002 3820
1555205 3873
1560208 3792
1565059 3814
1570264 3874
1575037 3886
1585050 3780
1595080 3855
1600079 3769
1605064 3855
1615155 3762
1620025 3898
1625070 3859
1630130 3838
1635002 3883
1640330 3707
1645060 3790
1650194 3857
1655137 3868
1665025 3753
1670247 3787
1675141 3779
1680044 3808
1685088 3745
1690328 3721
1695047 3894
1700461 3742
1705086 3828
1710110 3851
1715067 3857
1725005 3812
1730345 3788
1735005 3774
1740041 3888
1745079 3848
1750041 3852
1755021 3796
1760149 3890
1765005 3741
1770194 3897
1775031 3857
1780050 3771
1785125 3796
1790252 3822
1795015 3844
