84005 70,
86002 75,
88100 67,
90396 78,
92077 74,
94102 78,
96022 74,
100198 76,
102012 74,
104019 65,
106022 66,
110277 69,
112025 73,
114221 75,
116153 66,
122025 61,
124031 68,
126102 77,
128015 79,
130092 62,
134005 60,
136359 60,
138002 69,
142064 79,
144141 76,
146160 70,
148144 60,
150439 62,
152070 70,
154030 69,
156096 72,
158055 65,
160218 78,
162002 64,
164073 77,
166025 64,
168022 63,
170487 76,
172144 77,
174067 77,
176025 77,
178018 68,
180447 64,
182025 70,
184102 63,
186064 75,
188111 74,
190303 79,
192160 79,
194025 63,
196022 70,
198057 78,
204072 79,
206015 65,
208093 79,
210302 70,
212096 73,
214127 77,
216039 77,
218141 72,
220496 74,
222005 71,
224109 63,
226025 70,
228018 78,
230421 60,
232005 66,
236135 70,
238022 68,
240104 62,
242005 78,
244022 67,
246077 66,
248022 67,
250315 73,
252021 66,
254025 60,
256058 65,
258131 71,
262005 75,
264015 74,
266025 72,
268079 69,
272047 66,
274036 71,
276028 69,
278044 64,
280320 64,
282030 79,
286027 75,
288027 79,
290201 63,
292021 79,
294141 77,
296030 71,
298002 73,
300223 60,
302025 65,
304030 66,
306042 73,
308002 69,
310286 75,
312078 62,
314054 63,
316022 64,
318096 63,
320224 76,
322080 77,
324138 71,
326005 78,
328030 60,
330359 76,
336025 79,
338012 79,
342002 74,
344002 61,
348042 76,
350260 69,
352030 66,
354005 74,
356186 63,
358053 78,
360213 67,
362025 64,
366105 64,
368050 63,
370063 63,
372005 73,
374118 65,
376132 62,
378005 71,
380355 65,
382021 62,
384005 68,
386025 74,
388027 65,
392125 78,
394030 75,
402140 61,
404009 73,
406018 77,
408005 78,
412012 63,
414015 68,
416185 64,
420248 77,
422015 60,
424009 64,
426042 69,
430227 76,
432064 63,
434022 70,
436002 66,
438150 77,
440231 74,
442138 76,
444078 78,
446030 79,
448030 60,
450047 63,
452078 67,
454022 66,
458030 78,
462025 63,
464071 77,
466022 78,
468078 78,
470353 75,
472087 66,
474175 74,
476073 66,
478019 69,
482064 67,
486132 63,
490357 79,
492242 64,
494028 76,
496022 75,
498050 66,
500321 67,
502022 74,
504036 63,
506039 66,
508072 79,
510252 76,
512056 71,
514002 68,
516098 61,
518051 70,
520395 68,
524125 75,
526061 65,
528025 69,
530587 64,
532034 65,
534002 68,
536070 79,
538179 66,
540308 79,
542044 75,
544002 65,
546078 66,
548005 73,
550044 72,
552196 76,
554005 70,
556072 64,
558005 73,
560346 60,
564208 62,
566039 73,
568084 67,
570198 76,
572112 65,
574002 60,
576091 70,
578144 70,
580063 78,
582022 63,
584169 72,
586005 62,
588015 73,
590257 70,
594002 73,
596064 67,
598009 73,
600251 72,
602030 77,
604172 61,
606005 77,
608005 62,
610335 77,
612005 68,
614121 74,
616002 65,
618025 70,
624057 77,
626025 74,
628005 76,
630247 77,
632012 78,
634002 69,
636025 73,
638154 72,
640365 76,
642041 70,
644005 79,
646005 79,
648053 78,
652005 77,
654106 79,
656005 64,
658081 62,
660134 78,
662027 74,
664073 77,
666025 64,
668025 72,
670018 68,
672057 69,
674012 67,
676022 71,
678025 79,
680439 75,
682115 79,
684022 63,
686009 75,
688053 72,
690189 69,
692002 61,
694105 76,
696025 67,
698015 75,
700266 63,
702022 74,
704025 70,
706214 73,
708030 60,
710404 65,
712044 62,
714030 67,
716141 74,
718033 72,
720344 75,
722033 63,
724212 67,
726044 77,
728002 66,
730409 68,
732144 72,
734025 65,
736105 71,
738030 79,
740289 63,
742027 73,
744002 65,
746005 62,
748078 61,
750435 76,
752002 72,
754056 64,
756022 62,
758030 69,
760345 74,
762164 62,
764018 75,
766077 69,
768144 73,
770285 74,
772002 60,
774143 61,
776114 69,
778005 63,
780183 60,
782005 69,
784105 70,
788116 61,
790028 68,
792042 69,
794022 68,
796005 71,
800352 72,
802030 78,
804022 69,
806141 77,
808005 65,
810232 66,
812095 65,
814018 76,
816009 62,
818087 72,
820281 64,
824105 69,
826089 64,
828025 71,
830326 61,
832022 71,
834005 62,
836025 70,
838113 71,
840276 72,
842129 68,
844115 79,
846064 65,
848022 64,
850327 73,
854055 66,
856005 79,
858005 63,
860491 66,
862053 69,
864002 69,
866005 79,
868009 66,
872005 60,
874005 61,
876085 64,
878022 60,
882055 73,
884005 74,
886053 60,
888009 72,
890460 62,
892002 73,
894044 64,
896027 74,
898009 65,
900258 74,
902005 78,
904039 75,
906141 68,
908089 62,
910408 67,
912093 68,
914015 68,
916012 76,
918025 79,
920359 64,
922234 69,
924036 70,
926087 70,
928005 79,
930147 73,
932030 73,
934034 62,
936009 70,
938025 70,
940351 70,
942044 60,
944033 79,
946005 63,
948002 60,
950225 73,
952147 78,
954002 61,
956002 66,
958159 61,
960115 63,
962025 68,
964183 76,
966025 77,
968002 69,
970210 73,
972128 76,
974030 71,
976025 77,
978105 61,
980439 79,
982025 78,
984033 69,
986025 62,
988042 64,
990382 65,
992018 64,
994019 67,
996094 60,
998002 68,
1000262 61,
1002056 68,
1004067 61,
1006064 63,
1008025 65,
1010343 68,
1014064 74,
1016034 63,
1020034 75,
1022027 79,
1024144 77,
1026053 64,
1028025 72,
1030333 76,
1032002 74,
1034025 78,
1036051 73,
1038034 64,
1040479 69,
1042081 70,
1044022 71,
1046025 73,
1048030 63,
1050341 62,
1052042 79,
1054154 65,
1056005 69,
1058002 77,
1060201 79,
1062022 60,
1064089 74,
1066018 79,
1070362 69,
1072050 65,
1074090 73,
1076005 62,
1078002 76,
1080462 61,
1082053 76,
1084009 73,
1086078 69,
1088074 76,
1090189 77,
1092112 76,
1094022 77,
1096044 63,
1098102 66,
1100254 70,
1102050 68,
1104018 75,
1106255 68,
1108036 75,
1110414 78,
1112033 66,
1114005 78,
1116022 77,
1118144 69,
1122005 60,
1124002 71,
1126170 61,
1128012 74,
1130284 78,
1132092 67,
1134025 77,
1136093 66,
1138053 64,
1140253 61,
1142025 61,
1144002 68,
1146050 64,
1148042 66,
1150411 78,
1152042 69,
1154005 71,
1156022 69,
1158044 69,
1160480 66,
1162109 64,
1164200 76,
1166116 71,
1168025 69,
1172044 64,
1174138 69,
1176012 69,
1178199 79,
1180204 77,
1182005 72,
1184173 78,
1186053 71,
1188084 72,
1190418 60,
1192036 69,
1194025 63,
1198122 70,
1200054 79,
1202079 66,
1204002 70,
1206028 71,
1208058 64,
1210180 73,
1212025 61,
1214022 79,
1216157 75,
1218005 79,
1220584 79,
1222144 77,
1224202 64,
1226022 74,
1230012 65,
1232002 74,
1234135 62,
1236005 63,
1238044 61,
1240386 65,
1242208 73,
1244025 68,
1246002 72,
1248002 62,
1250182 79,
1252062 63,
1254093 74,
1256039 75,
1260247 74,
1264030 62,
1266005 77,
1268002 68,
1270409 75,
1272058 60,
1274163 78,
1276012 74,
1278022 74,
1280360 78,
1282105 69,
1284064 65,
1286166 67,
1288086 62,
1294027 65,
1296009 67,
1298053 77,
1300330 62,
1302128 78,
1304005 68,
1308154 75,
1312019 69,
1314108 73,
1316025 66,
1318022 70,
1320218 78,
1322025 77,
1324090 70,
1326022 62,
1328018 63,
1332028 63,
1334119 74,
1336189 79,
1338131 63,
1340408 73,
1342033 62,
1346083 63,
1348002 64,
1350427 63,
1352055 62,
1354025 69,
1356080 60,
1358095 76,
1360182 68,
1362085 77,
1364025 75,
1366256 78,
1368005 61,
1370768 61,
1372012 63,
1374025 62,
1376027 72,
1378002 61,
1380386 70,
1382138 74,
1384096 75,
1386012 72,
1388134 60,
1390388 63,
1392009 60,
1394084 72,
1396061 72,
1398002 72,
1400362 76,
1404108 64,
1406028 68,
1408077 70,
1410311 76,
1412018 63,
1416030 65,
1418022 79,
1420416 69,
1422002 66,
1424030 66,
1426002 63,
1428002 62,
1430415 73,
1432131 61,
1434005 71,
1436053 67,
1438144 76,
1440076 70,
1442067 64,
1444050 74,
1446022 72,
1448005 66,
1450418 76,
1452022 75,
1454002 61,
1456145 75,
1458002 63,
1460441 77,
1462033 75,
1464218 78,
1466025 65,
1468070 79,
1470310 67,
1472160 77,
1474125 72,
1476081 74,
1478005 76,
1480345 63,
1482053 73,
1484131 77,
1486067 75,
1488022 74,
1490462 70,
1492018 77,
1494022 60,
1496002 61,
1498025 69,
1500386 76,
1502022 68,
1504044 64,
1506076 61,
1508067 77,
1510226 77,
1512112 68,
1514078 75,
1516002 74,
1518005 68,
1520202 61,
1522083 67,
1524202 72,
1526005 70,
1528095 65,
1530299 75,
1532038 60,
1534099 67,
1536009 61,
1538170 63,
1540344 63,
1542207 72,
1544103 68,
1546012 75,
1548002 60,
1550417 64,
1552002 78,
1554053 75,
1556105 74,
1558141 72,
1562033 69,
1564005 62,
1566036 62,
1568067 63,
1570080 64,
1572009 66,
1574022 70,
1576025 73,
1578105 77,
1580361 70,
1582022 64,
1584002 68,
1588009 60,
1592030 66,
1594027 68,
1596009 65,
1598027 74,
1600189 67,
1602030 75,
1604212 69,
1606044 71,
1610216 67,
1612030 62,
1614053 61,
1616030 72,
1624095 67,
1626012 71,
1628058 69,
1632072 64,
1634025 71,
1636009 73,
1638170 77,
1640448 76,
1642073 61,
1646002 70,
1648022 71,
1650216 60,
1652002 64,
1654130 69,
1656015 69,
1658027 76,
1660438 73,
1662024 66,
1664160 64,
1666089 78,
1668034 77,
1670262 63,
1672005 70,
1676064 64,
1678015 76,
1680143 68,
1682095 71,
1684002 77,
1686134 71,
1688025 64,
1692160 73,
1694002 65,
1696012 63,
1698135 67,
1700538 69,
1702036 66,
1704042 70,
1706030 76,
1708147 69,
1710076 75,
1712048 69,
1714028 66,
1716058 77,
1718025 72,
1720396 79,
1722019 62,
1724054 64,
1726002 77,
1728086 66,
1730494 75,
1732034 77,
1734045 71,
1736044 60,
1738005 77,
1740243 65,
1742025 70,
1744022 61,
1750316 73,
1752128 76,
1754002 61,
1756077 70,
1758025 60,
1760215 67,
1762025 72,
1766019 75,
1768067 64,
1770378 65,
1772009 71,
1774100 66,
1776002 60,
1778104 60,
1780444 68,
1782204 71,
1784022 67,
1788012 60,
1790340 63,
1792025 63,
1794097 70,
1796036 77,
1798070 61,
