90097 1949
100175 2098
110066 2077
120015 1913
130099 1943
140091 1958
150094 1983
160107 2031
170308 2067
180088 2021
190075 1988
200178 1910
210070 1927
220147 1956
230093 2026
240112 2048
250147 1922
270082 2087
280005 2021
290226 2023
300005 2059
310073 2095
320285 1993
330094 2035
340091 1953
360094 2090
370031 2057
380099 2037
390107 1972
400071 1953
420078 2031
430099 2004
440322 2084
450189 1968
460005 1917
470137 1953
480076 1974
490005 2096
500234 1902
510127 1928
520069 2037
530136 1937
540147 1933
550066 1980
560155 1987
570093 2004
580002 2033
590199 2012
600125 2040
610166 1931
620244 2048
630113 1969
640236 1934
650124 1938
660110 1964
670086 2069
680092 2094
690111 1987
700098 1932
710163 2005
720086 1935
730093 2098
740215 2071
750088 1936
760104 2052
780053 1943
790084 2073
800156 1976
810092 1933
820122 2058
840091 2038
850069 1983
860147 1931
870140 1944
880099 1901
890280 1993
900039 1927
910089 2015
930095 2063
940078 1930
950199 2015
960092 2067
970082 2002
980116 2025
1010259 1910
1030115 2088
1040115 1947
1050002 1961
1060078 1963
1080086 1961
1090103 1906
1100111 2090
1110082 2080
1120082 2036
1140082 2096
1150089 2065
1170069 2039
1180279 2054
1210086 1990
1230002 1940
1240082 1958
1250217 2056
1260118 1954
1270120 2078
1280142 1927
1290086 2027
1300060 2014
1310300 1979
1320202 2030
1330087 2011
1340135 2082
1350005 1921
1360109 1914
1370293 2000
1380102 1902
1390151 1938
1400112 2079
1410099 2080
1420073 2075
1430289 1947
1440088 2028
1450079 2053
1460115 2098
1470086 2065
1480078 1933
1490186 1966
1500110 2001
1510109 1914
1520116 1993
1530096 1976
1540060 1933
1550247 2026
1560176 1946
1570094 1953
1590078 2039
1600092 2037
1610235 1960
1620102 2077
1630089 1948
1640209 1978
1650114 2005
1660123 2008
1700140 2016
1710063 1926
1730173 2011
1740073 2035
1750092 1930
1760146 1939
1770081 2058
1780095 2046
1790143 2017
