82025 61,
84025 66,
86002 64,
88022 65,
90315 68,
92143 64,
94022 71,
96012 79,
98044 73,
100131 64,
102025 77,
104005 68,
106005 62,
108002 60,
112134 60,
114012 72,
118018 75,
120391 72,
122025 61,
124139 62,
126082 77,
128069 61,
130341 67,
132015 62,
134012 75,
136009 61,
138025 75,
140247 63,
142002 61,
144166 60,
146002 70,
148173 69,
150429 73,
152057 63,
154144 72,
156159 61,
158128 64,
162064 79,
164005 65,
168005 66,
170424 64,
174070 74,
176157 68,
178154 73,
180337 60,
182078 62,
184031 62,
186025 73,
188131 77,
192005 61,
194015 62,
196122 66,
198022 70,
200618 77,
202112 67,
204086 62,
208036 77,
210282 72,
212022 79,
214127 62,
216097 73,
218002 65,
220448 73,
222142 67,
226002 64,
230324 77,
232119 61,
234083 79,
236030 72,
238059 77,
240351 79,
242018 66,
244127 64,
246022 64,
248199 62,
250310 69,
252027 78,
254030 78,
256042 79,
258002 65,
262025 79,
264025 78,
266084 60,
268086 78,
270302 78,
272036 66,
274050 76,
276105 77,
278077 66,
280325 66,
282002 65,
284005 76,
286022 62,
288009 73,
290385 62,
296033 77,
298042 79,
302139 71,
304056 79,
306110 77,
310494 71,
312027 60,
314045 64,
316015 72,
318045 71,
320449 73,
322062 60,
324018 79,
326111 73,
328061 71,
330376 61,
332055 64,
334058 75,
336009 77,
338002 61,
340379 66,
342036 77,
344002 73,
348019 65,
350339 72,
352061 69,
354121 69,
356163 79,
358109 75,
360044 67,
362002 67,
364005 67,
366002 61,
368109 60,
370266 69,
372135 73,
374025 73,
376025 72,
378019 79,
380405 78,
382218 71,
384147 64,
386012 72,
388002 78,
392009 68,
394076 67,
396002 78,
398005 76,
402005 65,
404030 76,
406083 65,
408027 66,
410166 67,
412021 61,
414012 71,
416005 77,
418002 74,
420252 64,
422033 67,
424142 62,
426012 63,
428018 72,
430204 62,
432109 76,
434009 73,
436022 72,
438096 72,
440259 62,
442005 67,
444104 60,
446009 65,
448103 64,
450191 60,
454152 79,
456030 73,
458039 79,
460202 62,
462022 74,
464109 68,
466074 64,
468050 69,
472025 61,
476015 75,
478167 78,
480251 66,
482025 77,
484002 71,
486030 73,
488105 74,
490080 69,
492022 72,
494002 72,
496167 77,
498076 63,
500388 64,
502250 68,
504022 69,
506005 66,
508025 64,
510182 69,
514125 70,
516079 73,
518090 71,
520171 60,
522099 65,
524105 74,
526030 72,
528002 72,
530375 77,
532009 63,
534036 67,
536015 76,
538218 64,
540162 61,
544005 62,
546033 77,
548015 75,
550332 69,
552135 78,
554061 73,
556047 78,
558015 74,
560438 64,
562012 74,
564119 73,
566140 68,
568022 62,
570195 73,
572005 70,
574053 73,
576064 75,
580287 67,
582047 71,
586022 60,
588053 66,
590289 77,
592070 74,
594188 72,
596002 76,
598028 64,
600419 61,
602005 68,
604027 76,
606002 65,
608125 70,
610340 70,
612027 68,
614005 62,
616123 68,
618022 60,
620376 76,
622052 75,
624005 60,
626025 65,
628184 60,
630409 70,
632002 62,
634155 63,
636101 72,
638005 77,
640233 69,
642047 74,
644022 69,
646102 67,
648025 77,
650109 65,
652025 61,
654025 73,
656005 77,
658167 79,
660284 61,
662119 70,
664036 67,
666033 71,
668146 64,
670067 68,
672025 62,
674132 60,
676101 64,
678085 74,
680296 62,
682030 72,
684002 75,
686002 79,
688002 72,
690070 69,
692036 65,
696034 63,
698002 78,
700356 63,
702030 62,
704240 60,
706087 65,
708133 76,
710538 61,
712086 78,
714027 71,
716030 64,
718005 70,
720351 64,
722135 77,
724056 78,
726009 65,
728044 66,
730198 76,
732071 78,
734132 75,
736042 70,
738185 65,
740266 62,
742002 68,
748086 62,
750359 79,
752163 71,
754053 61,
756093 78,
758075 77,
760339 68,
762002 67,
764022 77,
766093 63,
770288 66,
772022 69,
776005 76,
778031 62,
782089 73,
784012 77,
786058 77,
788005 60,
790063 60,
792005 67,
794005 69,
796005 76,
800330 71,
802019 76,
804025 67,
806042 67,
808028 74,
810253 77,
812064 60,
814022 72,
816027 69,
818044 74,
820402 65,
822030 71,
824025 71,
826132 67,
828061 79,
830397 64,
832025 69,
834058 72,
836044 70,
838183 77,
842151 74,
844224 71,
846005 79,
848055 62,
850057 65,
852018 65,
854070 67,
856025 67,
858093 64,
860295 76,
862005 72,
864091 64,
866089 64,
868015 60,
872022 70,
874019 79,
876012 77,
880162 61,
882036 61,
884033 73,
886108 65,
888002 71,
890366 62,
892044 62,
894030 70,
896087 60,
898002 77,
900170 79,
902002 69,
904002 77,
908044 69,
910308 75,
912150 78,
914047 67,
916093 65,
918036 74,
920305 72,
922070 60,
924027 66,
926002 69,
928144 70,
930205 73,
932019 71,
934079 73,
936012 72,
940426 73,
942005 78,
944030 71,
946144 64,
948030 62,
950417 75,
952025 68,
954025 68,
956142 71,
958027 75,
960414 77,
962170 75,
964012 73,
966053 66,
968220 70,
970350 66,
972197 79,
974073 78,
978124 71,
980395 63,
982005 61,
984153 71,
986112 70,
988022 74,
990262 66,
992005 79,
994005 77,
998106 61,
1000204 61,
1002138 72,
1004067 67,
1006022 69,
1008144 66,
1010325 69,
1012025 60,
1014080 69,
1016025 74,
1018118 69,
1020263 76,
1022002 71,
1024022 74,
1026078 79,
1028121 73,
1030426 61,
1032027 60,
1034002 75,
1036012 72,
1038039 62,
1040181 72,
1042075 77,
1044070 70,
1046157 70,
1050375 73,
1052030 76,
1054183 74,
1056062 73,
1058031 62,
1060201 61,
1062122 67,
1064053 65,
1066027 60,
1068061 71,
1070426 61,
1072114 73,
1074147 72,
1076067 76,
1078030 63,
1080159 63,
1082022 76,
1084005 71,
1086118 69,
1088064 65,
1090179 68,
1092009 65,
1094051 75,
1096012 65,
1100028 78,
1102015 64,
1104096 63,
1106019 73,
1108002 67,
1110215 75,
1112025 60,
1114170 76,
1116025 68,
1118119 71,
1122015 62,
1124183 71,
1126102 64,
1128059 74,
1130403 74,
1132005 71,
1134005 71,
1136022 79,
1138160 71,
1140414 72,
1142102 70,
1144070 66,
1146087 60,
1148064 67,
1154002 72,
1156119 60,
1158025 79,
1160296 60,
1162226 66,
1164093 60,
1166033 62,
1168002 75,
1170197 68,
1172009 69,
1174144 76,
1176005 75,
1178039 77,
1180333 65,
1182009 63,
1184061 60,
1186240 73,
1188028 68,
1190328 62,
1192031 76,
1194119 61,
1196009 68,
1198079 77,
1200278 75,
1202005 60,
1204131 66,
1206173 77,
1208030 66,
1210263 76,
1216087 69,
1218015 66,
1220618 72,
1222019 77,
1224025 64,
1226025 72,
1228005 61,
1230211 76,
1232022 70,
1234002 71,
1236012 64,
1238064 70,
1240349 77,
1244075 69,
1246151 72,
1248022 73,
1250543 70,
1252066 62,
1254009 73,
1256022 63,
1258012 61,
1260389 64,
1262070 77,
1264044 71,
1266167 78,
1268022 78,
1272005 62,
1274027 69,
1276067 62,
1278079 77,
1280526 69,
1282031 65,
1284045 79,
1286099 62,
1288053 64,
1290283 74,
1292096 78,
1294002 62,
1296005 79,
1298072 64,
1300218 69,
1302009 62,
1304067 65,
1306022 72,
1308075 74,
1310336 66,
1312102 71,
1314030 72,
1316064 78,
1318112 61,
1320266 79,
1322030 74,
1324022 69,
1326054 79,
1328002 70,
1330359 62,
1332079 76,
1334112 71,
1336005 72,
1338122 62,
1342022 67,
1344081 73,
1348112 65,
1350230 61,
1352025 67,
1356005 76,
1358036 65,
1360350 63,
1362134 63,
1364050 62,
1366009 61,
1368084 68,
1370344 63,
1372025 60,
1374005 61,
1376086 62,
1378084 64,
1382223 70,
1384025 71,
1386002 60,
1388022 67,
1390364 67,
1394176 68,
1396101 63,
1398053 64,
1400365 70,
1402044 78,
1404022 75,
1406005 79,
1408206 70,
1410246 75,
1412005 69,
1414112 70,
1416025 72,
1418132 72,
1420462 64,
1422114 68,
1424160 64,
1426027 69,
1428036 74,
1432059 72,
1434054 79,
1436025 70,
1438044 74,
1440296 67,
1442154 70,
1444064 61,
1446025 72,
1448036 60,
1450057 62,
1452005 63,
1454074 64,
1456022 73,
1458070 61,
1460168 76,
1462005 78,
1464005 77,
1466160 76,
1468030 70,
1470176 60,
1472005 71,
1474141 79,
1476009 67,
1478131 63,
1480218 70,
1482022 60,
1484012 68,
1486047 60,
1488005 77,
1490373 75,
1492015 62,
1494005 66,
1496128 69,
1498019 75,
1500192 73,
1504005 71,
1506146 69,
1508127 66,
1510357 69,
1512167 75,
1514005 74,
1516025 79,
1518002 79,
1522025 69,
1524056 66,
1526105 64,
1528089 78,
1530201 60,
1532027 68,
1534025 67,
1536053 64,
1538042 62,
1540221 76,
1542056 67,
1544005 69,
1546112 69,
1548170 79,
1550278 60,
1552005 69,
1554005 77,
1556115 60,
1558106 69,
1560325 71,
1562067 68,
1566005 60,
1568022 78,
1570314 76,
1574053 66,
1576002 69,
1578039 74,
1580178 69,
1582002 73,
1584170 74,
1586022 62,
1588002 70,
1590175 61,
1592106 76,
1594067 72,
1596005 73,
1598150 74,
1600198 67,
1602042 71,
1604179 66,
1606059 78,
1608002 64,
1612039 67,
1614089 62,
1616005 65,
1618106 78,
1620309 66,
1622002 65,
1624121 73,
1626092 78,
1628033 70,
1630379 68,
1632005 70,
1636063 68,
1638106 73,
1642009 74,
1644173 73,
1646015 79,
1648047 79,
1652015 74,
1654154 66,
1658012 75,
1660229 73,
1664077 70,
1666009 76,
1668005 73,
1670344 70,
1672047 60,
1674146 77,
1676078 64,
1678098 68,
1680189 73,
1682087 75,
1684075 78,
1686059 65,
1688022 70,
1690417 73,
1692025 69,
1694019 72,
1696083 76,
1698057 75,
1700572 73,
1702079 61,
1704009 77,
1706009 77,
1708036 77,
1710246 63,
1712012 72,
1714019 73,
1716033 70,
1718002 72,
1720372 70,
1722005 70,
1724022 67,
1726044 61,
1728005 70,
1730466 63,
1732005 72,
1734025 74,
1736002 62,
1738039 78,
1740254 62,
1742005 66,
1744075 66,
1746033 65,
1748009 75,
1750441 70,
1752045 72,
1756022 64,
1758009 79,
1760480 68,
1762005 70,
1764005 62,
1766044 66,
1768106 69,
1770323 68,
1772015 72,
1774005 70,
1776005 79,
1778106 76,
1780459 62,
1782025 68,
1784012 64,
1786070 63,
1788025 68,
1790474 63,
1792045 77,
1794050 67,
1796005 61,
1798022 66,
