90041 2015
100018 1964
120021 2046
130199 1909
160005 2073
170038 2065
180034 1960
190012 1934
200153 2080
210128 1915
220097 2026
230101 1919
240012 2099
250005 1928
260218 1930
270005 2049
280002 2057
290235 1985
300047 2043
310093 2096
330219 2006
350092 1971
360008 2089
380079 2022
390076 2078
400189 1980
410203 1935
420161 2012
430005 1939
440321 2090
450256 1973
460126 1929
480018 2027
500249 2036
510028 1965
530172 1972
540098 1986
550080 1928
570005 1980
580012 2039
600223 2034
610185 1933
630044 1966
640047 1933
650173 1935
670054 2013
690005 1912
700086 1941
710315 2099
730015 2053
740025 2001
750083 1915
760070 1984
780071 2043
790050 2006
840060 1930
850028 2017
870205 2078
880201 1900
890108 2057
900012 2076
910012 1997
930002 1988
940038 1922
960002 1906
970119 1911
980210 1948
990006 1968
1010149 1992
1030070 2055
1050083 1945
1060067 2058
1080236 2055
1090126 2084
1100338 1979
1110028 1912
1120154 1909
1140002 1918
1150180 2055
1160038 1972
1180093 2004
1200002 2076
1210005 2078
1230050 1929
1250310 1901
1260005 2040
1270091 2081
1280283 2094
1290012 2018
1300018 2017
1310246 2080
1320088 2051
1330028 2029
1350109 1918
1360293 1985
1390159 2092
1410204 1966
1450018 1985
1460044 1962
1470008 2053
1490326 1971
1500237 2037
1510025 2043
1530047 2049
1560111 2077
1580031 1978
1590081 2079
1600041 1906
1610132 2019
1620079 2001
1630086 2028
1640018 2040
1660005 2063
1670079 1969
1680078 2020
1690028 1988
1700079 1970
1710184 2064
1720121 1911
1730389 2076
1740005 2068
1750079 2033
1760025 1971
1770082 1910
1780119 1960
1790218 2091
