91075 2073
110952 1986
120999 1957
130787 2055
141290 2032
160675 1984
170826 2043
181643 1998
190709 1964
201237 2098
210330 1943
220979 2046
241361 2004
250333 2096
261098 2034
270979 1927
291448 1985
310730 2046
321284 2090
330653 1959
340620 2001
351091 1918
361441 1971
381465 2079
411001 2098
421021 1920
430663 1956
460250 1958
471328 2084
480490 1960
490623 1975
501204 1975
510665 1952
520899 2004
530690 2048
541052 2020
550460 2004
561170 2092
570422 1973
600432 2005
610861 2081
621245 1999
630707 2090
650863 1995
670624 1995
680553 2099
690621 2057
700728 1977
711347 2069
720552 2041
730848 1969
741217 1910
750687 2055
760673 1943
771099 1944
780552 2066
790800 1978
810591 1916
820616 1940
831303 2090
840738 1924
870854 2042
880595 1960
910092 1993
921155 1939
930631 2041
951811 1900
960417 2051
970686 1966
981003 2082
1011304 2073
1021218 1947
1030822 2076
1041331 1934
1050729 1964
1060545 2071
1071107 2048
1081091 1973
1090775 2045
1110700 1991
1121215 1921
1131399 2044
1140410 1929
1150850 1955
1161264 1927
1170933 1936
1191001 1910
1231112 1903
1240670 1964
1250605 2091
1260750 2017
1270987 2060
1290729 1974
1310968 2068
1320801 2023
1331209 1926
1340861 1990
1360704 1982
1371616 1935
1380561 1942
1390836 1972
1401143 1911
1420950 1992
1430935 1992
1441294 2087
1470711 2046
1480660 1959
1490921 1936
1500852 2041
1511088 1953
1530619 1997
1540609 2012
1551369 2089
1560863 1934
1570635 1982
1581730 2072
1590623 1991
1600325 1900
1610655 2085
1620534 2069
1630644 1987
1641030 2006
1651174 1956
1660636 2073
1671093 2074
1680880 2061
1690905 2060
1701237 1925
1710544 1909
1720982 2026
1731073 1990
1740706 1950
1750886 1920
1761177 1930
1770827 1944
1780866 2092
1791662 2093
