85718 3750
91523 3759
95925 3861
101363 3717
105859 3777
115755 3713
121539 3827
131253 3839
142300 3861
145607 3710
150957 3878
155015 3822
165326 3714
175469 3729
181409 3771
185550 3748
191780 3700
195421 3878
205236 3863
211587 3853
215781 3883
221333 3821
225649 3715
231424 3770
235305 3889
241241 3776
245997 3880
255271 3842
261956 3821
270620 3839
285541 3870
291114 3710
295344 3772
305792 3749
315600 3737
325548 3871
331126 3705
335531 3740
341038 3815
345519 3821
351712 3711
355618 3770
361624 3727
371373 3845
375784 3839
381385 3877
385711 3724
391140 3780
395486 3762
401346 3836
405398 3705
415439 3787
421445 3766
425123 3822
435327 3727
441469 3737
445735 3768
451237 3712
455307 3852
465631 3700
475235 3755
481017 3746
485883 3811
491412 3763
495483 3848
501690 3887
505265 3780
515262 3763
520620 3814
525282 3819
531512 3750
535237 3811
541450 3883
562105 3711
565282 3726
575685 3752
585287 3863
591968 3783
595524 3742
601381 3854
605298 3871
615443 3804
621813 3739
625354 3783
635656 3837
645682 3860
655303 3795
665444 3755
675208 3772
685249 3845
695460 3768
705319 3894
711514 3702
715269 3893
721265 3701
725362 3702
741477 3836
745818 3818
751143 3793
755657 3898
765351 3711
771658 3795
775627 3847
785504 3777
790713 3827
795544 3744
801525 3820
805568 3719
811305 3718
815293 3898
821313 3856
825371 3705
831296 3862
835255 3873
845015 3744
850804 3814
855637 3820
862204 3710
865278 3711
871564 3737
875584 3731
885391 3867
891413 3806
895466 3707
900527 3771
905404 3739
911411 3848
915235 3891
921463 3717
925672 3705
930901 3862
935041 3883
941079 3733
945313 3858
951357 3746
955484 3778
965519 3774
971355 3879
975304 3774
981684 3819
985205 3863
991013 3818
995351 3872
1001528 3718
1015372 3897
1025406 3881
1035584 3813
1041601 3730
1045346 3791
1050922 3743
1065175 3845
1072000 3807
1075284 3800
1081265 3705
1085267 3795
1095421 3819
1101203 3782
1105534 3878
1110828 3899
1125499 3759
1135387 3804
1145512 3866
1151307 3742
1155493 3818
1165514 3720
1175379 3895
1180856 3717
1185429 3779
1191546 3892
1195439 3864
1200967 3743
1205570 3823
1221367 3804
1225514 3865
1231350 3790
1235529 3788
1240683 3832
1245552 3757
1255296 3711
1265392 3836
1271451 3893
1275353 3715
1285169 3826
1291149 3847
1295339 3880
1301348 3777
1305270 3757
1311180 3863
1315261 3860
1321367 3849
1325236 3788
1330787 3734
1335503 3827
1345695 3846
1351444 3703
1355425 3725
1360675 3891
1371574 3729
1375596 3817
1381248 3818
1385246 3840
1390740 3800
1395520 3737
1401419 3771
1405161 3721
1415171 3862
1420712 3891
1425286 3808
1431433 3708
1435208 3713
1441037 3882
1451238 3765
1455633 3718
1465343 3782
1470663 3778
1475759 3756
1481268 3729
1485564 3740
1495382 3896
1501025 3865
1505542 3712
1511149 3718
1515413 3765
1520660 3754
1525453 3837
1530245 3885
1535342 3719
1541477 3779
1545260 3753
1551768 3729
1555365 3855
1565209 3749
1571101 3724
1575737 3816
1585319 3747
1590632 3752
1595349 3833
1601273 3861
1605500 3730
1611192 3778
1615524 3840
1620887 3818
1625434 3764
1635602 3749
1641647 3858
1645260 3779
1651100 3766
1655447 3770
1661105 3879
1665205 3854
1675546 3795
1680941 3774
1685270 3816
1695382 3706
1700849 3722
1705577 3742
1711147 3720
1715421 3782
1720777 3763
1725484 3869
1731298 3793
1735589 3862
1745435 3785
1755169 3700
1765718 3794
1771188 3705
1775317 3791
1785452 3762
1795204 3819
