82164 68, 5043
84393 74, 5160
87259 72, 5041
89012 71, 5017
92104 61, 5019
92846 61, 5170
96495 63, 5199
98954 68, 5059
102759 79, 5068
104996 71, 5005
106924 73, 5067
114228 75, 5179
116510 77, 5037
118660 67, 5077
122904 66, 5108
124179 60, 5136
126457 61, 5015
128274 62, 5169
131369 76, 5031
132399 74, 5080
134381 77, 5032
138396 65, 5096
142732 71, 5070
144339 76, 5171
146717 64, 5040
148646 61, 5131
152455 63, 5115
154652 67, 5177
158727 68, 5184
162916 65, 5161
164594 67, 5132
166411 66, 5032
168385 67, 5087
172466 67, 5027
173727 65, 5115
174541 61, 5099
176530 78, 5108
178581 73, 5039
182352 78, 5085
186229 60, 5005
188421 72, 5035
194543 64, 5077
196597 64, 5021
198218 60, 5054
202418 74, 5116
203111 64, 5143
204780 78, 5018
206575 79, 5055
208645 77, 5182
211031 77, 5044
212491 63, 5104
217019 70, 5151
218544 62, 5130
221797 73, 5144
222898 66, 5077
224509 70, 5107
226664 60, 5116
231470 64, 5138
233146 61, 5171
234725 78, 5115
236805 71, 5062
238638 71, 5195
242210 77, 5192
246744 60, 5091
248406 71, 5103
250256 68, 5145
252664 65, 5157
254469 67, 5196
256216 63, 5181
258562 77, 5016
261606 76, 5063
262669 72, 5016
266193 62, 5037
271085 74, 5004
272696 75, 5157
274422 77, 5040
276482 65, 5171
278788 75, 5199
281169 66, 5075
282798 63, 5104
284674 76, 5061
286292 68, 5037
288190 74, 5037
294564 67, 5050
296087 72, 5064
298221 71, 5005
302715 61, 5036
304277 67, 5157
306284 67, 5058
308095 72, 5052
311373 71, 5014
312747 63, 5121
314565 64, 5098
316234 67, 5042
318684 60, 5180
322296 73, 5170
323124 79, 5044
324140 71, 5032
326580 67, 5065
328578 73, 5119
331766 66, 5156
334616 65, 5051
338193 60, 5069
341643 77, 5095
344650 69, 5172
346277 77, 5183
351558 74, 5131
354275 79, 5002
356810 61, 5046
358363 73, 5190
362403 66, 5164
364723 68, 5123
368447 72, 5100
371270 73, 5199
374511 62, 5043
376583 73, 5052
378744 61, 5061
380948 76, 5127
383301 66, 5164
384665 79, 5037
386493 70, 5030
388312 63, 5019
391182 71, 5013
392277 62, 5195
394151 70, 5128
396788 60, 5166
398601 66, 5120
401282 72, 5060
402389 61, 5048
404663 77, 5019
406609 64, 5186
408173 63, 5090
412002 71, 5186
412909 60, 5101
414286 71, 5133
416329 66, 5161
418560 64, 5040
420902 69, 5117
422490 78, 5122
424647 70, 5044
426514 60, 5043
428306 67, 5001
430916 71, 5042
432657 78, 5018
434215 72, 5139
436206 69, 5091
438551 77, 5093
441764 69, 5091
443317 67, 5028
444298 61, 5156
446518 71, 5120
448657 76, 5144
452509 69, 5073
454374 74, 5163
456407 68, 5018
458557 66, 5159
461356 75, 5050
464114 68, 5099
466409 71, 5131
468522 77, 5044
471363 63, 5142
472996 60, 5145
474514 70, 5186
476225 74, 5166
478302 65, 5123
481165 66, 5171
482520 70, 5095
484412 66, 5091
486510 79, 5146
488222 78, 5059
492692 71, 5198
494607 63, 5098
496255 68, 5059
498461 72, 5096
502630 65, 5168
504307 69, 5187
508609 77, 5181
511519 69, 5150
512495 66, 5174
516335 62, 5183
518395 60, 5106
521559 70, 5188
522414 71, 5012
524467 60, 5151
526406 60, 5194
532463 69, 5100
534341 76, 5055
538708 64, 5122
542358 72, 5151
546353 73, 5189
548454 61, 5011
551071 60, 5022
552542 77, 5001
554242 79, 5175
556270 76, 5136
558499 64, 5180
561488 73, 5086
563017 66, 5172
564250 76, 5179
566516 66, 5090
568655 73, 5168
571747 61, 5161
572493 61, 5151
574383 62, 5108
576341 60, 5096
578338 73, 5079
581779 66, 5129
582600 75, 5075
584342 79, 5028
586393 75, 5002
588425 64, 5182
592776 70, 5069
594152 66, 5021
602341 60, 5063
604376 74, 5160
606471 76, 5030
608488 72, 5119
611430 61, 5003
612223 61, 5076
614414 72, 5117
616178 76, 5101
618657 73, 5061
621749 65, 5039
622510 71, 5190
626491 64, 5133
628499 67, 5198
631392 77, 5181
632656 71, 5187
634263 76, 5057
636255 77, 5072
638288 79, 5129
641171 65, 5025
642664 63, 5017
644297 72, 5147
646225 75, 5003
648690 60, 5127
651470 68, 5018
654277 63, 5172
656152 75, 5116
658632 60, 5101
661539 79, 5006
664169 77, 5096
666590 78, 5170
668432 70, 5180
671369 62, 5083
672337 65, 5198
674344 67, 5145
676602 77, 5074
678229 73, 5007
682922 67, 5115
684462 79, 5117
686434 79, 5071
688464 61, 5131
691167 63, 5163
692406 61, 5141
694359 78, 5183
698454 63, 5057
700899 73, 5186
702426 76, 5053
704525 68, 5133
706434 62, 5029
710955 68, 5163
712498 76, 5084
714383 62, 5032
716300 70, 5175
718226 66, 5108
720924 79, 5191
722387 60, 5183
724355 74, 5029
732403 79, 5158
734435 79, 5014
738764 78, 5132
742162 75, 5132
744444 77, 5007
746632 76, 5003
748524 66, 5161
751481 62, 5136
754402 61, 5177
756494 60, 5172
758180 70, 5061
760968 74, 5045
762369 65, 5082
764327 71, 5195
766571 76, 5158
768276 67, 5101
771578 70, 5044
772425 72, 5020
774565 72, 5077
776164 60, 5040
778702 77, 5183
781185 67, 5049
782554 79, 5074
784217 75, 5146
786425 63, 5034
788679 62, 5186
791504 67, 5037
792501 77, 5098
794436 66, 5140
796554 61, 5184
802683 69, 5036
804604 79, 5036
806511 77, 5138
811170 60, 5091
812916 68, 5117
814468 62, 5190
818552 68, 5174
820954 69, 5036
822527 64, 5190
824407 75, 5052
826370 76, 5116
831168 73, 5118
832924 70, 5098
834186 78, 5175
836594 76, 5170
838222 61, 5078
840464 67, 5188
842445 62, 5182
844467 61, 5100
848332 65, 5122
851468 60, 5068
852645 71, 5076
854444 75, 5161
856533 76, 5130
858600 65, 5014
861828 63, 5147
863191 78, 5168
866610 62, 5194
868422 68, 5166
871429 62, 5086
874189 63, 5179
876682 69, 5034
878560 67, 5184
881662 79, 5125
882289 65, 5176
884643 64, 5088
886335 65, 5038
888449 61, 5024
891774 78, 5028
894192 73, 5143
896222 68, 5079
898508 76, 5171
900842 77, 5181
902596 65, 5103
904516 62, 5080
906233 74, 5199
908638 73, 5091
911311 63, 5043
912157 73, 5136
914162 68, 5174
916561 70, 5017
918216 66, 5013
923176 65, 5171
924429 67, 5039
926525 71, 5199
928584 62, 5140
931001 74, 5067
932518 65, 5132
934318 63, 5124
936516 62, 5139
938416 75, 5083
940854 79, 5124
942374 73, 5182
944190 76, 5007
946619 64, 5102
948497 65, 5078
952259 72, 5148
952649 66, 5119
954500 62, 5134
956533 75, 5038
958424 72, 5103
961719 79, 5016
966512 63, 5145
968473 75, 5067
971297 61, 5179
972464 60, 5052
974274 73, 5153
976154 79, 5005
978576 61, 5153
981806 67, 5196
982331 67, 5155
984447 69, 5138
986551 78, 5090
988437 71, 5038
992471 73, 5029
994145 75, 5134
996378 72, 5045
998130 76, 5048
1000842 72, 5146
1002375 79, 5148
1004478 60, 5094
1006222 62, 5167
1008289 63, 5028
1011906 63, 5183
1012740 73, 5072
1014321 78, 5000
1016672 66, 5083
1018493 60, 5082
1022747 72, 5076
1024410 71, 5189
1026600 70, 5101
1028175 65, 5095
1030546 77, 5144
1034662 71, 5086
1036319 77, 5049
1038351 66, 5004
1040693 71, 5020
1042680 79, 5143
1044291 73, 5090
1046799 60, 5040
1048188 72, 5118
1051501 60, 5091
1052442 62, 5079
1054524 67, 5093
1056696 63, 5051
1058556 72, 5095
1061313 65, 5031
1064216 60, 5083
1068231 60, 5188
1074711 77, 5100
1076452 67, 5078
1078475 76, 5102
1081655 61, 5180
1082346 77, 5179
1084333 75, 5020
1086653 61, 5162
1088261 60, 5011
1091328 60, 5025
1092461 70, 5085
1094261 66, 5070
1096331 62, 5105
1098678 60, 5141
1101309 61, 5134
1102442 60, 5058
1104412 67, 5054
1106560 61, 5108
1108470 79, 5043
1111437 79, 5139
1112613 69, 5001
1114421 65, 5103
1116059 60, 5124
1122500 73, 5041
1124475 68, 5073
1126380 68, 5074
1128551 76, 5185
1131891 65, 5084
1132757 76, 5159
1134198 68, 5156
1136329 69, 5178
1141715 70, 5068
1142345 64, 5091
1144349 60, 5059
1146228 70, 5150
1148517 65, 5038
1151587 60, 5058
1152555 68, 5031
1154536 77, 5013
1156419 72, 5050
1161937 64, 5184
1163038 79, 5198
1164541 60, 5077
1166315 69, 5175
1168316 78, 5184
1171235 64, 5152
1172241 76, 5034
1174327 70, 5183
1176415 75, 5088
1178479 67, 5137
1180635 75, 5140
1182291 75, 5198
1184469 66, 5063
1188574 75, 5062
1191646 70, 5007
1192684 61, 5163
1194543 65, 5177
1196555 79, 5052
1198622 73, 5136
1202534 79, 5196
1204596 76, 5022
1206390 71, 5150
1208426 70, 5141
1210830 78, 5062
1212628 64, 5151
1214616 71, 5005
1216666 76, 5157
1218224 77, 5127
1221834 67, 5018
1222613 78, 5195
1224390 68, 5023
1226303 60, 5051
1228357 63, 5163
1231518 65, 5188
1232760 69, 5103
1234533 75, 5046
1236612 71, 5100
1238414 79, 5096
1241143 79, 5031
1242409 69, 5003
1244581 74, 5174
1246619 71, 5046
1248761 61, 5026
1252831 75, 5148
1254646 61, 5066
1256405 61, 5191
1260875 73, 5136
1262523 70, 5155
1266205 78, 5137
1268594 77, 5012
1271013 67, 5134
1272296 63, 5040
1274553 72, 5108
1276380 74, 5187
1281970 60, 5105
1282697 67, 5019
1284230 70, 5059
1286220 78, 5024
1288615 67, 5072
1291413 67, 5059
1292749 69, 5146
1294331 76, 5006
1296456 67, 5173
1298544 73, 5180
1302465 63, 5118
1304560 77, 5143
1306657 76, 5063
1308440 76, 5033
1311891 60, 5173
1313093 66, 5153
1314348 75, 5055
1316371 73, 5077
1320650 76, 5140
1322480 74, 5127
1324395 68, 5020
1326618 65, 5163
1328341 77, 5179
1331032 63, 5111
1332202 60, 5003
1334477 70, 5176
1336222 75, 5170
1338599 65, 5158
1341417 68, 5015
1342471 67, 5030
1344455 61, 5147
1348137 63, 5047
1352460 60, 5050
1354438 73, 5081
1356496 69, 5016
1358582 61, 5034
1360611 65, 5169
1364121 75, 5124
1368447 68, 5155
1371722 77, 5099
1372753 67, 5176
1374354 74, 5033
1376478 64, 5153
1378613 76, 5171
1381567 63, 5021
1382341 79, 5027
1386174 63, 5102
1388421 79, 5082
1390974 65, 5059
1392207 70, 5045
1396539 67, 5173
1398241 70, 5154
1401558 63, 5170
1402490 67, 5108
1404607 71, 5158
1406603 60, 5056
1408389 74, 5101
1411091 62, 5125
1412338 65, 5063
1414426 68, 5044
1418376 69, 5086
1421436 79, 5033
1422525 64, 5162
1424362 71, 5111
1426191 73, 5188
1428463 69, 5062
1431771 73, 5069
1432836 75, 5053
1434443 77, 5054
1436497 72, 5133
1441339 64, 5135
1442346 73, 5143
1444463 79, 5022
1446487 64, 5038
1448632 77, 5059
1451334 64, 5165
1452448 61, 5111
1454216 65, 5177
1456301 71, 5142
1458390 75, 5041
1461888 64, 5055
1462758 70, 5064
1464519 73, 5103
1466420 63, 5042
1472771 75, 5185
1474419 67, 5127
1476356 79, 5155
1478659 60, 5096
1481313 73, 5190
1482663 72, 5133
1484558 79, 5098
1486543 61, 5083
1488231 64, 5011
1491169 66, 5007
1492452 79, 5071
1494529 71, 5163
1496332 61, 5057
1498590 79, 5173
1501337 74, 5119
1502397 77, 5176
1504492 72, 5161
1506536 68, 5127
1508338 73, 5133
1511698 76, 5137
1512529 78, 5057
1514483 79, 5064
1518324 65, 5025
1521504 71, 5003
1522728 68, 5110
1524533 64, 5041
1528285 65, 5143
1531255 70, 5132
1532383 65, 5088
1534378 62, 5031
1536284 71, 5166
1538633 76, 5116
1541278 77, 5022
1542272 64, 5147
1546656 63, 5181
1548453 62, 5102
1551430 67, 5168
1552811 63, 5043
1554548 71, 5046
1556262 73, 5151
1558386 74, 5102
1561259 73, 5116
1562202 65, 5156
1564373 65, 5012
1566326 75, 5124
1568393 67, 5018
1571435 62, 5103
1572303 64, 5195
1574341 60, 5088
1578212 77, 5110
1582448 78, 5192
1582887 63, 5144
1584634 70, 5067
1586282 63, 5069
1588161 75, 5044
1592592 77, 5041
1594496 67, 5063
1598167 69, 5141
1602358 64, 5131
1604488 61, 5017
1606389 70, 5064
1608502 67, 5128
1611333 72, 5193
1612807 78, 5013
1614387 63, 5165
1616649 72, 5111
1618410 75, 5062
1621327 66, 5103
1622640 77, 5061
1624431 77, 5176
1626582 61, 5014
1628439 71, 5029
1631109 66, 5168
1634547 69, 5029
1638340 70, 5170
1642715 70, 5121
1644265 68, 5180
1646535 65, 5015
1651374 77, 5030
1652446 68, 5175
1654534 68, 5183
1656479 69, 5161
1658368 75, 5090
1661292 73, 5005
1662366 76, 5174
1664275 67, 5128
1666354 68, 5116
1668386 63, 5141
1671762 72, 5054
1676210 61, 5042
1681250 65, 5015
1682484 66, 5091
1686361 68, 5079
1688452 73, 5127
1691339 75, 5102
1692452 78, 5134
1694575 60, 5014
1696575 74, 5011
1698262 63, 5003
1701591 76, 5072
1702764 72, 5065
1704475 73, 5033
1706312 70, 5092
1708432 76, 5122
1712197 68, 5050
1714560 73, 5012
1716292 70, 5008
1718490 60, 5001
1722315 78, 5062
1724167 67, 5169
1726536 66, 5197
1728135 77, 5074
1732788 64, 5020
1734296 75, 5161
1736267 76, 5039
1738380 65, 5164
1741378 70, 5074
1742325 76, 5175
1744566 65, 5051
1746330 64, 5134
1748553 68, 5000
1751498 64, 5194
1754629 65, 5162
1762761 75, 5008
1764568 79, 5065
1768457 79, 5172
1770946 76, 5057
1772229 62, 5028
1774137 76, 5115
1776212 74, 5072
1778422 75, 5199
1781613 79, 5168
1784270 63, 5198
1786183 74, 5078
1788242 72, 5109
1790659 60, 5076
1792729 66, 5103
1794351 73, 5119
1796453 71, 5097
1798209 74, 5019
