111925 4310
171244 4439
230834 4475
291306 4311
320958 4334
350512 4349
381587 4325
411020 4467
470935 4311
501394 4348
531052 4349
560715 4350
591640 4490
650714 4411
680737 4474
740881 4499
771007 4491
800686 4345
831122 4485
860795 4474
890692 4416
921395 4300
950957 4493
980985 4359
1011203 4426
1070540 4322
1100706 4433
1130517 4489
1160590 4363
1191562 4457
1220890 4357
1250938 4366
1280623 4309
1311059 4419
1340950 4480
1370624 4494
1400696 4341
1430970 4318
1490458 4383
1521083 4340
1550471 4434
1580558 4447
1610762 4455
1641027 4312
1670881 4335
1701020 4410
1731061 4360
1760905 4475
1790795 4348
