110745 4384
201566 4444
230719 4329
320749 4332
351081 4313
441042 4441
471221 4476
530850 4381
561039 4495
590794 4339
620785 4350
650970 4354
680538 4358
710930 4302
740749 4366
771020 4349
831103 4456
860920 4461
920463 4328
980687 4481
1011013 4431
1041013 4367
1070938 4369
1130605 4339
1160535 4363
1191016 4456
1220813 4495
1251140 4431
1280690 4400
1310609 4360
1340577 4333
1370900 4308
1400510 4410
1431262 4440
1461052 4351
1490857 4355
1520756 4381
1610426 4467
1670705 4424
1700831 4312
1730605 4467
1760703 4498
1790507 4495
