82109 78, 5039
84045 67, 5081
86130 76, 5065
88028 62, 5050
90146 60, 5067
92049 62, 5046
94028 72, 5036
96036 70, 5007
98063 71, 5055
100288 78, 5121
102064 71, 5041
104084 74, 5161
106036 67, 5097
108005 75, 5074
110251 73, 5179
112009 61, 5141
114168 64, 5169
116005 78, 5013
118051 75, 5014
120318 70, 5060
122033 71, 5193
124025 69, 5188
126025 64, 5054
128121 79, 5197
132047 71, 5062
136047 62, 5005
138025 72, 5061
140146 70, 5173
142143 76, 5083
144076 72, 5107
146050 71, 5042
148033 64, 5095
150423 60, 5146
152020 71, 5187
154144 76, 5159
156046 66, 5106
158121 65, 5174
160136 60, 5011
162103 73, 5199
164038 65, 5027
166105 70, 5145
168060 61, 5054
170240 67, 5081
172089 70, 5049
174082 77, 5019
176036 67, 5029
178160 77, 5167
180294 60, 5002
182005 76, 5062
184045 66, 5010
186132 75, 5117
188025 60, 5158
190119 60, 5104
192042 71, 5149
194138 79, 5159
196022 79, 5079
198092 66, 5017
200345 61, 5167
202061 76, 5158
204015 75, 5168
206065 74, 5179
208065 67, 5156
210110 67, 5061
212163 68, 5190
214022 71, 5021
216104 76, 5128
218120 69, 5102
220266 69, 5161
222039 67, 5048
224025 79, 5199
226039 60, 5046
228085 74, 5026
230295 71, 5179
232059 79, 5135
234038 68, 5030
236095 60, 5063
238005 72, 5102
240333 69, 5129
242022 74, 5018
244075 66, 5110
246002 71, 5136
248098 60, 5059
250100 65, 5086
252012 79, 5059
254092 71, 5043
256033 65, 5119
258154 69, 5103
260358 60, 5059
262015 63, 5149
264002 65, 5127
266022 76, 5072
268041 61, 5092
270174 60, 5010
272098 74, 5091
274036 79, 5032
276022 64, 5009
278039 75, 5149
282122 63, 5087
284005 64, 5181
286184 78, 5097
288141 77, 5008
290186 62, 5049
294031 70, 5160
296058 69, 5105
298099 72, 5136
300178 71, 5069
302022 73, 5098
304059 74, 5158
306219 64, 5174
308134 72, 5113
310167 73, 5057
312031 74, 5015
314033 68, 5040
316090 67, 5026
318036 67, 5046
320313 69, 5015
322005 70, 5126
324022 62, 5087
326033 79, 5160
328024 66, 5103
330177 60, 5035
332064 77, 5068
334154 79, 5062
336022 70, 5164
338015 63, 5071
340128 64, 5159
342066 72, 5048
344079 71, 5127
346002 66, 5180
348042 67, 5114
350155 73, 5189
352108 74, 5001
354075 64, 5081
356157 65, 5009
358047 70, 5117
362009 65, 5155
364036 67, 5135
366009 73, 5182
368002 61, 5077
370197 64, 5041
372009 79, 5151
374015 66, 5105
376028 69, 5056
378025 74, 5000
380184 61, 5190
382033 74, 5085
384045 71, 5165
386104 78, 5012
388195 76, 5018
390322 79, 5106
392051 72, 5138
394089 60, 5144
396047 74, 5114
398076 78, 5027
402028 73, 5197
404121 60, 5193
406129 60, 5140
408015 77, 5007
410382 79, 5137
412022 64, 5094
414063 71, 5134
416045 72, 5190
418005 69, 5005
420337 74, 5161
422132 61, 5038
426147 75, 5055
428056 74, 5069
430316 64, 5164
432092 63, 5127
434147 75, 5180
442002 71, 5052
444038 72, 5030
446091 63, 5176
448033 67, 5053
450120 65, 5171
452112 67, 5158
454018 63, 5061
456032 68, 5140
458050 64, 5165
460208 67, 5124
462028 77, 5103
464085 60, 5170
466110 72, 5016
468061 61, 5102
470388 63, 5030
472129 69, 5175
474137 78, 5050
476021 76, 5167
478067 69, 5035
480132 66, 5165
482071 70, 5128
484058 77, 5155
486034 67, 5049
488150 75, 5034
490257 62, 5168
492083 66, 5130
494147 64, 5010
496033 64, 5096
498062 62, 5012
502042 64, 5112
504052 68, 5141
506077 64, 5148
508036 72, 5136
510286 78, 5092
512067 78, 5196
514100 65, 5001
516147 74, 5177
518064 75, 5068
520118 74, 5192
522036 76, 5071
524039 71, 5115
526027 65, 5066
528119 78, 5090
532056 62, 5062
534031 65, 5122
536009 77, 5005
538047 60, 5083
540233 79, 5198
542074 65, 5100
544045 69, 5040
546127 75, 5141
548028 77, 5171
550228 64, 5155
552033 68, 5012
554138 62, 5015
556012 73, 5150
558033 64, 5141
560293 68, 5082
562140 72, 5014
564033 67, 5110
566122 70, 5006
568082 65, 5138
570180 70, 5178
572025 63, 5124
574109 76, 5042
576144 71, 5121
578036 73, 5003
580228 64, 5064
582085 65, 5048
584036 76, 5103
586005 65, 5076
588018 65, 5067
590204 79, 5011
592155 79, 5191
594036 62, 5163
596083 73, 5073
598054 67, 5099
600099 79, 5165
602015 68, 5120
604039 65, 5044
606050 69, 5019
608033 76, 5029
612056 74, 5131
614136 70, 5078
616037 65, 5094
618067 70, 5025
620153 73, 5049
622038 76, 5129
624012 60, 5104
626089 68, 5011
628075 79, 5059
630211 70, 5023
632162 70, 5070
634060 60, 5161
636121 71, 5136
638088 79, 5000
640292 73, 5080
642073 63, 5082
644022 62, 5176
646028 75, 5076
648095 77, 5131
650376 74, 5131
652036 63, 5157
654147 79, 5194
656018 67, 5003
658039 76, 5074
660129 60, 5086
662062 68, 5134
664002 79, 5099
666092 68, 5153
668083 75, 5169
670335 61, 5138
672168 73, 5138
674047 67, 5180
676162 79, 5080
678033 69, 5038
680316 70, 5013
682129 76, 5190
684086 70, 5078
686069 63, 5194
688033 70, 5063
692036 62, 5143
694198 64, 5103
696071 62, 5082
698107 60, 5166
700274 65, 5124
702015 71, 5196
704031 66, 5057
706076 70, 5048
708060 74, 5165
710186 65, 5081
712089 64, 5002
714077 67, 5123
716036 67, 5157
718170 74, 5121
720252 77, 5159
722005 76, 5125
724047 74, 5169
726070 74, 5152
732015 77, 5079
734092 79, 5121
736015 77, 5016
738012 69, 5056
740180 78, 5031
742033 78, 5125
744170 74, 5083
746088 78, 5086
748051 61, 5017
750162 61, 5020
752045 77, 5111
754080 75, 5168
756028 60, 5018
758005 69, 5193
760405 75, 5031
762030 71, 5116
764100 68, 5084
766005 79, 5014
768045 62, 5155
770376 78, 5142
776058 67, 5086
778062 74, 5029
780103 61, 5144
782005 66, 5148
784059 68, 5009
786112 66, 5157
788015 64, 5040
790256 68, 5162
792050 65, 5099
794076 71, 5060
796018 68, 5085
798002 70, 5196
800399 77, 5193
802039 63, 5154
804036 65, 5061
806249 65, 5182
808022 67, 5173
810165 78, 5176
812125 62, 5141
814080 62, 5101
816068 60, 5004
818047 77, 5061
820292 63, 5129
822030 79, 5098
824015 65, 5132
826092 67, 5018
828015 62, 5052
830271 63, 5011
832089 72, 5063
834031 67, 5191
836033 69, 5091
838075 69, 5165
840273 62, 5043
842070 68, 5196
844022 78, 5152
846036 72, 5039
848067 64, 5191
850273 66, 5041
852112 63, 5167
854065 78, 5184
856002 60, 5032
858064 77, 5170
862104 77, 5029
864045 73, 5047
866091 67, 5051
868058 66, 5030
870136 74, 5164
872025 78, 5138
874063 79, 5093
876140 78, 5046
878033 61, 5114
880212 77, 5171
882109 78, 5018
884118 74, 5063
886033 65, 5158
888171 67, 5153
890411 64, 5194
892005 67, 5097
894082 72, 5104
896148 74, 5144
898036 64, 5047
900230 71, 5185
902025 74, 5074
904138 72, 5001
906024 72, 5154
908150 75, 5140
910271 65, 5008
912059 78, 5086
914145 78, 5083
916122 74, 5082
918039 65, 5142
920340 72, 5172
922028 74, 5014
924048 73, 5171
926062 75, 5158
928131 68, 5197
930129 75, 5043
932087 71, 5022
934102 73, 5117
936100 67, 5081
940316 60, 5156
942089 64, 5119
944075 62, 5136
946015 61, 5152
948073 66, 5141
950286 65, 5090
952009 73, 5031
954128 70, 5046
956070 61, 5031
958012 69, 5021
960222 74, 5140
962036 66, 5114
964078 64, 5102
966028 61, 5184
968072 77, 5144
970164 62, 5128
972065 77, 5151
974025 75, 5051
976002 65, 5039
978031 64, 5155
980457 76, 5068
982033 64, 5178
984045 68, 5126
986078 60, 5162
988058 66, 5113
990201 71, 5160
992170 73, 5131
994062 66, 5157
996031 77, 5069
998033 79, 5053
1000195 66, 5165
1002078 62, 5180
1004048 67, 5008
1006047 64, 5114
1008084 66, 5022
1012148 77, 5045
1016069 67, 5028
1018150 68, 5158
1020218 64, 5191
1022128 66, 5164
1024025 68, 5082
1026036 76, 5052
1028039 63, 5050
1032047 67, 5081
1034042 79, 5000
1038036 71, 5159
1040259 68, 5163
1042173 71, 5148
1046056 77, 5023
1048126 77, 5190
1050207 64, 5037
1052033 79, 5106
1054028 75, 5084
1058036 68, 5159
1060302 60, 5126
1062009 77, 5112
1064047 62, 5036
1066063 62, 5135
1068100 69, 5029
1070426 69, 5083
1072095 73, 5080
1074153 75, 5116
1076047 68, 5082
1078053 77, 5143
1080303 63, 5014
1082096 63, 5156
1084158 61, 5148
1086174 78, 5160
1088039 69, 5057
1090253 64, 5178
1092033 69, 5014
1094085 74, 5141
1096102 72, 5154
1098059 67, 5002
1100114 63, 5150
1102049 64, 5141
1104087 74, 5157
1106073 66, 5068
1108044 67, 5101
1110186 77, 5039
1112002 60, 5118
1114214 77, 5070
1118188 72, 5021
1120243 72, 5032
1122081 69, 5091
1124056 74, 5139
1126025 77, 5095
1128005 65, 5187
1130323 77, 5019
1132092 71, 5021
1134027 76, 5171
1136129 67, 5010
1138086 61, 5075
1140111 62, 5015
1142096 70, 5029
1144064 77, 5137
1146005 74, 5003
1148096 73, 5151
1150306 75, 5087
1152163 76, 5133
1154101 65, 5081
1156031 71, 5081
1158109 77, 5124
1160249 63, 5121
1162047 61, 5175
1164033 79, 5131
1166033 67, 5130
1168015 73, 5077
1170129 60, 5171
1172069 62, 5116
1174005 75, 5065
1176058 61, 5053
1178033 79, 5061
1180244 60, 5090
1182058 60, 5140
1184073 64, 5162
1186058 68, 5070
1188044 73, 5092
1190203 78, 5041
1192176 79, 5117
1194042 72, 5050
1196080 77, 5133
1198002 78, 5177
1200325 64, 5026
1202009 67, 5139
1204084 73, 5108
1206030 64, 5093
1208058 62, 5063
1210185 62, 5180
1212095 78, 5131
1214059 73, 5081
1216042 76, 5072
1218189 77, 5195
1220323 67, 5167
1222069 71, 5157
1224012 76, 5043
1226002 61, 5088
1228097 72, 5157
1230178 73, 5175
1232119 67, 5176
1234009 64, 5056
1236253 78, 5092
1238144 63, 5019
1242022 79, 5070
1244002 75, 5024
1246065 62, 5095
1248012 73, 5070
1250127 73, 5039
1252125 60, 5088
1254042 69, 5053
1256115 77, 5061
1258090 60, 5145
1260255 67, 5173
1262095 66, 5109
1264022 63, 5057
1266107 65, 5067
1268031 64, 5103
1270172 79, 5196
1272158 62, 5093
1276030 65, 5129
1278107 74, 5119
1280256 73, 5082
1284129 69, 5096
1286053 77, 5137
1288071 70, 5029
1290300 79, 5061
1292033 74, 5182
1294031 64, 5088
1296045 63, 5143
1298097 79, 5160
1300231 70, 5090
1302028 75, 5127
1304012 67, 5054
1306005 77, 5014
1308131 70, 5152
1310295 76, 5036
1312033 65, 5142
1314109 67, 5162
1316031 62, 5142
1318031 67, 5015
1320130 61, 5073
1322092 73, 5048
1324009 62, 5093
1326015 72, 5111
1328036 71, 5185
1330213 78, 5075
1332009 73, 5120
1334024 73, 5058
1336141 71, 5046
1338125 69, 5101
1340316 66, 5148
1342025 68, 5095
1344138 62, 5017
1346058 74, 5164
1348028 79, 5069
1350120 74, 5130
1352080 66, 5193
1354195 71, 5123
1356018 78, 5115
1358227 71, 5011
1360195 63, 5047
1362048 77, 5188
1364042 77, 5059
1366048 67, 5198
1368030 77, 5097
1370284 78, 5161
1372080 76, 5088
1374147 60, 5194
1376022 63, 5133
1378005 65, 5118
1380120 61, 5088
1382095 70, 5072
1384166 75, 5114
1386030 60, 5044
1388018 77, 5155
1390110 72, 5141
1392028 72, 5168
1394065 66, 5112
1396012 72, 5013
1398015 64, 5199
1400446 66, 5187
1402005 64, 5099
1406036 62, 5124
1408005 64, 5103
1410237 72, 5145
1412033 63, 5088
1414033 79, 5040
1416033 69, 5071
1418015 60, 5086
1420118 71, 5054
1422115 60, 5060
1424036 71, 5002
1426106 63, 5034
1428125 66, 5079
1430166 79, 5014
1432059 74, 5146
1434025 78, 5185
1436061 69, 5174
1438041 70, 5114
1440238 77, 5195
1442070 72, 5182
1444002 71, 5044
1446217 72, 5127
1448098 77, 5050
1452033 66, 5185
1454077 71, 5083
1458092 63, 5046
1460249 65, 5031
1462122 78, 5164
1464028 76, 5166
1466031 63, 5014
1468047 72, 5064
1470273 68, 5081
1472054 68, 5130
1474036 78, 5094
1476002 71, 5137
1478005 62, 5147
1480188 79, 5190
1482015 72, 5017
1484141 69, 5093
1486048 63, 5075
1488131 64, 5147
1494002 77, 5198
1496092 60, 5013
1498115 75, 5043
1500152 66, 5077
1502053 70, 5131
1506033 64, 5026
1508082 77, 5192
1510136 60, 5022
1512143 60, 5145
1514022 72, 5033
1516047 73, 5020
1518045 72, 5006
1520278 73, 5131
1522199 62, 5042
1524067 71, 5159
1526028 70, 5067
1528080 63, 5195
1530261 60, 5110
1532025 79, 5037
1534036 73, 5177
1536151 73, 5088
1538087 77, 5034
1540189 64, 5196
1542026 75, 5062
1544002 68, 5052
1546070 64, 5143
1548130 64, 5052
1550419 67, 5179
1552033 75, 5111
1554120 72, 5001
1556061 63, 5047
1558089 68, 5178
1562140 67, 5027
1564189 62, 5114
1566030 72, 5185
1568031 69, 5094
1570140 79, 5017
1574096 75, 5036
1576075 61, 5134
1578182 72, 5016
1580181 62, 5075
1582092 73, 5084
1584048 62, 5122
1586025 63, 5127
1588121 79, 5156
1590273 68, 5174
1592156 79, 5131
1594073 73, 5044
1596052 78, 5104
1598036 64, 5171
1600146 68, 5054
1602074 76, 5061
1604028 76, 5174
1606036 68, 5160
1608028 69, 5020
1610353 61, 5027
1612036 67, 5092
1614002 68, 5192
1616061 62, 5021
1618037 69, 5021
1620302 69, 5111
1622227 76, 5113
1624073 70, 5132
1626078 68, 5185
1628015 68, 5187
1630164 60, 5069
1632022 77, 5084
1634002 75, 5013
1636081 60, 5092
1638114 61, 5168
1640410 77, 5112
1642025 61, 5125
1644028 65, 5083
1646081 72, 5038
1648087 64, 5146
1650197 68, 5079
1652045 66, 5150
1654097 77, 5199
1656126 74, 5014
1658033 69, 5179
1662118 68, 5104
1664031 71, 5175
1666108 76, 5094
1668062 64, 5048
1670363 61, 5021
1674033 78, 5106
1676009 69, 5190
1678056 66, 5060
1680138 71, 5048
1682084 75, 5036
1684027 74, 5169
1686114 69, 5042
1688050 77, 5050
1690205 79, 5148
1692073 65, 5193
1694050 79, 5195
1696009 78, 5174
1698119 66, 5071
1700340 60, 5018
1702119 70, 5095
1704040 67, 5102
1706031 78, 5039
1708005 73, 5006
1710364 77, 5153
1712012 78, 5037
1716031 75, 5190
1718137 60, 5113
1720137 70, 5061
1722015 77, 5045
1724018 60, 5090
1726002 62, 5181
1728033 66, 5128
1730342 76, 5062
1732081 62, 5124
1734064 62, 5150
1736110 65, 5047
1738005 64, 5102
1740141 68, 5050
1742127 79, 5140
1744081 70, 5141
1746039 67, 5063
1748033 60, 5173
1750168 61, 5165
1752062 72, 5114
1754067 67, 5026
1756065 64, 5029
1758025 77, 5025
1760331 67, 5171
1762039 73, 5084
1764025 65, 5050
1766112 60, 5187
1768136 61, 5017
1770165 70, 5174
1772135 69, 5179
1774084 66, 5034
1776106 68, 5066
1778167 61, 5016
1782050 62, 5135
1784036 65, 5075
1786101 77, 5050
1788018 63, 5140
1790273 75, 5086
1792176 70, 5184
1794169 69, 5052
1796044 72, 5015
1798041 66, 5080
