90803,2016
120821,1945
131066,1966
140832,1959
150838,2056
160832,2073
171089,1984
180645,1946
190917,1949
201373,1957
210889,1900
220936,1994
230935,2059
240890,2028
250700,2056
260680,1902
270848,1926
280867,1932
290818,2063
300823,2019
310629,1970
320958,1901
330801,2080
340772,1997
350861,2087
360912,1918
371004,1903
381041,2096
390674,2071
400648,2084
410791,2023
420884,1947
430845,1985
440824,1977
450887,1980
460710,1933
480944,2004
490939,2033
500876,2033
511225,1905
520946,1991
540938,2060
551001,2082
561021,1998
570912,1910
580879,2005
600757,1913
610967,1942
621012,2000
630849,2058
641062,2031
650961,2025
660646,2088
670873,2033
680606,2028
690868,2030
700706,1988
710753,1902
720717,1915
730845,1932
740688,1940
751092,1909
760881,1908
770792,2029
780648,2057
791161,2038
800990,2060
810803,2047
820818,2073
830851,2078
841036,1997
850674,2084
861008,1959
880773,1953
890781,2063
900630,1996
910771,2003
920823,2040
930771,2080
941031,1973
950703,1958
960915,1986
970781,1940
981036,2061
990839,1995
1000927,2073
1010862,1979
1020798,1963
1030769,1972
1040790,2023
1050817,1948
1060905,2034
1070840,2006
1080960,1990
1090840,2015
1101038,1953
1110842,2097
1120684,1926
1130892,1909
1140745,2054
1150752,2069
1160871,2095
1170743,1977
1180948,2087
1190710,1900
90803,2016
