82557,5071,74
84580,5002,62
86530,5197,79
88585,5160,74
90552,5107,71
92548,5172,74
94544,5051,61
96595,5030,66
98509,5013,71
100532,5083,76
102505,5180,75
104545,5148,73
106533,5147,78
108534,5162,78
110516,5093,72
112551,5189,69
114515,5186,76
116528,5169,78
118530,5090,66
120515,5068,79
122603,5100,70
124525,5165,67
126505,5107,66
130572,5131,63
132538,5172,79
134580,5051,79
136502,5199,75
138533,5194,70
140541,5182,74
142595,5041,69
144635,5198,69
146518,5105,63
148515,5045,74
150509,5025,69
152518,5131,77
154550,5004,70
156683,5023,75
158538,5008,64
160826,5000,72
162544,5083,62
164535,5166,77
166531,5048,75
168536,5113,67
170609,5037,71
172696,5184,72
174536,5050,61
176518,5164,71
178530,5114,67
180628,5055,64
182540,5069,71
184550,5067,69
186564,5059,70
188515,5129,79
190575,5139,78
192598,5126,70
194581,5007,79
196560,5025,69
198531,5050,78
200555,5095,61
202530,5144,74
204558,5144,65
206605,5102,60
208528,5145,62
210519,5015,70
212547,5034,74
214638,5160,79
216533,5017,61
218533,5146,60
220541,5014,65
224502,5128,73
226583,5010,69
228533,5133,66
230565,5178,64
232577,5086,62
234525,5150,63
236637,5055,72
238541,5099,78
240563,5147,64
242580,5006,68
244585,5088,68
246541,5034,66
248616,5155,69
250686,5110,75
252525,5144,64
254536,5000,79
256515,5121,70
258550,5001,73
260653,5110,78
262558,5002,78
264525,5030,76
266522,5139,75
268502,5130,76
270538,5025,75
272538,5154,68
274556,5058,60
276599,5099,62
278536,5181,76
280563,5118,67
282528,5018,79
284528,5046,75
286564,5079,71
288515,5092,65
290524,5160,69
292512,5184,62
294502,5012,70
296534,5024,61
298525,5161,66
302531,5036,61
304568,5072,77
306542,5135,77
308566,5101,62
310575,5152,69
312542,5185,71
314502,5134,75
316525,5177,64
318544,5194,73
320641,5132,64
322560,5036,75
324525,5074,70
326592,5126,70
328531,5076,67
330541,5044,65
332541,5003,73
334551,5038,71
336561,5057,77
338578,5030,67
340603,5106,76
342574,5149,68
344515,5096,79
346586,5093,77
348512,5125,69
350524,5074,62
352555,5101,77
354631,5124,68
356530,5052,66
358525,5079,79
360541,5027,70
362569,5175,70
364538,5002,66
366624,5025,64
368529,5188,63
370509,5107,66
372615,5118,62
374530,5196,73
376556,5102,70
378582,5070,69
380558,5080,69
382502,5083,66
384528,5044,64
386530,5186,70
388518,5176,73
390620,5167,70
392544,5164,73
394551,5085,68
396561,5082,75
398502,5090,60
400599,5052,66
402616,5072,67
404609,5158,64
406538,5071,71
408570,5105,79
410583,5103,64
412537,5071,64
414618,5002,73
416539,5127,79
418525,5079,63
420506,5095,74
422586,5093,71
424528,5180,77
426676,5092,75
428539,5123,72
430590,5044,71
432544,5049,64
434531,5067,60
436576,5125,71
438502,5108,73
440534,5108,74
442538,5168,64
444530,5059,73
446505,5031,79
448599,5124,67
450525,5042,63
452528,5010,64
454582,5051,62
456525,5186,64
458631,5106,60
460768,5053,77
462547,5175,69
464542,5059,72
466577,5085,79
468525,5119,65
470545,5163,79
472505,5162,67
474572,5005,60
476541,5118,70
478541,5025,65
480512,5036,66
482654,5155,75
484528,5133,73
486505,5159,67
488567,5073,72
490563,5016,74
492522,5152,63
494533,5132,65
496528,5160,71
498538,5196,66
500615,5074,72
502512,5189,64
504518,5076,71
506562,5030,65
508528,5168,62
510525,5199,69
512509,5012,64
514533,5093,61
516525,5084,68
518530,5177,70
520629,5138,61
522606,5096,69
524531,5149,70
526518,5020,75
528599,5075,62
530509,5106,77
532533,5173,68
534525,5058,68
536525,5176,76
538525,5103,77
540559,5057,62
542505,5148,64
544522,5168,71
546525,5087,68
548568,5086,74
550575,5060,62
552540,5136,64
554628,5198,70
556525,5067,77
558622,5163,60
560647,5036,63
562564,5088,64
564578,5094,65
566540,5082,64
568525,5183,71
570606,5118,66
572530,5104,72
574541,5136,79
576584,5077,65
578533,5005,71
580580,5151,64
582515,5028,69
584527,5109,72
586533,5106,72
588525,5098,61
590551,5042,63
592614,5085,75
594528,5172,68
596585,5052,68
598522,5044,66
600569,5119,79
602537,5048,66
604522,5167,60
606541,5061,61
608528,5083,67
610509,5147,69
612528,5165,64
614550,5097,74
616561,5089,74
618541,5180,61
620548,5111,74
622518,5193,72
624509,5094,66
626527,5175,79
628572,5151,61
630725,5065,62
632527,5155,60
634533,5086,60
636583,5124,62
638579,5131,71
640645,5137,78
642590,5149,67
644525,5101,66
646509,5095,70
648584,5145,62
650519,5166,74
652522,5113,68
654530,5064,61
656577,5183,67
658522,5157,74
660522,5076,79
662561,5015,69
664563,5190,66
666505,5080,62
668570,5158,73
670648,5116,74
672518,5015,76
674658,5124,67
676561,5193,77
678525,5106,60
680545,5046,77
682566,5123,63
684644,5106,61
686685,5098,77
688512,5032,60
690557,5125,66
692639,5151,66
694562,5198,72
696525,5088,66
698515,5191,69
700503,5023,73
702528,5050,71
704628,5102,60
706554,5047,74
708573,5090,64
710545,5144,75
712553,5023,76
714647,5189,77
716525,5089,77
718698,5121,77
720628,5048,71
722564,5010,77
724609,5076,65
726522,5134,60
728533,5164,72
730515,5036,60
732518,5044,60
734525,5161,72
736599,5034,68
738533,5118,79
740563,5115,69
742557,5073,66
744531,5021,71
746553,5036,75
750578,5004,66
752525,5130,60
754525,5104,68
756518,5197,64
758522,5122,63
760522,5070,64
762530,5133,77
764531,5133,62
766569,5033,76
768525,5022,71
770516,5106,77
772505,5141,62
774591,5013,70
776669,5074,61
778575,5023,77
780575,5037,71
782531,5062,65
784525,5115,71
786533,5122,71
788545,5062,63
790506,5041,73
792631,5150,63
794525,5046,75
796634,5022,66
798550,5161,76
800580,5026,67
802509,5188,63
804635,5136,75
806545,5083,67
808574,5086,75
810657,5196,66
812505,5078,76
814586,5136,64
816525,5045,66
818530,5063,65
820534,5183,77
822568,5142,70
824509,5073,65
826525,5158,70
828528,5062,78
830506,5113,72
832512,5031,66
834561,5163,70
836530,5104,64
838599,5193,76
840625,5154,73
842527,5180,69
844525,5124,61
848593,5158,70
850593,5060,63
852512,5046,77
854576,5066,75
856515,5199,72
858569,5035,75
862541,5050,65
864528,5099,72
866512,5107,65
868632,5199,76
870560,5178,71
872505,5083,78
874527,5052,61
876533,5056,62
878530,5112,75
880566,5084,76
882564,5170,71
884573,5188,68
886555,5030,72
888522,5198,64
890540,5008,78
892528,5160,63
894525,5083,64
896525,5109,65
898570,5064,69
900570,5077,74
902567,5195,72
904574,5131,74
906622,5154,70
908550,5050,67
910614,5068,60
912544,5034,71
914525,5145,74
916612,5052,67
918577,5103,79
920503,5138,78
922557,5153,69
924578,5047,69
926528,5081,67
928562,5169,64
930503,5186,73
932518,5075,75
934594,5067,76
936575,5197,73
938572,5097,70
940626,5137,68
942525,5043,67
944533,5156,64
946536,5060,77
948528,5016,61
950561,5121,66
952644,5165,62
954525,5023,77
956525,5011,76
958629,5189,65
960559,5024,73
962525,5189,60
964515,5146,73
966556,5099,72
968515,5123,67
970635,5085,62
972518,5124,71
974518,5073,79
976527,5190,61
978615,5165,71
980615,5063,72
982547,5185,74
984539,5127,66
986525,5162,63
988522,5184,79
990610,5023,63
992550,5032,72
994612,5141,75
996628,5007,68
998574,5138,77
1000603,5012,78
1002612,5179,63
1004525,5130,69
1006576,5021,71
1008566,5015,78
1010526,5155,60
1012587,5172,60
1014525,5000,60
1016534,5019,65
1018580,5185,74
1020591,5054,79
1022522,5115,63
1024546,5125,63
1026613,5037,66
1028591,5092,74
1030547,5154,61
1032512,5018,75
1034525,5052,69
1036561,5008,71
1038522,5047,68
1040503,5062,78
1042578,5164,70
1044584,5047,60
1046525,5064,77
1048534,5086,78
1050606,5179,60
1052525,5133,76
1054572,5115,70
1056515,5149,69
1058522,5003,76
1060621,5164,73
1062505,5038,77
1064539,5183,60
1066586,5159,78
1068568,5035,60
1070648,5072,69
1072522,5161,60
1074533,5030,60
1076528,5092,79
1078502,5167,76
1080566,5035,76
1082502,5152,72
1084560,5044,66
1086512,5008,72
1088562,5133,64
1090525,5161,62
1092583,5077,68
1094528,5195,70
1096505,5169,72
1098557,5149,69
1100638,5145,61
1102566,5181,72
1104515,5075,60
1106515,5030,63
1108536,5026,74
1110512,5001,75
1112535,5163,63
1114522,5089,72
1116539,5151,70
1118651,5035,70
1120566,5130,71
1122580,5165,68
1124525,5137,72
1126586,5145,73
1128525,5145,63
1130526,5037,77
1132550,5080,74
1134560,5168,64
1136555,5025,70
1138646,5167,78
1140515,5032,77
1142578,5168,75
1144547,5029,60
1146583,5082,72
1148547,5029,63
1150572,5173,72
1152534,5057,64
1154555,5197,76
1156545,5193,74
1158572,5111,68
1160529,5108,71
1162603,5034,69
1164606,5061,68
1166609,5163,67
1168586,5142,61
1170657,5163,73
1172527,5042,64
1174528,5009,76
1176531,5007,73
1178556,5073,76
1180547,5194,72
1182502,5014,78
1184548,5090,65
1186528,5042,66
1188536,5177,76
1190543,5000,77
1192561,5109,60
1194583,5081,60
1196525,5057,73
1198505,5040,62
82557,5071,74
84580,5002,62
86530,5197,79
88585,5160,74
90552,5107,71
