85505,3762
90572,3733
95588,3716
100503,3866
105683,3871
110545,3727
115599,3845
120522,3765
125618,3774
130596,3798
135614,3700
140503,3756
145676,3881
150566,3830
155604,3883
160673,3787
165595,3813
170524,3801
175586,3877
185564,3798
190582,3779
195595,3828
205549,3776
210553,3739
215605,3849
220519,3861
225631,3788
230577,3723
235502,3837
240591,3764
245556,3740
250577,3818
255608,3862
265592,3807
270503,3897
275589,3865
280503,3806
285560,3863
290557,3857
295612,3790
300518,3863
305676,3714
310566,3784
315515,3781
320535,3876
325502,3803
330593,3708
335570,3785
340575,3762
345622,3755
350539,3853
355544,3757
360665,3714
365627,3820
370598,3733
375565,3819
380647,3727
385611,3843
390515,3792
395600,3765
400596,3762
405559,3756
410586,3723
415607,3841
420531,3863
425579,3704
430506,3845
435585,3722
445568,3831
450559,3786
455595,3748
460512,3766
465603,3707
470644,3771
475595,3768
480538,3783
485608,3883
490567,3826
495508,3895
500583,3792
505576,3821
510609,3723
515627,3734
520515,3826
525562,3795
530551,3856
535611,3743
540538,3803
545602,3725
550731,3774
555566,3713
565592,3711
570525,3800
575570,3710
580519,3743
585630,3732
590548,3703
595621,3762
600534,3701
605640,3702
610680,3795
615518,3829
620641,3738
625576,3870
630538,3787
635621,3702
640512,3827
645502,3798
650529,3790
655586,3774
660544,3820
665586,3749
670574,3720
675618,3860
680510,3750
685576,3784
690519,3882
695541,3771
700575,3709
705505,3850
710531,3725
715591,3799
720583,3833
725584,3727
730544,3819
735587,3750
740593,3764
745591,3821
750525,3871
755563,3878
760534,3893
765512,3859
770548,3761
775592,3728
780515,3834
785598,3741
790516,3751
795598,3881
800577,3814
805590,3872
810564,3739
815666,3741
820616,3756
825576,3822
830552,3852
835586,3721
840506,3741
845592,3765
850613,3722
855579,3793
860516,3816
865600,3763
870541,3850
875608,3809
880564,3712
885582,3896
890503,3882
895560,3898
900625,3722
905621,3745
910588,3725
915602,3711
920550,3711
925581,3802
930541,3831
935596,3791
940509,3842
945592,3823
950520,3822
955590,3894
960590,3862
965653,3838
970585,3718
975608,3807
985594,3773
990528,3770
995602,3793
1000566,3743
1005572,3786
1010561,3728
1015573,3720
1020525,3881
1025585,3815
1030606,3894
1035551,3792
1040577,3819
1045582,3703
1050590,3894
1055508,3855
1060623,3834
1065596,3794
1070570,3885
1075563,3746
1080575,3856
1085614,3740
1090572,3722
1095528,3831
1100618,3751
1105590,3732
1110506,3729
1115594,3797
1120599,3848
1125605,3889
1130663,3707
1135571,3702
1140596,3823
1145571,3889
1150581,3785
1155627,3844
1160541,3858
1165567,3839
1170563,3703
1175587,3743
1180567,3829
1185600,3791
1190509,3863
1195614,3706
