90978,2016
110953,1919
120894,1945
130844,1966
140718,1959
150658,2056
160730,2073
170741,1984
180859,1946
191137,1949
200652,1957
210828,1900
220695,1994
230871,2059
241174,2028
250767,2056
260949,1902
270670,1926
280629,1932
290795,2063
300688,2019
320619,1901
330699,2080
340743,1997
350763,2087
360925,1918
370717,1903
380723,2096
400783,2084
410726,2023
420740,1947
430864,1985
440901,1977
450894,1980
460652,1933
470778,1976
480703,2004
490752,2033
500722,2033
510886,1905
520704,1991
540591,2060
550673,2082
560816,1998
570831,1910
580849,2005
590621,1985
600709,1913
610852,1942
620808,2000
630714,2058
640749,2031
650917,2025
660670,2088
670940,2033
690708,2030
700905,1988
710806,1902
720602,1915
730710,1932
740654,1940
750661,1909
760898,1908
770761,2029
780699,2057
790830,2038
800771,2060
810730,2047
820698,2073
830868,2078
840680,1997
850671,2084
870904,1913
880787,1953
890866,2063
900629,1996
910830,2003
920842,2040
930655,2080
940726,1973
950734,1958
960600,1986
970780,1940
980773,2061
990811,1995
1000874,2073
1010707,1979
1020859,1963
1030763,1972
1040643,2023
1050607,1948
1060740,2034
1070760,2006
1080737,1990
1090869,2015
1100632,1953
1110816,2097
1120695,1926
1140798,2054
1150701,2069
1170665,1977
1180904,2087
