85708,3762
90816,3733
95861,3716
100821,3866
110822,3727
115710,3845
121014,3765
125759,3774
130848,3798
135740,3700
140687,3756
145669,3881
150644,3830
155820,3883
160862,3787
165952,3813
170727,3801
175671,3877
180745,3770
185687,3798
190863,3779
195721,3828
200961,3835
205896,3776
210670,3739
215798,3849
220642,3861
225759,3788
230863,3723
235640,3837
240877,3764
245868,3740
250669,3818
255765,3862
260942,3832
265829,3807
270836,3897
275921,3865
280711,3806
285813,3863
290809,3857
295865,3790
300800,3863
310690,3784
315607,3781
320763,3876
325528,3803
330607,3708
335644,3785
341128,3762
345794,3755
350687,3853
355749,3757
360955,3714
365630,3820
370787,3733
375697,3819
385628,3843
390641,3792
395794,3765
400859,3762
405642,3756
410666,3723
415785,3841
420761,3863
425675,3704
430701,3845
435792,3722
440693,3855
445756,3831
450625,3786
455648,3748
460785,3766
465864,3707
470801,3771
475689,3768
480836,3783
485669,3883
490867,3826
495798,3895
505801,3821
510726,3723
515733,3734
520749,3826
525736,3795
530598,3856
535881,3743
540753,3803
545599,3725
550753,3774
555656,3713
565695,3711
570715,3800
575883,3710
580715,3743
585779,3732
590789,3703
595730,3762
600755,3701
605746,3702
610911,3795
615792,3829
620882,3738
625698,3870
630800,3787
635712,3702
640772,3827
645813,3798
650801,3790
655708,3774
660751,3820
665682,3749
670867,3720
675910,3860
680742,3750
685833,3784
690619,3882
695808,3771
700862,3709
705661,3850
710798,3725
715949,3799
720821,3833
725798,3727
730832,3819
735788,3750
740972,3764
745766,3821
750644,3871
755698,3878
760858,3893
765605,3859
771003,3761
775711,3728
780821,3834
785791,3741
790594,3751
795811,3881
800845,3814
805803,3872
810704,3739
815692,3741
820896,3756
825730,3822
830854,3852
835689,3721
840845,3741
845750,3765
850760,3722
855708,3793
865758,3763
871037,3850
875670,3809
880734,3712
885636,3896
890775,3882
895686,3898
900792,3722
905682,3745
910686,3725
915653,3711
920918,3711
925679,3802
930760,3831
935570,3791
940702,3842
945730,3823
950873,3822
955747,3894
960796,3862
965756,3838
970751,3718
975701,3807
980866,3801
985785,3773
990727,3770
995829,3793
1000735,3743
1005750,3786
1010670,3728
1016055,3720
1020753,3881
1025888,3815
1030805,3894
1035924,3792
1040686,3819
1045727,3703
1050747,3894
1055820,3855
1060790,3834
1065743,3794
1070703,3885
1075689,3746
1080776,3856
1085547,3740
1090845,3722
1095740,3831
1100796,3751
1105775,3732
1110783,3729
1115713,3797
1120839,3848
1125647,3889
1130687,3707
1135900,3702
1140835,3823
1145750,3889
1150830,3785
1155791,3844
1160791,3858
1165595,3839
1170861,3703
1175673,3743
1180934,3829
1185682,3791
1190785,3863
1195634,3706
