85635,3762
90733,3733
100703,3866
106107,3871
110939,3727
115963,3845
120853,3765
125724,3774
130797,3798
135618,3700
140769,3756
145765,3881
150816,3830
155903,3883
160720,3787
165856,3813
170854,3801
176067,3877
180862,3770
185770,3798
190707,3779
195849,3828
200927,3835
205832,3776
210600,3739
215833,3849
220785,3861
225612,3788
230565,3723
235676,3837
240940,3764
246048,3740
250797,3818
255936,3862
260928,3832
265656,3807
270874,3897
275719,3865
280817,3806
285935,3863
290722,3857
295705,3790
300856,3863
310739,3784
315781,3781
320752,3876
325550,3803
330802,3708
335679,3785
341117,3762
345723,3755
350679,3853
355759,3757
360823,3714
365633,3820
370664,3733
375662,3819
380759,3727
385705,3843
390760,3792
395945,3765
400703,3762
415576,3841
420723,3863
425634,3704
430818,3845
435754,3722
440798,3855
445625,3831
450748,3786
455655,3748
460663,3766
465700,3707
470659,3771
475814,3768
480766,3783
485745,3883
490811,3826
495904,3895
500718,3792
505785,3821
510663,3723
515669,3734
520776,3826
525723,3795
530782,3856
535685,3743
540826,3803
545781,3725
550660,3774
555765,3713
560915,3749
565794,3711
570881,3800
576040,3710
580953,3743
585859,3732
595554,3762
605721,3702
610768,3795
615619,3829
620703,3738
625727,3870
630777,3787
635676,3702
640885,3827
645562,3798
650701,3790
655631,3774
660778,3820
665826,3749
671032,3720
675926,3860
680716,3750
685718,3784
690643,3882
695686,3771
700789,3709
705684,3850
710910,3725
715978,3799
720838,3833
725760,3727
730667,3819
735653,3750
740928,3764
745778,3821
750684,3871
755634,3878
760901,3893
765787,3859
770774,3761
775862,3728
780725,3834
785634,3741
790571,3751
795833,3881
800693,3814
805652,3872
810664,3739
815618,3741
825692,3822
830831,3852
835592,3721
840775,3741
845913,3765
850661,3722
855923,3793
860659,3816
865636,3763
870809,3850
875744,3809
880889,3712
885642,3896
890741,3882
895541,3898
900725,3722
905528,3745
910770,3725
915704,3711
920846,3711
925730,3802
930840,3831
935537,3791
940777,3842
945794,3823
950721,3822
955875,3894
960820,3862
965631,3838
970677,3718
975666,3807
985833,3773
990767,3770
995599,3793
1000787,3743
1005689,3786
1010844,3728
1015939,3720
1020809,3881
1025811,3815
1030631,3894
1035886,3792
1040709,3819
1045775,3703
1050685,3894
1055768,3855
1060633,3834
1065711,3794
1070726,3885
1075743,3746
1080677,3856
1085729,3740
1095775,3831
1100833,3751
1105720,3732
1110716,3729
1115764,3797
1120775,3848
1125701,3889
1130748,3707
1136022,3702
1140788,3823
1145712,3889
1150744,3785
1155746,3844
1160801,3858
1165653,3839
1170807,3703
1175573,3743
1180924,3829
1185704,3791
1190846,3863
1195576,3706
