100858,1999
121686,1945
131174,1966
140948,1959
151249,2056
160882,2073
181441,1946
190774,1949
211265,1900
220713,1994
231134,2059
240791,2028
250653,2056
271007,1926
280716,1932
301033,2019
311340,1970
330869,2080
341425,1997
350804,2087
361227,1918
371024,1903
380862,2096
391070,2071
400791,2084
431006,1985
440904,1977
451020,1980
460927,1933
481225,2004
491450,2033
501019,2033
510990,1905
520771,1991
530589,2011
561140,1998
570809,1910
580787,2005
590828,1985
601003,1913
611250,1942
620980,2000
631188,2058
640636,2031
651185,2025
660987,2088
671045,2033
680744,2028
690796,2030
700897,1988
720911,1915
731183,1932
750923,1909
761166,1908
780925,2057
791040,2038
810976,2047
820988,2073
830739,2078
840942,1997
851037,2084
860723,1959
870931,1913
880919,1953
890777,2063
901142,1996
910890,2003
930945,2080
941256,1973
960993,1986
971002,1940
980832,2061
991321,1995
1000931,2073
1011259,1979
1020761,1963
1031047,1972
1040826,2023
1051305,1948
1061145,2034
1080954,1990
1091099,2015
1100983,1953
1110878,2097
1121168,1926
1130979,1909
1140775,2054
1150828,2069
1161112,2095
1171072,1977
1181142,2087
1190977,1900
90683,2016
100640,1999
110729,1919
120878,1945
130791,1966
150664,2056
160901,2073
180839,1946
190568,1949
200811,1957
210861,1900
220909,1994
230741,2059
250675,2056
270833,1926
280896,1932
300771,2019
310935,1970
320581,1901
330754,2080
340851,1997
350855,2087
360621,1918
370991,1903
390652,2071
401004,2084
410762,2023
420923,1947
430860,1985
450867,1980
460885,1933
480962,2004
490831,2033
500727,2033
510651,1905
520839,1991
530652,2011
540754,2060
550936,2082
560581,1998
570803,1910
580707,2005
590710,1985
600882,1913
610876,1942
620836,2000
630833,2058
640771,2031
650556,2025
660837,2088
670666,2033
680846,2028
690636,2030
700826,1988
710887,1902
720651,1915
730937,1932
740932,1940
750737,1909
761083,1908
770728,2029
780870,2057
790692,2038
800944,2060
811068,2047
820623,2073
830779,2078
840778,1997
850714,2084
860803,1959
870606,1913
880779,1953
900788,1996
910680,2003
920698,2040
931007,2080
940952,1973
950750,1958
960701,1986
980955,2061
1000809,2073
1020706,1963
1030740,1972
1040590,2023
1050713,1948
1060924,2034
1080829,1990
1090811,2015
1110873,2097
1120949,1926
1140845,2054
1150917,2069
1160700,2095
1170682,1977
1180642,2087
1190730,1900
90683,2016
100681,1999
110838,1919
130937,1966
140900,1959
151383,2056
160846,2073
171013,1984
181169,1946
191213,1949
200859,1957
210686,1900
221099,1994
230798,2059
241030,2028
250976,2056
270843,1926
281125,1932
301034,2019
310989,1970
321010,1901
330894,2080
350801,2087
360696,1918
370894,1903
390941,2071
401078,2084
410867,2023
420943,1947
430865,1985
440878,1977
450838,1980
460703,1933
471062,1976
481032,2004
490863,2033
500864,2033
510867,1905
520757,1991
530844,2011
540993,2060
551097,2082
570722,1910
581038,2005
590864,1985
600678,1913
610726,1942
630988,2058
641060,2031
651025,2025
660902,2088
670839,2033
690918,2030
700854,1988
710726,1902
721014,1915
730787,1932
750795,1909
760909,1908
770781,2029
780929,2057
790845,2038
810968,2047
821134,2073
830710,2078
840909,1997
850986,2084
860865,1959
870726,1913
880687,1953
890854,2063
900863,1996
910957,2003
920772,2040
931018,2080
941038,1973
950763,1958
960956,1986
970948,1940
980936,2061
990713,1995
1000975,2073
1021103,1963
1030938,1972
1040870,2023
1050787,1948
1060749,2034
1070791,2006
1080925,1990
1090764,2015
1100931,1953
1121044,1926
1130805,1909
1140707,2054
1150926,2069
1170652,1977
1180992,2087
90683,2016
100640,1999
110729,1919
120878,1945
130791,1966
150664,2056
160901,2073
180839,1946
190568,1949
200811,1957
210861,1900
220909,1994
230741,2059
250675,2056
270833,1926
280896,1932
300771,2019
310935,1970
320581,1901
330754,2080
340851,1997
350855,2087
360621,1918
370991,1903
390652,2071
401004,2084
410762,2023
420923,1947
430860,1985
450867,1980
460885,1933
480962,2004
490831,2033
500727,2033
510651,1905
520839,1991
530652,2011
540754,2060
550936,2082
560581,1998
570803,1910
580707,2005
590710,1985
600882,1913
610876,1942
620836,2000
630833,2058
640771,2031
650556,2025
660837,2088
670666,2033
680846,2028
690636,2030
700826,1988
710887,1902
720651,1915
730937,1932
740932,1940
750737,1909
761083,1908
770728,2029
780870,2057
790692,2038
800944,2060
811068,2047
820623,2073
830779,2078
840778,1997
850714,2084
860803,1959
870606,1913
880779,1953
900788,1996
910680,2003
920698,2040
931007,2080
940952,1973
950750,1958
960701,1986
980955,2061
1000809,2073
1020706,1963
1030740,1972
1040590,2023
1050713,1948
1060924,2034
1080829,1990
1090811,2015
1110873,2097
1120949,1926
1140845,2054
1150917,2069
1160700,2095
1170682,1977
1180642,2087
1190730,1900
91131,2016
100846,1999
121322,1945
131214,1966
150779,2056
160877,2073
181397,1946
191267,1949
201072,1957
210801,1900
220869,1994
241296,2028
251175,2056
271138,1926
280816,1932
300946,2019
310941,1970
320857,1901
331153,2080
340746,1997
350965,2087
360757,1918
370706,1903
380830,2096
390925,2071
401068,2084
410785,2023
420694,1947
430594,1985
440771,1977
450826,1980
461190,1933
470842,1976
480723,2004
490924,2033
500934,2033
510903,1905
520994,1991
530931,2011
540902,2060
550998,2082
561203,1998
571192,1910
581223,2005
590917,1985
600804,1913
610754,1942
631040,2058
641077,2031
651163,2025
661071,2088
671181,2033
680966,2028
691075,2030
701378,1988
711051,1902
720699,1915
731120,1932
741265,1940
751084,1909
761025,1908
780975,2057
790999,2038
800911,2060
811091,2047
820917,2073
830763,2078
840922,1997
850936,2084
860806,1959
870757,1913
880786,1953
900859,1996
910734,2003
920944,2040
930872,2080
940818,1973
960953,1986
971147,1940
980939,2061
990908,1995
1000967,2073
1020712,1963
1030985,1972
1040914,2023
1050797,1948
1060728,2034
1070824,2006
1081165,1990
1090866,2015
1100966,1953
1111166,2097
1120986,1926
1140876,2054
1151127,2069
1160847,2095
1170786,1977
1180843,2087
1190837,1900
90683,2016
90594,2016
100712,1999
120905,1945
130977,1966
150576,2056
161054,2073
170778,1984
180897,1946
191131,1949
210787,1900
220710,1994
230585,2059
240822,2028
250848,2056
271004,1926
280971,1932
290926,2063
300757,2019
310735,1970
320809,1901
330704,2080
340670,1997
350740,2087
360835,1918
371056,1903
380798,2096
391067,2071
400994,2084
410800,2023
420882,1947
430928,1985
440763,1977
451031,1980
460695,1933
481003,2004
490827,2033
500832,2033
510621,1905
520649,1991
530807,2011
540859,2060
550862,2082
560918,1998
570893,1910
580664,2005
590733,1985
600820,1913
610901,1942
630942,2058
640782,2031
660971,2088
670830,2033
690780,2030
700744,1988
710704,1902
720697,1915
730720,1932
740864,1940
750821,1909
760940,1908
770936,2029
780749,2057
790805,2038
800909,2060
810888,2047
820860,2073
840918,1997
850841,2084
860732,1959
870708,1913
880693,1953
900799,1996
910593,2003
920702,2040
930775,2080
941015,1973
960854,1986
970856,1940
980808,2061
990923,1995
1000958,2073
1021046,1963
1040887,2023
1050876,1948
1060959,2034
1070775,2006
1080866,1990
1090738,2015
1100763,1953
1110797,2097
1120616,1926
1140969,2054
1150800,2069
1160969,2095
1170737,1977
1180920,2087
91209,2016
100876,1999
121045,1945
130784,1966
140846,1959
150965,2056
160813,2073
181382,1946
190700,1949
210754,1900
221182,1994
230928,2059
240785,2028
250830,2056
260926,1902
271199,1926
280677,1932
301027,2019
310856,1970
320905,1901
330918,2080
340972,1997
350973,2087
361132,1918
370957,1903
380902,2096
391157,2071
401150,2084
410720,2023
420653,1947
451052,1980
460912,1933
470893,1976
480662,2004
490701,2033
500876,2033
510770,1905
520807,1991
540890,2060
550775,2082
570738,1910
580949,2005
600923,1913
610717,1942
630961,2058
641116,2031
660880,2088
670676,2033
680955,2028
690803,2030
700931,1988
720849,1915
730684,1932
750776,1909
760712,1908
780961,2057
790928,2038
800756,2060
810990,2047
820760,2073
830948,2078
840893,1997
850964,2084
860758,1959
870840,1913
880949,1953
890732,2063
901139,1996
910967,2003
921030,2040
930784,2080
941016,1973
960979,1986
970947,1940
980808,2061
990986,1995
1000770,2073
1020835,1963
1030949,1972
1040826,2023
1050992,1948
1060818,2034
1070995,2006
1080934,1990
1091065,2015
1110849,2097
1121057,1926
1131019,1909
1140985,2054
1151092,2069
1171029,1977
1180931,2087
1190969,1900
90683,2016
100681,1999
110838,1919
130937,1966
140900,1959
151383,2056
160846,2073
171013,1984
181169,1946
191213,1949
200859,1957
210686,1900
221099,1994
230798,2059
241030,2028
250976,2056
270843,1926
281125,1932
301034,2019
310989,1970
321010,1901
330894,2080
350801,2087
360696,1918
370894,1903
390941,2071
401078,2084
410867,2023
420943,1947
430865,1985
440878,1977
450838,1980
460703,1933
471062,1976
481032,2004
490863,2033
500864,2033
510867,1905
520757,1991
530844,2011
540993,2060
551097,2082
570722,1910
581038,2005
590864,1985
600678,1913
610726,1942
630988,2058
641060,2031
651025,2025
660902,2088
670839,2033
690918,2030
700854,1988
710726,1902
721014,1915
730787,1932
750795,1909
760909,1908
770781,2029
780929,2057
790845,2038
810968,2047
821134,2073
830710,2078
840909,1997
850986,2084
860865,1959
870726,1913
880687,1953
890854,2063
900863,1996
910957,2003
920772,2040
931018,2080
941038,1973
950763,1958
960956,1986
970948,1940
980936,2061
990713,1995
1000975,2073
1021103,1963
1030938,1972
1040870,2023
1050787,1948
1060749,2034
1070791,2006
1080925,1990
1090764,2015
1100931,1953
1121044,1926
1130805,1909
1140707,2054
1150926,2069
1170652,1977
1180992,2087
90853,2016
101155,1999
110707,1919
121231,1945
130907,1966
140955,1959
151204,2056
161067,2073
170865,1984
180884,1946
191172,1949
200906,1957
210763,1900
220609,1994
231082,2059
250963,2056
270907,1926
281116,1932
290925,2063
300868,2019
310886,1970
320575,1901
330771,2080
341147,1997
361092,1918
370766,1903
380738,2096
390745,2071
400873,2084
420864,1947
430735,1985
440643,1977
450740,1980
460897,1933
480718,2004
491044,2033
500729,2033
511141,1905
520806,1991
540762,2060
550938,2082
560911,1998
570984,1910
580912,2005
591021,1985
600628,1913
610925,1942
621115,2000
630973,2058
640774,2031
650936,2025
661088,2088
670818,2033
680794,2028
690760,2030
700902,1988
721026,1915
741009,1940
750728,1909
760618,1908
770914,2029
780856,2057
790814,2038
800740,2060
810882,2047
820901,2073
830748,2078
840614,1997
851158,2084
860753,1959
871065,1913
880740,1953
891283,2063
900939,1996
910865,2003
930890,2080
940763,1973
950893,1958
961000,1986
970826,1940
980959,2061
990772,1995
1001124,2073
1021037,1963
1030998,1972
1041075,2023
1051036,1948
1060866,2034
1080975,1990
1090807,2015
1110962,2097
1120859,1926
1130943,1909
1140754,2054
1150754,2069
1160952,2095
1170687,1977
1180794,2087
1191219,1900
91131,2016
100846,1999
121322,1945
131214,1966
150779,2056
160877,2073
181397,1946
191267,1949
201072,1957
210801,1900
220869,1994
241296,2028
251175,2056
271138,1926
280816,1932
300946,2019
310941,1970
320857,1901
331153,2080
340746,1997
350965,2087
360757,1918
370706,1903
380830,2096
390925,2071
401068,2084
410785,2023
420694,1947
430594,1985
440771,1977
450826,1980
461190,1933
470842,1976
480723,2004
490924,2033
500934,2033
510903,1905
520994,1991
530931,2011
540902,2060
550998,2082
561203,1998
571192,1910
581223,2005
590917,1985
600804,1913
610754,1942
631040,2058
641077,2031
651163,2025
661071,2088
671181,2033
680966,2028
691075,2030
701378,1988
711051,1902
720699,1915
731120,1932
741265,1940
751084,1909
761025,1908
780975,2057
790999,2038
800911,2060
811091,2047
820917,2073
830763,2078
840922,1997
850936,2084
860806,1959
870757,1913
880786,1953
900859,1996
910734,2003
920944,2040
930872,2080
940818,1973
960953,1986
971147,1940
980939,2061
990908,1995
1000967,2073
1020712,1963
1030985,1972
1040914,2023
1050797,1948
1060728,2034
1070824,2006
1081165,1990
1090866,2015
1100966,1953
1111166,2097
1120986,1926
1140876,2054
1151127,2069
1160847,2095
1170786,1977
1180843,2087
1190837,1900
90825,2016
100670,1999
120779,1945
130769,1966
140638,1959
150737,2056
160765,2073
180711,1946
190754,1949
200689,1957
210744,1900
230878,2059
240682,2028
250615,2056
260933,1902
270799,1926
280625,1932
290791,2063
300642,2019
310809,1970
320700,1901
330759,2080
350735,2087
360887,1918
370685,1903
380780,2096
390693,2071
400918,2084
410711,2023
420721,1947
430715,1985
440733,1977
450663,1980
460669,1933
470889,1976
480623,2004
490717,2033
510636,1905
520603,1991
540708,2060
550626,2082
560658,1998
580647,2005
590635,1985
600779,1913
610833,1942
630729,2058
640680,2031
660645,2088
670692,2033
680710,2028
690737,2030
710628,1902
720658,1915
730793,1932
740883,1940
750813,1909
760684,1908
780594,2057
790770,2038
800644,2060
810722,2047
820628,2073
830747,2078
840711,1997
850700,2084
860675,1959
870853,1913
880688,1953
890726,2063
900606,1996
910788,2003
920694,2040
930714,2080
940696,1973
960723,1986
970761,1940
980682,2061
990696,1995
1000716,2073
1010902,1979
1020744,1963
1030661,1972
1040674,2023
1050656,1948
1060801,2034
1070727,2006
1080708,1990
1090642,2015
1100652,1953
1110620,2097
1120826,1926
1140715,2054
1150635,2069
1160637,2095
1170703,1977
1180662,2087
90811,2016
100689,1999
120703,1945
130648,1966
140708,1959
150676,2056
160665,2073
180656,1946
190853,1949
200638,1957
220812,1994
230722,2059
240729,2028
250860,2056
260827,1902
270645,1926
280720,1932
290717,2063
300664,2019
310755,1970
320738,1901
330654,2080
340850,1997
350541,2087
360744,1918
370785,1903
380814,2096
390660,2071
400690,2084
410807,2023
420645,1947
430686,1985
440743,1977
450564,1980
460605,1933
470598,1976
480703,2004
490637,2033
500766,2033
510821,1905
530817,2011
540565,2060
550646,2082
560791,1998
570614,1910
580605,2005
590645,1985
600677,1913
610669,1942
620745,2000
630691,2058
640702,2031
650807,2025
660709,2088
670639,2033
680728,2028
690759,2030
700770,1988
710642,1902
720656,1915
730780,1932
740729,1940
750820,1909
760591,1908
770698,2029
780558,2057
790654,2038
800576,2060
810746,2047
820691,2073
840782,1997
850752,2084
860756,1959
870679,1913
880754,1953
890556,2063
900660,1996
910698,2003
920694,2040
930602,2080
940642,1973
950726,1958
960603,1986
970866,1940
980648,2061
990565,1995
1000795,2073
1010769,1979
1020640,1963
1030690,1972
1040714,2023
1050813,1948
1060659,2034
1080554,1990
1090742,2015
1100745,1953
1110756,2097
1120721,1926
1130680,1909
1140611,2054
1150584,2069
1160610,2095
1170711,1977
1180674,2087
1190736,1900
90677,2016
101034,1999
110903,1919
120694,1945
130973,1966
150704,2056
161063,2073
180677,1946
200817,1957
211081,1900
220814,1994
230819,2059
240650,2028
250743,2056
270929,1926
290724,2063
300850,2019
310734,1970
330728,2080
340797,1997
351001,2087
360654,1918
370970,1903
380770,2096
390911,2071
400912,2084
410852,2023
420839,1947
430650,1985
440812,1977
450884,1980
460982,1933
480816,2004
490871,2033
500950,2033
510938,1905
520754,1991
530738,2011
541009,2060
551079,2082
560740,1998
570954,1910
581081,2005
590758,1985
600916,1913
610823,1942
620785,2000
630907,2058
640703,2031
660913,2088
670965,2033
680801,2028
690791,2030
700864,1988
720895,1915
730740,1932
750728,1909
760826,1908
770757,2029
780805,2057
790937,2038
810953,2047
820830,2073
830848,2078
840873,1997
851004,2084
860930,1959
870944,1913
880731,1953
890608,2063
901374,1996
910766,2003
930978,2080
940676,1973
950944,1958
960892,1986
970821,1940
990675,1995
1000899,2073
1010842,1979
1020691,1963
1030917,1972
1040673,2023
1050840,1948
1060816,2034
1070722,2006
1080839,1990
1090977,2015
1100867,1953
1120646,1926
1130576,1909
1151027,2069
1160760,2095
1170599,1977
1180684,2087
1190780,1900
101221,1999
110966,1919
120890,1945
131007,1966
141029,1959
150862,2056
161245,2073
170720,1984
181061,1946
191104,1949
211109,1900
220781,1994
231438,2059
240930,2028
251086,2056
260946,1902
270712,1926
281011,1932
291042,2063
300850,2019
311009,1970
321179,1901
330718,2080
341062,1997
350737,2087
361000,1918
371026,1903
380936,2096
390930,2071
411090,2023
420982,1947
430996,1985
451093,1980
460881,1933
470845,1976
480682,2004
491152,2033
510906,1905
520916,1991
530733,2011
540770,2060
551008,2082
560865,1998
571005,1910
580966,2005
600998,1913
610954,1942
620957,2000
631198,2058
640703,2031
650926,2025
660993,2088
671070,2033
681073,2028
690725,2030
700963,1988
710851,1902
721006,1915
730857,1932
740983,1940
750833,1909
760966,1908
781084,2057
791110,2038
800872,2060
810789,2047
820864,2073
830832,2078
841014,1997
850841,2084
870954,1913
880972,1953
890608,2063
900984,1996
910887,2003
920863,2040
930875,2080
940993,1973
950805,1958
960878,1986
970758,1940
990824,1995
1000855,2073
1020905,1963
1030930,1972
1040764,2023
1051178,1948
1060777,2034
1070669,2006
1080822,1990
1090886,2015
1101140,1953
1110797,2097
1121126,1926
1130897,1909
1140663,2054
1151012,2069
1170721,1977
1181039,2087
1190848,1900
90538,2016
100541,1999
110606,1919
120551,1945
130577,1966
140548,1959
150567,2056
160596,2073
170625,1984
180576,1946
190551,1949
200561,1957
210567,1900
220554,1994
230555,2059
240550,2028
250531,2056
260568,1902
270635,1926
280535,1932
290549,2063
300531,2019
310561,1970
320558,1901
330548,2080
340628,1997
350590,2087
360561,1918
370522,1903
380527,2096
390557,2071
400559,2084
410561,2023
420595,1947
430564,1985
440551,1977
450548,1980
460555,1933
470577,1976
480571,2004
490538,2033
500539,2033
510529,1905
520571,1991
530622,2011
540525,2060
550531,2082
560536,1998
570536,1910
580549,2005
590564,1985
600569,1913
610596,1942
620564,2000
630519,2058
640551,2031
650567,2025
660525,2088
670555,2033
680646,2028
690512,2030
700567,1988
710574,1902
720562,1915
730571,1932
740644,1940
750538,1909
760637,1908
770606,2029
780531,2057
790575,2038
800526,2060
810596,2047
820593,2073
830567,2078
840547,1997
850528,2084
860565,1959
870551,1913
880552,1953
890520,2063
900535,1996
910589,2003
920542,2040
930643,2080
940548,1973
950651,1958
960555,1986
970567,1940
980532,2061
990548,1995
1000531,2073
1010543,1979
1020561,1963
1030558,1972
1040538,2023
1050561,1948
1060567,2034
1070577,2006
1080567,1990
1090536,2015
1100539,1953
1110551,2097
1120570,1926
1130657,1909
1140529,2054
1150637,2069
1160606,2095
1170622,1977
1180581,2087
1190578,1900
90538,2016
100541,1999
110606,1919
120551,1945
130577,1966
140548,1959
150567,2056
160596,2073
170625,1984
180576,1946
190551,1949
200561,1957
210567,1900
220554,1994
230555,2059
240550,2028
250531,2056
260568,1902
270635,1926
280535,1932
290549,2063
300531,2019
310561,1970
320558,1901
330548,2080
340628,1997
350590,2087
360561,1918
370522,1903
380527,2096
390557,2071
400559,2084
410561,2023
420595,1947
430564,1985
440551,1977
450548,1980
460555,1933
470577,1976
480571,2004
490538,2033
500539,2033
510529,1905
520571,1991
530622,2011
540525,2060
550531,2082
560536,1998
570536,1910
580549,2005
590564,1985
600569,1913
610596,1942
620564,2000
630519,2058
640551,2031
650567,2025
660525,2088
670555,2033
680646,2028
690512,2030
700567,1988
710574,1902
720562,1915
730571,1932
740644,1940
750538,1909
760637,1908
770606,2029
780531,2057
790575,2038
800526,2060
810596,2047
820593,2073
830567,2078
840547,1997
850528,2084
860565,1959
870551,1913
880552,1953
890520,2063
900535,1996
910589,2003
920542,2040
930643,2080
940548,1973
950651,1958
960555,1986
970567,1940
980532,2061
990548,1995
1000531,2073
1010543,1979
1020561,1963
1030558,1972
1040538,2023
1050561,1948
1060567,2034
1070577,2006
1080567,1990
1090536,2015
1100539,1953
1110551,2097
1120570,1926
1130657,1909
1140529,2054
1150637,2069
1160606,2095
1170622,1977
1180581,2087
1190578,1900
101221,1999
110966,1919
120890,1945
131007,1966
141029,1959
150862,2056
161245,2073
170720,1984
181061,1946
191104,1949
211109,1900
220781,1994
231438,2059
240930,2028
251086,2056
260946,1902
270712,1926
281011,1932
291042,2063
300850,2019
311009,1970
321179,1901
330718,2080
341062,1997
350737,2087
361000,1918
371026,1903
380936,2096
390930,2071
411090,2023
420982,1947
430996,1985
451093,1980
460881,1933
470845,1976
480682,2004
491152,2033
510906,1905
520916,1991
530733,2011
540770,2060
551008,2082
560865,1998
571005,1910
580966,2005
600998,1913
610954,1942
620957,2000
631198,2058
640703,2031
650926,2025
660993,2088
671070,2033
681073,2028
690725,2030
700963,1988
710851,1902
721006,1915
730857,1932
740983,1940
750833,1909
760966,1908
781084,2057
791110,2038
800872,2060
810789,2047
820864,2073
830832,2078
841014,1997
850841,2084
870954,1913
880972,1953
890608,2063
900984,1996
910887,2003
920863,2040
930875,2080
940993,1973
950805,1958
960878,1986
970758,1940
990824,1995
1000855,2073
1020905,1963
1030930,1972
1040764,2023
1051178,1948
1060777,2034
1070669,2006
1080822,1990
1090886,2015
1101140,1953
1110797,2097
1121126,1926
1130897,1909
1140663,2054
1151012,2069
1170721,1977
1181039,2087
1190848,1900
90677,2016
101034,1999
110903,1919
120694,1945
130973,1966
150704,2056
161063,2073
180677,1946
200817,1957
211081,1900
220814,1994
230819,2059
240650,2028
250743,2056
270929,1926
290724,2063
300850,2019
310734,1970
330728,2080
340797,1997
351001,2087
360654,1918
370970,1903
380770,2096
390911,2071
400912,2084
410852,2023
420839,1947
430650,1985
440812,1977
450884,1980
460982,1933
480816,2004
490871,2033
500950,2033
510938,1905
520754,1991
530738,2011
541009,2060
551079,2082
560740,1998
570954,1910
581081,2005
590758,1985
600916,1913
610823,1942
620785,2000
630907,2058
640703,2031
660913,2088
670965,2033
680801,2028
690791,2030
700864,1988
720895,1915
730740,1932
750728,1909
760826,1908
770757,2029
780805,2057
790937,2038
810953,2047
820830,2073
830848,2078
840873,1997
851004,2084
860930,1959
870944,1913
880731,1953
890608,2063
901374,1996
910766,2003
930978,2080
940676,1973
950944,1958
960892,1986
970821,1940
990675,1995
1000899,2073
1010842,1979
1020691,1963
1030917,1972
1040673,2023
1050840,1948
1060816,2034
1070722,2006
1080839,1990
1090977,2015
1100867,1953
1120646,1926
1130576,1909
1151027,2069
1160760,2095
1170599,1977
1180684,2087
1190780,1900
200718,1999
260933,1919
320706,1945
440757,1959
560812,2073
620775,1984
680813,1946
740889,1949
800795,1957
860928,1900
920825,1994
980709,2059
1040802,2028
1100792,2056
1160658,1902
140846,2016
200926,1999
260642,1919
320900,1945
380939,1966
501001,2056
560805,2073
800850,1957
860846,1900
920873,1994
981100,2059
1040878,2028
1100828,2056
1161036,1902
101221,1999
110966,1919
120890,1945
131007,1966
141029,1959
150862,2056
161245,2073
170720,1984
181061,1946
191104,1949
211109,1900
220781,1994
231438,2059
240930,2028
251086,2056
260946,1902
270712,1926
281011,1932
291042,2063
300850,2019
311009,1970
321179,1901
330718,2080
341062,1997
350737,2087
361000,1918
371026,1903
380936,2096
390930,2071
411090,2023
420982,1947
430996,1985
451093,1980
460881,1933
470845,1976
480682,2004
491152,2033
510906,1905
520916,1991
530733,2011
540770,2060
551008,2082
560865,1998
571005,1910
580966,2005
600998,1913
610954,1942
620957,2000
631198,2058
640703,2031
650926,2025
660993,2088
671070,2033
681073,2028
690725,2030
700963,1988
710851,1902
721006,1915
730857,1932
740983,1940
750833,1909
760966,1908
781084,2057
791110,2038
800872,2060
810789,2047
820864,2073
830832,2078
841014,1997
850841,2084
870954,1913
880972,1953
890608,2063
900984,1996
910887,2003
920863,2040
930875,2080
940993,1973
950805,1958
960878,1986
970758,1940
990824,1995
1000855,2073
1020905,1963
1030930,1972
1040764,2023
1051178,1948
1060777,2034
1070669,2006
1080822,1990
1090886,2015
1101140,1953
1110797,2097
1121126,1926
1130897,1909
1140663,2054
1151012,2069
1170721,1977
1181039,2087
1190848,1900
91294,2016
100934,1999
111063,1919
131266,1966
101221,1999
110966,1919
120890,1945
131007,1966
141029,1959
150862,2056
161245,2073
170720,1984
181061,1946
191104,1949
211109,1900
220781,1994
231438,2059
240930,2028
251086,2056
260946,1902
270712,1926
281011,1932
291042,2063
300850,2019
311009,1970
321179,1901
330718,2080
341062,1997
350737,2087
361000,1918
371026,1903
380936,2096
390930,2071
411090,2023
420982,1947
430996,1985
451093,1980
460881,1933
470845,1976
480682,2004
491152,2033
510906,1905
520916,1991
530733,2011
540770,2060
551008,2082
560865,1998
571005,1910
580966,2005
600998,1913
610954,1942
620957,2000
631198,2058
640703,2031
650926,2025
660993,2088
671070,2033
681073,2028
690725,2030
700963,1988
710851,1902
721006,1915
730857,1932
740983,1940
750833,1909
760966,1908
781084,2057
791110,2038
800872,2060
810789,2047
820864,2073
830832,2078
841014,1997
850841,2084
870954,1913
880972,1953
890608,2063
900984,1996
910887,2003
920863,2040
930875,2080
940993,1973
950805,1958
960878,1986
970758,1940
990824,1995
1000855,2073
1020905,1963
1030930,1972
1040764,2023
1051178,1948
1060777,2034
1070669,2006
1080822,1990
1090886,2015
1101140,1953
1110797,2097
1121126,1926
1130897,1909
1140663,2054
1151012,2069
1170721,1977
1181039,2087
1190848,1900
101221,1999
110966,1919
120890,1945
131007,1966
141029,1959
150862,2056
161245,2073
170720,1984
181061,1946
191104,1949
211109,1900
220781,1994
231438,2059
240930,2028
251086,2056
260946,1902
270712,1926
281011,1932
291042,2063
300850,2019
311009,1970
321179,1901
330718,2080
341062,1997
350737,2087
361000,1918
371026,1903
380936,2096
390930,2071
411090,2023
420982,1947
430996,1985
451093,1980
460881,1933
470845,1976
480682,2004
491152,2033
510906,1905
520916,1991
530733,2011
540770,2060
551008,2082
560865,1998
571005,1910
580966,2005
600998,1913
610954,1942
620957,2000
631198,2058
640703,2031
650926,2025
660993,2088
671070,2033
681073,2028
690725,2030
700963,1988
710851,1902
721006,1915
730857,1932
740983,1940
750833,1909
760966,1908
781084,2057
791110,2038
800872,2060
810789,2047
820864,2073
830832,2078
841014,1997
850841,2084
870954,1913
880972,1953
890608,2063
900984,1996
910887,2003
920863,2040
930875,2080
940993,1973
950805,1958
960878,1986
970758,1940
990824,1995
1000855,2073
1020905,1963
1030930,1972
1040764,2023
1051178,1948
1060777,2034
1070669,2006
1080822,1990
1090886,2015
1101140,1953
1110797,2097
1121126,1926
1130897,1909
1140663,2054
1151012,2069
1170721,1977
1181039,2087
1190848,1900
101221,1999
110966,1919
101221,1999
110966,1919
120890,1945
131007,1966
141029,1959
150862,2056
161245,2073
170720,1984
181061,1946
191104,1949
211109,1900
220781,1994
231438,2059
240930,2028
251086,2056
260946,1902
270712,1926
281011,1932
291042,2063
300850,2019
311009,1970
321179,1901
330718,2080
341062,1997
350737,2087
361000,1918
371026,1903
380936,2096
390930,2071
411090,2023
420982,1947
430996,1985
451093,1980
460881,1933
470845,1976
480682,2004
491152,2033
510906,1905
520916,1991
530733,2011
540770,2060
551008,2082
560865,1998
571005,1910
580966,2005
600998,1913
610954,1942
620957,2000
631198,2058
640703,2031
650926,2025
660993,2088
671070,2033
681073,2028
690725,2030
700963,1988
710851,1902
721006,1915
730857,1932
740983,1940
750833,1909
760966,1908
781084,2057
791110,2038
800872,2060
810789,2047
820864,2073
830832,2078
841014,1997
850841,2084
870954,1913
880972,1953
890608,2063
900984,1996
910887,2003
920863,2040
930875,2080
940993,1973
950805,1958
960878,1986
970758,1940
990824,1995
1000855,2073
1020905,1963
1030930,1972
1040764,2023
1051178,1948
1060777,2034
1070669,2006
1080822,1990
1090886,2015
1101140,1953
1110797,2097
1121126,1926
1130897,1909
1140663,2054
1151012,2069
1170721,1977
1181039,2087
1190848,1900
90899,2016
101112,1999
110937,1919
120688,1945
130890,1966
151047,2056
160834,2073
171048,1984
180907,1946
190756,1949
200612,1957
210717,1900
220846,1994
231115,2059
240846,2028
250768,2056
260876,1902
270890,1926
280782,1932
290779,2063
300924,2019
311070,1970
320963,1901
331006,2080
340969,1997
351054,2087
360764,1918
370862,1903
380756,2096
390926,2071
400932,2084
410818,2023
421021,1947
431061,1985
440825,1977
450854,1980
461039,1933
470760,1976
480961,2004
491085,2033
500949,2033
511026,1905
521010,1991
530832,2011
540922,2060
550683,2082
560954,1998
570966,1910
580982,2005
590881,1985
600961,1913
610807,1942
620630,2000
630951,2058
640800,2031
660716,2088
670973,2033
681064,2028
690756,2030
700839,1988
710955,1902
720746,1915
730973,1932
740815,1940
750772,1909
761108,1908
770727,2029
780661,2057
790720,2038
811019,2047
820944,2073
830871,2078
841081,1997
851089,2084
860745,1959
871115,1913
881132,1953
891041,2063
901021,1996
910960,2003
920703,2040
930849,2080
941046,1973
950884,1958
961098,1986
971019,1940
980770,2061
991008,1995
1000879,2073
1010716,1979
1020701,1963
1031084,1972
1040904,2023
1051070,1948
1060760,2034
1080821,1990
1091023,2015
1110812,2097
1120690,1926
1131013,1909
1140948,2054
1151013,2069
1160881,2095
1170998,1977
1180847,2087
1190645,1900
90899,2016
101112,1999
110937,1919
120688,1945
130890,1966
151047,2056
160834,2073
171048,1984
180907,1946
190756,1949
200612,1957
210717,1900
220846,1994
231115,2059
240846,2028
250768,2056
260876,1902
270890,1926
280782,1932
290779,2063
300924,2019
311070,1970
320963,1901
331006,2080
340969,1997
351054,2087
360764,1918
370862,1903
380756,2096
390926,2071
400932,2084
410818,2023
421021,1947
431061,1985
440825,1977
450854,1980
461039,1933
470760,1976
480961,2004
491085,2033
500949,2033
511026,1905
521010,1991
530832,2011
540922,2060
550683,2082
560954,1998
570966,1910
580982,2005
590881,1985
600961,1913
610807,1942
620630,2000
630951,2058
640800,2031
660716,2088
670973,2033
681064,2028
690756,2030
700839,1988
710955,1902
720746,1915
730973,1932
740815,1940
750772,1909
761108,1908
770727,2029
780661,2057
790720,2038
811019,2047
820944,2073
830871,2078
841081,1997
851089,2084
860745,1959
871115,1913
881132,1953
891041,2063
901021,1996
910960,2003
920703,2040
930849,2080
941046,1973
950884,1958
961098,1986
971019,1940
980770,2061
991008,1995
1000879,2073
1010716,1979
1020701,1963
1031084,1972
1040904,2023
1051070,1948
1060760,2034
1080821,1990
1091023,2015
1110812,2097
1120690,1926
1131013,1909
1140948,2054
1151013,2069
1160881,2095
1170998,1977
1180847,2087
1190645,1900
