86074,3762
90909,3733
95948,3716
100802,3866
106361,3871
110903,3727
115922,3845
120934,3765
125794,3774
130922,3798
135836,3700
140867,3756
145845,3881
150856,3830
155951,3883
160956,3787
166071,3813
171018,3801
176288,3877
186008,3798
191180,3779
195907,3828
201031,3835
206160,3776
210868,3739
215897,3849
226024,3788
230891,3723
235865,3837
241091,3764
245949,3740
250903,3818
256083,3862
260935,3832
265916,3807
271039,3897
276047,3865
280893,3806
286009,3863
290863,3857
295910,3790
300846,3863
305958,3714
310800,3784
315742,3781
320831,3876
325926,3803
330832,3708
335890,3785
341240,3762
345925,3755
350977,3853
355849,3757
361050,3714
366009,3820
370847,3733
375909,3819
380948,3727
385817,3843
390853,3792
395987,3765
400863,3762
405819,3756
410888,3723
415679,3841
420911,3863
425845,3704
430911,3845
435875,3722
441005,3855
445776,3831
450864,3786
456015,3748
460889,3766
465931,3707
470911,3771
475836,3768
480840,3783
485874,3883
490974,3826
495872,3895
500917,3792
505885,3821
510936,3723
515711,3734
520951,3826
525909,3795
530906,3856
535942,3743
541048,3803
545861,3725
550840,3774
555826,3713
560925,3749
565865,3711
570935,3800
576068,3710
581006,3743
585834,3732
590862,3703
595694,3762
601034,3701
605772,3702
610808,3795
615811,3829
620923,3738
625922,3870
630867,3787
635821,3702
640974,3827
646031,3798
650967,3790
655804,3774
660881,3820
665890,3749
671009,3720
676238,3860
680885,3750
685676,3784
690887,3882
695740,3771
700927,3709
705870,3850
710903,3725
720864,3833
725827,3727
730909,3819
735878,3750
741142,3764
745881,3821
750837,3871
755794,3878
760995,3893
765874,3859
770944,3761
775968,3728
780844,3834
785782,3741
790906,3751
795859,3881
800795,3814
805890,3872
810877,3739
815823,3741
820771,3756
825913,3822
830899,3852
835765,3721
840939,3741
845869,3765
850913,3722
855971,3793
860859,3816
871216,3850
875760,3809
880899,3712
885867,3896
890835,3882
895779,3898
900839,3722
905817,3745
911019,3725
915816,3711
920893,3711
925900,3802
930903,3831
935794,3791
940916,3842
945832,3823
950900,3822
955862,3894
961042,3862
965907,3838
970961,3718
975794,3807
980818,3801
985907,3773
990828,3770
995762,3793
1000963,3743
1005879,3786
1010867,3728
1016032,3720
1020926,3881
1025991,3815
1030871,3894
1040868,3819
1045833,3703
1050856,3894
1055929,3855
1060753,3834
1065833,3794
1070909,3885
1075810,3746
1080892,3856
1085906,3740
1090988,3722
1095900,3831
1100904,3751
1105810,3732
1110954,3729
1115800,3797
1120859,3848
1125855,3889
1130796,3707
1136009,3702
1140934,3823
1145801,3889
1150948,3785
1155884,3844
1160965,3858
1165685,3839
1170834,3703
1175878,3743
1180955,3829
1185881,3791
1190922,3863
1195701,3706
