85531,3762
90619,3733
95573,3716
100567,3866
105540,3871
110622,3727
115596,3845
120548,3765
125630,3774
130525,3798
135595,3700
140557,3756
150586,3830
155646,3883
160588,3787
165608,3813
170563,3801
175564,3877
180538,3770
185564,3798
190503,3779
195605,3828
200529,3835
205502,3776
210550,3739
215599,3849
220587,3861
225650,3788
230523,3723
235553,3837
240553,3764
245553,3740
250619,3818
255614,3862
260565,3832
265579,3807
270553,3897
275505,3865
280525,3806
285579,3863
290564,3857
295589,3790
300597,3863
305521,3714
310531,3784
315582,3781
325531,3803
330550,3708
335502,3785
340531,3762
345634,3755
350516,3853
355611,3757
360534,3714
365579,3820
370544,3733
375544,3819
380503,3727
385624,3843
390593,3792
395604,3765
400584,3762
405512,3756
410596,3723
415610,3841
420522,3863
425526,3704
430547,3845
435557,3722
440506,3855
445583,3831
450525,3786
455592,3748
460606,3766
465621,3707
470548,3771
475576,3768
480506,3783
485614,3883
490664,3826
495614,3895
500615,3792
505552,3821
510569,3723
515598,3734
520550,3826
525553,3795
530564,3856
535595,3743
540594,3803
545563,3725
550593,3774
555592,3713
560535,3749
565557,3711
570645,3800
575505,3710
580611,3743
585590,3732
590555,3703
595573,3762
600568,3701
605586,3702
610597,3795
615568,3829
620567,3738
625570,3870
630512,3787
635534,3702
640572,3827
645593,3798
650551,3790
655582,3774
660534,3820
665589,3749
670651,3720
675611,3860
685560,3784
690581,3882
695524,3771
700541,3709
705570,3850
710612,3725
715619,3799
720503,3833
725547,3727
730525,3819
735512,3750
740602,3764
745643,3821
750590,3871
755571,3878
760531,3893
765582,3859
770512,3761
775557,3728
780534,3834
785643,3741
790538,3751
795560,3881
800612,3814
805635,3872
810503,3739
815634,3741
820603,3756
825505,3822
830569,3852
835589,3721
840589,3741
845589,3765
850566,3722
855572,3793
860512,3816
865521,3763
870622,3850
875541,3809
880660,3712
885574,3896
890660,3882
895590,3898
900528,3722
905602,3745
910595,3725
915573,3711
920586,3711
925574,3802
930556,3831
935587,3791
940628,3842
945573,3823
950650,3822
955577,3894
960544,3862
965573,3838
970544,3718
975528,3807
980522,3801
985566,3773
990566,3770
995573,3793
1000579,3743
1005572,3786
1010541,3728
1015560,3720
1020506,3881
1025598,3815
1030541,3894
1035602,3792
1040548,3819
1045605,3703
1050601,3894
1055502,3855
1060566,3834
1065512,3794
1070512,3885
1075602,3746
1080618,3856
1085602,3740
1090585,3722
1095627,3831
1100544,3751
1105553,3732
1110509,3729
1115512,3797
1120541,3848
1125595,3889
1130564,3707
1135578,3702
1140589,3823
1145580,3889
1150613,3785
1155576,3844
1160519,3858
1165576,3839
1170566,3703
1175579,3743
1180576,3829
1185595,3791
1190628,3863
1195579,3706
