86228,5002,62
88720,5197,79
90119,5160,74
91492,5107,71
93235,5172,74
95467,5051,61
98027,5030,66
101668,5083,76
103538,5180,75
105257,5148,73
107931,5147,78
109096,5162,78
113475,5189,69
115992,5186,76
118189,5169,78
119607,5090,66
121771,5068,79
123322,5100,70
125359,5165,67
127526,5107,66
129408,5113,79
131475,5131,63
133388,5172,79
135237,5051,79
137476,5199,75
138945,5194,70
141325,5182,74
142940,5041,69
145373,5198,69
147337,5105,63
149247,5045,74
151305,5025,69
153374,5131,77
155731,5004,70
158067,5023,75
159474,5008,64
161486,5000,72
163371,5083,62
165481,5166,77
167536,5048,75
169183,5113,67
173658,5184,72
174954,5050,61
177013,5164,71
179492,5114,67
181542,5055,64
183461,5069,71
185201,5067,69
187381,5059,70
189190,5129,79
191522,5139,78
193428,5126,70
197760,5025,69
199205,5050,78
201131,5095,61
203585,5144,74
205199,5144,65
207828,5102,60
209380,5145,62
211503,5015,70
213169,5034,74
215238,5160,79
217497,5017,61
219374,5146,60
221359,5014,65
223135,5156,65
225190,5128,73
227364,5010,69
229407,5133,66
233024,5086,62
235080,5150,63
237343,5055,72
239247,5099,78
241358,5147,64
243382,5006,68
245213,5088,68
247274,5034,66
249350,5155,69
251319,5110,75
253418,5144,64
255208,5000,79
257295,5121,70
259204,5001,73
261404,5110,78
263142,5002,78
265759,5030,76
269089,5130,76
271725,5025,75
273262,5154,68
275280,5058,60
277105,5099,62
279249,5181,76
281271,5118,67
283125,5018,79
285468,5046,75
287318,5079,71
291266,5160,69
293383,5184,62
295041,5012,70
297257,5024,61
299511,5161,66
301288,5167,71
303375,5036,61
307517,5135,77
311404,5152,69
313158,5185,71
315056,5134,75
317272,5177,64
319165,5194,73
323344,5036,75
325148,5074,70
327492,5126,70
329312,5076,67
331296,5044,65
333561,5003,73
335437,5038,71
337361,5057,77
339294,5030,67
341581,5106,76
343261,5149,68
345330,5096,79
347078,5093,77
353073,5101,77
355402,5124,68
357169,5052,66
359283,5079,79
361449,5027,70
363128,5175,70
365399,5002,66
367348,5025,64
369587,5188,63
371383,5107,66
373325,5118,62
375369,5196,73
377153,5102,70
379467,5070,69
381143,5080,69
383718,5083,66
384919,5044,64
387335,5186,70
389351,5176,73
391487,5167,70
393050,5164,73
395117,5085,68
397250,5082,75
399276,5090,60
401388,5052,66
403164,5072,67
405134,5158,64
407215,5071,71
409425,5105,79
411080,5103,64
413165,5071,64
415261,5002,73
417437,5127,79
419410,5079,63
421624,5095,74
425271,5180,77
427339,5092,75
429231,5123,72
433254,5049,64
435330,5067,60
441274,5108,74
443231,5168,64
445319,5059,73
447472,5031,79
449188,5124,67
451457,5042,63
453164,5010,64
455138,5051,62
457209,5186,64
459185,5106,60
461287,5053,77
463452,5175,69
465192,5059,72
467571,5085,79
469292,5119,65
471222,5163,79
473312,5162,67
475235,5005,60
477365,5118,70
479411,5025,65
481256,5036,66
483326,5155,75
485155,5133,73
487042,5159,67
489136,5073,72
491504,5016,74
495318,5132,65
497313,5160,71
499112,5196,66
501225,5074,72
505063,5076,71
507031,5030,65
509083,5168,62
511214,5199,69
513336,5012,64
515286,5093,61
517313,5084,68
519290,5177,70
521288,5138,61
523045,5096,69
527105,5020,75
529488,5075,62
531095,5106,77
533226,5173,68
535205,5058,68
541300,5057,62
543174,5148,64
545287,5168,71
547405,5087,68
549293,5086,74
551293,5060,62
553244,5136,64
555212,5198,70
557362,5067,77
561087,5036,63
563408,5088,64
565255,5094,65
567092,5082,64
569375,5183,71
571454,5118,66
573445,5104,72
575849,5136,79
577122,5077,65
579118,5005,71
581197,5151,64
583062,5028,69
585105,5109,72
586863,5106,72
589424,5098,61
591129,5042,63
593217,5085,75
595005,5172,68
597135,5052,68
599457,5044,66
601114,5119,79
603401,5048,66
605138,5167,60
607156,5061,61
609231,5083,67
611333,5147,69
613017,5165,64
615094,5097,74
617179,5089,74
619275,5180,61
621121,5111,74
623000,5193,72
625105,5094,66
627172,5175,79
629374,5151,61
631292,5065,62
633079,5155,60
635104,5086,60
637128,5124,62
639376,5131,71
641261,5137,78
643305,5149,67
645227,5101,66
647405,5095,70
649219,5145,62
651219,5166,74
653279,5113,68
655146,5064,61
657199,5183,67
659061,5157,74
661277,5076,79
663299,5015,69
665175,5190,66
667200,5080,62
669389,5158,73
671166,5116,74
673539,5015,76
675282,5124,67
677209,5193,77
679173,5106,60
681205,5046,77
683117,5123,63
685348,5106,61
689055,5032,60
691272,5125,66
693040,5151,66
695191,5198,72
697089,5088,66
699240,5191,69
701206,5023,73
703230,5050,71
705208,5102,60
707174,5047,74
709240,5090,64
713467,5023,76
715137,5189,77
717200,5089,77
719167,5121,77
721171,5048,71
723126,5010,77
725231,5076,65
727228,5134,60
729295,5164,72
731296,5036,60
733029,5044,60
735219,5161,72
737044,5034,68
739127,5118,79
740992,5115,69
743108,5073,66
744994,5021,71
747360,5036,75
749072,5104,62
753092,5130,60
755203,5104,68
759230,5122,63
761256,5070,64
763054,5133,77
765209,5133,62
769292,5022,71
771123,5106,77
773236,5141,62
775315,5013,70
776859,5074,61
779415,5023,77
781187,5037,71
783217,5062,65
785453,5115,71
787494,5122,71
789244,5062,63
791196,5041,73
793382,5150,63
795534,5046,75
797347,5022,66
799444,5161,76
800956,5026,67
803348,5188,63
805263,5136,75
807180,5083,67
809167,5086,75
811468,5196,66
813182,5078,76
815035,5136,64
817148,5045,66
819318,5063,65
821211,5183,77
823064,5142,70
825245,5073,65
827204,5158,70
829284,5062,78
831109,5113,72
833230,5031,66
835190,5163,70
837525,5104,64
839268,5193,76
841252,5154,73
843064,5180,69
845292,5124,61
847384,5034,60
849363,5158,70
851373,5060,63
853261,5046,77
857400,5199,72
859187,5035,75
861314,5115,70
863060,5050,65
865094,5099,72
869166,5199,76
871187,5178,71
873112,5083,78
877087,5056,62
879044,5112,75
881261,5084,76
883137,5170,71
885151,5188,68
887224,5030,72
889121,5198,64
891243,5008,78
893347,5160,63
895115,5083,64
897287,5109,65
899233,5064,69
901249,5077,74
903088,5195,72
904915,5131,74
907180,5154,70
909209,5050,67
911317,5068,60
915201,5145,74
917044,5052,67
919069,5103,79
921057,5138,78
923299,5153,69
925244,5047,69
927178,5081,67
929022,5169,64
931164,5186,73
935166,5067,76
937106,5197,73
939163,5097,70
941356,5137,68
943261,5043,67
945337,5156,64
947146,5060,77
949226,5016,61
950739,5121,66
952789,5165,62
955304,5023,77
957150,5011,76
959212,5189,65
961320,5024,73
963452,5189,60
965122,5146,73
966896,5099,72
969018,5123,67
971234,5085,62
973386,5124,71
975308,5073,79
977141,5190,61
978908,5165,71
980853,5063,72
983112,5185,74
984901,5127,66
987119,5162,63
989144,5184,79
991405,5023,63
993164,5032,72
995308,5141,75
997060,5007,68
999259,5138,77
1001273,5012,78
1003179,5179,63
1005257,5130,69
1007178,5021,71
1009028,5015,78
1011306,5155,60
1013288,5172,60
1015115,5000,60
1017225,5019,65
1021202,5054,79
1025183,5125,63
1027196,5037,66
1029253,5092,74
1031189,5154,61
1033198,5018,75
1035273,5052,69
1037154,5008,71
1039253,5047,68
1041138,5062,78
1043043,5164,70
1044951,5047,60
1047071,5064,77
1049231,5086,78
1051366,5179,60
1053152,5133,76
1054911,5115,70
1057306,5149,69
1059193,5003,76
1061254,5164,73
1063244,5038,77
1065313,5183,60
1067148,5159,78
1069373,5035,60
1071100,5072,69
1075164,5030,60
1077218,5092,79
1079360,5167,76
1081202,5035,76
1083040,5152,72
1085228,5044,66
1087109,5008,72
1089115,5133,64
1091342,5161,62
1093092,5077,68
1095060,5195,70
1097076,5169,72
1099341,5149,69
1103289,5181,72
1105348,5075,60
1107215,5030,63
1109160,5026,74
1111161,5001,75
1113271,5163,63
1115330,5089,72
1117156,5151,70
1119247,5035,70
1121458,5130,71
1123124,5165,68
1125131,5137,72
1127074,5145,73
1129207,5145,63
1131054,5037,77
1133119,5080,74
1135245,5168,64
1137214,5025,70
1139461,5167,78
1141331,5032,77
1143201,5168,75
1145184,5029,60
1147157,5082,72
1149349,5029,63
1151204,5173,72
1153225,5057,64
1155155,5197,76
1157054,5193,74
1159096,5111,68
1161167,5108,71
1163109,5034,69
1165298,5061,68
1167197,5163,67
1169177,5142,61
1171278,5163,73
1173001,5042,64
1175089,5009,76
1177025,5007,73
1179465,5073,76
1181325,5194,72
1183209,5014,78
1185395,5090,65
1187439,5042,66
1189227,5177,76
1190937,5000,77
1193277,5109,60
1195136,5081,60
1197167,5057,73
1199109,5040,62
83293,5071,74
85308,5002,62
88448,5197,79
91654,5107,71
94136,5172,74
97441,5030,66
99437,5013,71
101524,5083,76
103482,5180,75
105327,5148,73
108426,5147,78
109499,5162,78
111194,5093,72
113469,5189,69
115476,5186,76
117440,5169,78
119562,5090,66
121531,5068,79
123142,5100,70
125375,5165,67
127457,5107,66
129576,5113,79
131545,5131,63
133173,5172,79
135360,5051,79
137862,5199,75
139441,5194,70
141157,5182,74
143188,5041,69
145137,5198,69
147511,5105,63
149451,5045,74
151461,5025,69
153339,5131,77
155219,5004,70
157678,5023,75
159635,5008,64
161362,5000,72
163244,5083,62
165341,5166,77
167359,5048,75
169309,5113,67
171302,5037,71
173755,5184,72
175329,5050,61
177208,5164,71
179143,5114,67
181583,5055,64
183402,5069,71
185557,5067,69
188129,5059,70
189027,5129,79
193274,5126,70
195215,5007,79
197119,5025,69
199228,5050,78
201282,5095,61
203489,5144,74
205751,5144,65
209702,5145,62
211480,5015,70
213532,5034,74
215085,5160,79
217606,5017,61
219480,5146,60
221592,5014,65
223073,5156,65
225150,5128,73
229475,5133,66
233405,5086,62
235238,5150,63
237150,5055,72
239222,5099,78
241392,5147,64
243260,5006,68
244959,5088,68
247380,5034,66
249452,5155,69
251462,5110,75
253141,5144,64
255174,5000,79
257557,5121,70
259363,5001,73
261329,5110,78
263567,5002,78
265106,5030,76
267476,5139,75
269202,5130,76
271241,5025,75
273339,5154,68
275199,5058,60
277169,5099,62
279209,5181,76
281224,5118,67
283290,5018,79
285435,5046,75
287176,5079,71
289308,5092,65
293268,5184,62
295047,5012,70
297151,5024,61
299387,5161,66
301188,5167,71
303461,5036,61
305185,5072,77
307240,5135,77
309130,5101,62
311367,5152,69
313322,5185,71
315185,5134,75
317753,5177,64
319665,5194,73
320978,5132,64
323501,5036,75
325332,5074,70
327366,5126,70
329446,5076,67
331379,5044,65
333370,5003,73
335274,5038,71
337548,5057,77
339358,5030,67
341250,5106,76
343188,5149,68
345119,5096,79
347213,5093,77
349287,5125,69
351458,5074,62
353190,5101,77
355064,5124,68
359042,5079,79
361320,5027,70
363501,5175,70
365210,5002,66
367347,5025,64
369183,5188,63
371274,5107,66
373278,5118,62
375322,5196,73
377420,5102,70
379259,5070,69
381188,5080,69
385292,5044,64
387428,5186,70
389289,5176,73
391279,5167,70
393267,5164,73
395158,5085,68
397296,5082,75
399287,5090,60
401310,5052,66
403274,5072,67
405343,5158,64
407207,5071,71
409306,5105,79
411023,5103,64
413204,5071,64
415184,5002,73
417228,5127,79
419354,5079,63
421404,5095,74
423155,5093,71
425372,5180,77
427423,5092,75
429362,5123,72
431262,5044,71
433147,5049,64
435428,5067,60
437399,5125,71
439200,5108,73
441160,5108,74
443280,5168,64
445228,5059,73
447242,5031,79
448867,5124,67
451324,5042,63
453368,5010,64
455071,5051,62
457280,5186,64
459325,5106,60
461313,5053,77
463167,5175,69
465441,5059,72
467402,5085,79
469359,5119,65
471102,5163,79
473321,5162,67
475253,5005,60
477241,5118,70
479595,5025,65
481184,5036,66
483582,5155,75
485281,5133,73
487286,5159,67
489264,5073,72
491461,5016,74
493238,5152,63
495180,5132,65
497437,5160,71
499246,5196,66
501231,5074,72
503293,5189,64
505344,5076,71
507156,5030,65
509226,5168,62
511463,5199,69
513228,5012,64
515283,5093,61
517074,5084,68
521320,5138,61
523282,5096,69
525148,5149,70
527276,5020,75
529147,5075,62
531023,5106,77
533205,5173,68
535300,5058,68
537136,5176,76
539343,5103,77
541376,5057,62
543415,5148,64
545264,5168,71
547294,5087,68
549219,5086,74
551346,5060,62
553319,5136,64
555337,5198,70
559348,5163,60
561254,5036,63
563096,5088,64
565500,5094,65
567302,5082,64
569253,5183,71
571222,5118,66
573577,5104,72
575174,5136,79
577312,5077,65
579276,5005,71
581299,5151,64
583373,5028,69
585306,5109,72
587190,5106,72
589034,5098,61
591160,5042,63
593432,5085,75
595001,5172,68
597415,5052,68
599393,5044,66
601119,5119,79
603172,5048,66
605168,5167,60
607075,5061,61
608885,5083,67
611248,5147,69
613202,5165,64
615317,5097,74
617319,5089,74
619187,5180,61
621297,5111,74
623167,5193,72
625110,5094,66
627067,5175,79
629079,5151,61
631342,5065,62
633441,5155,60
635356,5086,60
637252,5124,62
639154,5131,71
641286,5137,78
645218,5101,66
647325,5095,70
649155,5145,62
651123,5166,74
652987,5113,68
655214,5064,61
657037,5183,67
659262,5157,74
661329,5076,79
663234,5015,69
665372,5190,66
667081,5080,62
669263,5158,73
671217,5116,74
672941,5015,76
675250,5124,67
677527,5193,77
679282,5106,60
681162,5046,77
683203,5123,63
685368,5106,61
687264,5098,77
689189,5032,60
691438,5125,66
692872,5151,66
695150,5198,72
697216,5088,66
699247,5191,69
701579,5023,73
703090,5050,71
705339,5102,60
707264,5047,74
709248,5090,64
711223,5144,75
713293,5023,76
715392,5189,77
717189,5089,77
719373,5121,77
721231,5048,71
723078,5010,77
725182,5076,65
727250,5134,60
729310,5164,72
731292,5036,60
733623,5044,60
735207,5161,72
737135,5034,68
739161,5118,79
741191,5115,69
743161,5073,66
747089,5036,75
751304,5004,66
753205,5130,60
755082,5104,68
757273,5197,64
759357,5122,63
761265,5070,64
765097,5133,62
767131,5033,76
769054,5022,71
771251,5106,77
773130,5141,62
774907,5013,70
777404,5074,61
779169,5023,77
781200,5037,71
783320,5062,65
785180,5115,71
787213,5122,71
791247,5041,73
793296,5150,63
795409,5046,75
799126,5161,76
801260,5026,67
803189,5188,63
805456,5136,75
807200,5083,67
809351,5086,75
811506,5196,66
813446,5078,76
814826,5136,64
817424,5045,66
819208,5063,65
821194,5183,77
823076,5142,70
825119,5073,65
827058,5158,70
829144,5062,78
831195,5113,72
832991,5031,66
837365,5104,64
839170,5193,76
841251,5154,73
843084,5180,69
845269,5124,61
847228,5034,60
849368,5158,70
851213,5060,63
853505,5046,77
855005,5066,75
857114,5199,72
859220,5035,75
861224,5115,70
863366,5050,65
865260,5099,72
867264,5107,65
869251,5199,76
871402,5178,71
873109,5083,78
875429,5052,61
877135,5056,62
879231,5112,75
881026,5084,76
883346,5170,71
887201,5030,72
889300,5198,64
891076,5008,78
893332,5160,63
895155,5083,64
896983,5109,65
899277,5064,69
901371,5077,74
903247,5195,72
905156,5131,74
907221,5154,70
909307,5050,67
911141,5068,60
913102,5034,71
915369,5145,74
919413,5103,79
921095,5138,78
923205,5153,69
925215,5047,69
927089,5081,67
929242,5169,64
931266,5186,73
933394,5075,75
934900,5067,76
937350,5197,73
939432,5097,70
941389,5137,68
943217,5043,67
945289,5156,64
947457,5060,77
949096,5016,61
951188,5121,66
953262,5165,62
955293,5023,77
957276,5011,76
961146,5024,73
963200,5189,60
965281,5146,73
967189,5099,72
969311,5123,67
971287,5085,62
973181,5124,71
975307,5073,79
979236,5165,71
981113,5063,72
983068,5185,74
985089,5127,66
987183,5162,63
989177,5184,79
991287,5023,63
993222,5032,72
995254,5141,75
997146,5007,68
999240,5138,77
1001247,5012,78
1003196,5179,63
1005214,5130,69
1007056,5021,71
1009144,5015,78
1011169,5155,60
1013216,5172,60
1015267,5000,60
1017159,5019,65
1019310,5185,74
1021186,5054,79
1023382,5115,63
1025291,5125,63
1027167,5037,66
1029171,5092,74
1031240,5154,61
1033150,5018,75
1035342,5052,69
1037262,5008,71
1039375,5047,68
1041128,5062,78
1043444,5164,70
1045345,5047,60
1047310,5064,77
1049202,5086,78
1051221,5179,60
1053245,5133,76
1055371,5115,70
1057179,5149,69
1061347,5164,73
1063185,5038,77
1065358,5183,60
1067255,5159,78
1069177,5035,60
1071274,5072,69
1073219,5161,60
1075209,5030,60
1077328,5092,79
1079095,5167,76
1081268,5035,76
1083266,5152,72
1085398,5044,66
1087173,5008,72
1089132,5133,64
1091307,5161,62
1093392,5077,68
1095165,5195,70
1097306,5169,72
1099182,5149,69
1101219,5145,61
1102989,5181,72
1105252,5075,60
1107263,5030,63
1108961,5026,74
1111373,5001,75
1113452,5163,63
1115148,5089,72
1117171,5151,70
1119182,5035,70
1121285,5130,71
1122961,5165,68
1125193,5137,72
1127005,5145,73
1129240,5145,63
1131100,5037,77
1133319,5080,74
1135206,5168,64
1137163,5025,70
1138983,5167,78
1141379,5032,77
1143074,5168,75
1145267,5029,60
1147515,5082,72
1149162,5029,63
1151333,5173,72
1153272,5057,64
1155108,5197,76
1157276,5193,74
1159096,5111,68
1161169,5108,71
1163055,5034,69
1165165,5061,68
1167213,5163,67
1169098,5142,61
1171187,5163,73
1173022,5042,64
1175251,5009,76
1177073,5007,73
1179289,5073,76
1181209,5194,72
1183150,5014,78
1185240,5090,65
1187066,5042,66
1189177,5177,76
1193215,5109,60
1194986,5081,60
1197209,5057,73
1199263,5040,62
82936,5071,74
84728,5002,62
86688,5197,79
88700,5160,74
92718,5172,74
94799,5051,61
96711,5030,66
98689,5013,71
100860,5083,76
102901,5180,75
104843,5148,73
106744,5147,78
108628,5162,78
110709,5093,72
112705,5189,69
114760,5186,76
116719,5169,78
118814,5090,66
120732,5068,79
122705,5100,70
124733,5165,67
126667,5107,66
128763,5113,79
130809,5131,63
132712,5172,79
134791,5051,79
136754,5199,75
138634,5194,70
140769,5182,74
142706,5041,69
144843,5198,69
146764,5105,63
148712,5045,74
150897,5025,69
152721,5131,77
154661,5004,70
156657,5023,75
158989,5008,64
160772,5000,72
162782,5083,62
164849,5166,77
166729,5048,75
168959,5113,67
170922,5037,71
172686,5184,72
174696,5050,61
176696,5164,71
178715,5114,67
180743,5055,64
182981,5069,71
184703,5067,69
186761,5059,70
188647,5129,79
190747,5139,78
192782,5126,70
194745,5007,79
196786,5025,69
198863,5050,78
200712,5095,61
202728,5144,74
204696,5144,65
206696,5102,60
208746,5145,62
210766,5015,70
212647,5034,74
214822,5160,79
216658,5017,61
218851,5146,60
220830,5014,65
222860,5156,65
224805,5128,73
226705,5010,69
228751,5133,66
230692,5178,64
232625,5086,62
234715,5150,63
236928,5055,72
238622,5099,78
240810,5147,64
242716,5006,68
244757,5088,68
246776,5034,66
248783,5155,69
250812,5110,75
252815,5144,64
254672,5000,79
83293,5071,74
85308,5002,62
88448,5197,79
91654,5107,71
94136,5172,74
97441,5030,66
99437,5013,71
101524,5083,76
103482,5180,75
105327,5148,73
108426,5147,78
109499,5162,78
111194,5093,72
113469,5189,69
115476,5186,76
117440,5169,78
119562,5090,66
121531,5068,79
123142,5100,70
125375,5165,67
127457,5107,66
129576,5113,79
131545,5131,63
133173,5172,79
135360,5051,79
137862,5199,75
139441,5194,70
141157,5182,74
143188,5041,69
145137,5198,69
147511,5105,63
149451,5045,74
151461,5025,69
153339,5131,77
155219,5004,70
157678,5023,75
159635,5008,64
161362,5000,72
163244,5083,62
165341,5166,77
167359,5048,75
169309,5113,67
171302,5037,71
173755,5184,72
175329,5050,61
177208,5164,71
179143,5114,67
181583,5055,64
183402,5069,71
185557,5067,69
188129,5059,70
189027,5129,79
193274,5126,70
195215,5007,79
197119,5025,69
199228,5050,78
201282,5095,61
203489,5144,74
205751,5144,65
209702,5145,62
211480,5015,70
213532,5034,74
215085,5160,79
217606,5017,61
219480,5146,60
221592,5014,65
223073,5156,65
225150,5128,73
229475,5133,66
233405,5086,62
235238,5150,63
237150,5055,72
239222,5099,78
241392,5147,64
243260,5006,68
244959,5088,68
247380,5034,66
249452,5155,69
251462,5110,75
253141,5144,64
255174,5000,79
257557,5121,70
259363,5001,73
261329,5110,78
263567,5002,78
265106,5030,76
267476,5139,75
269202,5130,76
271241,5025,75
273339,5154,68
275199,5058,60
277169,5099,62
279209,5181,76
281224,5118,67
283290,5018,79
285435,5046,75
287176,5079,71
289308,5092,65
293268,5184,62
295047,5012,70
297151,5024,61
299387,5161,66
301188,5167,71
303461,5036,61
305185,5072,77
307240,5135,77
309130,5101,62
311367,5152,69
313322,5185,71
315185,5134,75
317753,5177,64
319665,5194,73
320978,5132,64
323501,5036,75
325332,5074,70
327366,5126,70
329446,5076,67
331379,5044,65
333370,5003,73
335274,5038,71
337548,5057,77
339358,5030,67
341250,5106,76
343188,5149,68
345119,5096,79
347213,5093,77
349287,5125,69
351458,5074,62
353190,5101,77
355064,5124,68
359042,5079,79
361320,5027,70
363501,5175,70
365210,5002,66
367347,5025,64
369183,5188,63
371274,5107,66
373278,5118,62
375322,5196,73
377420,5102,70
379259,5070,69
381188,5080,69
385292,5044,64
387428,5186,70
389289,5176,73
391279,5167,70
393267,5164,73
395158,5085,68
397296,5082,75
399287,5090,60
401310,5052,66
403274,5072,67
405343,5158,64
407207,5071,71
409306,5105,79
411023,5103,64
413204,5071,64
415184,5002,73
417228,5127,79
419354,5079,63
421404,5095,74
423155,5093,71
425372,5180,77
427423,5092,75
429362,5123,72
431262,5044,71
433147,5049,64
435428,5067,60
437399,5125,71
439200,5108,73
441160,5108,74
443280,5168,64
445228,5059,73
447242,5031,79
448867,5124,67
451324,5042,63
453368,5010,64
455071,5051,62
457280,5186,64
459325,5106,60
461313,5053,77
463167,5175,69
465441,5059,72
467402,5085,79
469359,5119,65
471102,5163,79
473321,5162,67
475253,5005,60
477241,5118,70
479595,5025,65
481184,5036,66
483582,5155,75
485281,5133,73
487286,5159,67
489264,5073,72
491461,5016,74
493238,5152,63
495180,5132,65
497437,5160,71
499246,5196,66
501231,5074,72
503293,5189,64
505344,5076,71
507156,5030,65
509226,5168,62
511463,5199,69
513228,5012,64
515283,5093,61
517074,5084,68
521320,5138,61
523282,5096,69
525148,5149,70
527276,5020,75
529147,5075,62
531023,5106,77
533205,5173,68
535300,5058,68
537136,5176,76
539343,5103,77
541376,5057,62
543415,5148,64
545264,5168,71
547294,5087,68
549219,5086,74
551346,5060,62
553319,5136,64
555337,5198,70
559348,5163,60
561254,5036,63
563096,5088,64
565500,5094,65
567302,5082,64
569253,5183,71
571222,5118,66
573577,5104,72
575174,5136,79
577312,5077,65
579276,5005,71
581299,5151,64
583373,5028,69
585306,5109,72
587190,5106,72
589034,5098,61
591160,5042,63
593432,5085,75
595001,5172,68
597415,5052,68
599393,5044,66
601119,5119,79
603172,5048,66
605168,5167,60
607075,5061,61
608885,5083,67
611248,5147,69
613202,5165,64
615317,5097,74
617319,5089,74
619187,5180,61
621297,5111,74
623167,5193,72
625110,5094,66
627067,5175,79
629079,5151,61
631342,5065,62
633441,5155,60
635356,5086,60
637252,5124,62
639154,5131,71
641286,5137,78
645218,5101,66
647325,5095,70
649155,5145,62
651123,5166,74
652987,5113,68
655214,5064,61
657037,5183,67
659262,5157,74
661329,5076,79
663234,5015,69
665372,5190,66
667081,5080,62
669263,5158,73
671217,5116,74
672941,5015,76
675250,5124,67
677527,5193,77
679282,5106,60
681162,5046,77
683203,5123,63
685368,5106,61
687264,5098,77
689189,5032,60
691438,5125,66
692872,5151,66
695150,5198,72
697216,5088,66
699247,5191,69
701579,5023,73
703090,5050,71
705339,5102,60
707264,5047,74
709248,5090,64
711223,5144,75
713293,5023,76
715392,5189,77
717189,5089,77
719373,5121,77
721231,5048,71
723078,5010,77
725182,5076,65
727250,5134,60
729310,5164,72
731292,5036,60
733623,5044,60
735207,5161,72
737135,5034,68
739161,5118,79
741191,5115,69
743161,5073,66
747089,5036,75
751304,5004,66
753205,5130,60
755082,5104,68
757273,5197,64
759357,5122,63
761265,5070,64
765097,5133,62
767131,5033,76
769054,5022,71
771251,5106,77
773130,5141,62
774907,5013,70
777404,5074,61
779169,5023,77
781200,5037,71
783320,5062,65
785180,5115,71
787213,5122,71
791247,5041,73
793296,5150,63
795409,5046,75
799126,5161,76
801260,5026,67
803189,5188,63
805456,5136,75
807200,5083,67
809351,5086,75
811506,5196,66
813446,5078,76
814826,5136,64
817424,5045,66
819208,5063,65
821194,5183,77
823076,5142,70
825119,5073,65
827058,5158,70
829144,5062,78
831195,5113,72
832991,5031,66
837365,5104,64
839170,5193,76
841251,5154,73
843084,5180,69
845269,5124,61
847228,5034,60
849368,5158,70
851213,5060,63
853505,5046,77
855005,5066,75
857114,5199,72
859220,5035,75
861224,5115,70
863366,5050,65
865260,5099,72
867264,5107,65
869251,5199,76
871402,5178,71
873109,5083,78
875429,5052,61
877135,5056,62
879231,5112,75
881026,5084,76
883346,5170,71
887201,5030,72
889300,5198,64
891076,5008,78
893332,5160,63
895155,5083,64
896983,5109,65
899277,5064,69
901371,5077,74
903247,5195,72
905156,5131,74
907221,5154,70
909307,5050,67
911141,5068,60
913102,5034,71
915369,5145,74
919413,5103,79
921095,5138,78
923205,5153,69
925215,5047,69
927089,5081,67
929242,5169,64
931266,5186,73
933394,5075,75
934900,5067,76
937350,5197,73
939432,5097,70
941389,5137,68
943217,5043,67
945289,5156,64
947457,5060,77
949096,5016,61
951188,5121,66
953262,5165,62
955293,5023,77
957276,5011,76
961146,5024,73
963200,5189,60
965281,5146,73
967189,5099,72
969311,5123,67
971287,5085,62
973181,5124,71
975307,5073,79
979236,5165,71
981113,5063,72
983068,5185,74
985089,5127,66
987183,5162,63
989177,5184,79
991287,5023,63
993222,5032,72
995254,5141,75
997146,5007,68
999240,5138,77
1001247,5012,78
1003196,5179,63
1005214,5130,69
1007056,5021,71
1009144,5015,78
1011169,5155,60
1013216,5172,60
1015267,5000,60
1017159,5019,65
1019310,5185,74
1021186,5054,79
1023382,5115,63
1025291,5125,63
1027167,5037,66
1029171,5092,74
1031240,5154,61
1033150,5018,75
1035342,5052,69
1037262,5008,71
1039375,5047,68
1041128,5062,78
1043444,5164,70
1045345,5047,60
1047310,5064,77
1049202,5086,78
1051221,5179,60
1053245,5133,76
1055371,5115,70
1057179,5149,69
1061347,5164,73
1063185,5038,77
1065358,5183,60
1067255,5159,78
1069177,5035,60
1071274,5072,69
1073219,5161,60
1075209,5030,60
1077328,5092,79
1079095,5167,76
1081268,5035,76
1083266,5152,72
1085398,5044,66
1087173,5008,72
1089132,5133,64
1091307,5161,62
1093392,5077,68
1095165,5195,70
1097306,5169,72
1099182,5149,69
1101219,5145,61
1102989,5181,72
1105252,5075,60
1107263,5030,63
1108961,5026,74
1111373,5001,75
1113452,5163,63
1115148,5089,72
1117171,5151,70
1119182,5035,70
1121285,5130,71
1122961,5165,68
1125193,5137,72
1127005,5145,73
1129240,5145,63
1131100,5037,77
1133319,5080,74
1135206,5168,64
1137163,5025,70
1138983,5167,78
1141379,5032,77
1143074,5168,75
1145267,5029,60
1147515,5082,72
1149162,5029,63
1151333,5173,72
1153272,5057,64
1155108,5197,76
1157276,5193,74
1159096,5111,68
1161169,5108,71
1163055,5034,69
1165165,5061,68
1167213,5163,67
1169098,5142,61
1171187,5163,73
1173022,5042,64
1175251,5009,76
1177073,5007,73
1179289,5073,76
1181209,5194,72
1183150,5014,78
1185240,5090,65
1187066,5042,66
1189177,5177,76
1193215,5109,60
1194986,5081,60
1197209,5057,73
1199263,5040,62
85935,5002,62
87958,5197,79
88930,5160,74
93538,5172,74
97360,5030,66
99131,5013,71
101420,5083,76
103306,5180,75
105359,5148,73
107352,5147,78
109193,5162,78
111068,5093,72
113305,5189,69
115298,5186,76
117103,5169,78
119410,5090,66
121337,5068,79
123269,5100,70
125326,5165,67
127392,5107,66
129301,5113,79
131072,5131,63
133191,5172,79
139489,5194,70
141080,5182,74
143222,5041,69
145128,5198,69
147148,5105,63
151178,5025,69
153430,5131,77
155176,5004,70
159373,5008,64
161471,5000,72
163174,5083,62
166936,5048,75
169111,5113,67
171119,5037,71
173326,5184,72
175465,5050,61
177255,5164,71
179092,5114,67
181259,5055,64
183351,5069,71
185352,5067,69
187081,5059,70
188936,5129,79
191158,5139,78
193432,5126,70
195190,5007,79
197460,5025,69
199259,5050,78
201036,5095,61
203565,5144,74
205236,5144,65
207284,5102,60
209317,5145,62
211334,5015,70
213351,5034,74
215088,5160,79
217049,5017,61
218951,5146,60
221253,5014,65
223173,5156,65
225150,5128,73
226983,5010,69
229335,5133,66
231418,5178,64
232853,5086,62
235141,5150,63
237166,5055,72
239144,5099,78
241153,5147,64
243025,5006,68
245020,5088,68
247384,5034,66
249346,5155,69
251216,5110,75
253196,5144,64
255225,5000,79
257076,5121,70
258941,5001,73
260999,5110,78
263409,5002,78
265115,5030,76
267223,5139,75
269103,5130,76
271285,5025,75
273067,5154,68
275185,5058,60
277098,5099,62
279208,5181,76
281186,5118,67
283277,5018,79
285059,5046,75
287098,5079,71
288938,5092,65
291070,5160,69
293110,5184,62
295206,5012,70
296913,5024,61
299162,5161,66
301077,5167,71
303035,5036,61
305073,5072,77
307395,5135,77
309242,5101,62
311274,5152,69
312964,5185,71
314991,5134,75
316959,5177,64
319229,5194,73
321199,5132,64
323038,5036,75
324948,5074,70
327230,5126,70
329162,5076,67
330995,5044,65
333016,5003,73
336999,5057,77
341106,5106,76
343123,5149,68
345219,5096,79
347416,5093,77
349199,5125,69
350966,5074,62
355284,5124,68
356989,5052,66
359174,5079,79
361198,5027,70
363089,5175,70
365289,5002,66
367206,5025,64
369016,5188,63
371311,5107,66
373042,5118,62
375409,5196,73
377222,5102,70
378953,5070,69
381386,5080,69
383391,5083,66
385027,5044,64
387483,5186,70
389065,5176,73
391282,5167,70
393042,5164,73
397189,5082,75
399313,5090,60
401102,5052,66
403225,5072,67
405182,5158,64
407011,5071,71
408818,5105,79
411472,5103,64
412978,5071,64
415131,5002,73
416993,5127,79
419156,5079,63
421197,5095,74
423132,5093,71
425092,5180,77
427057,5092,75
429140,5123,72
431152,5044,71
433350,5049,64
435040,5067,60
437066,5125,71
439326,5108,73
441018,5108,74
443182,5168,64
445090,5059,73
446982,5031,79
449016,5124,67
451192,5042,63
452909,5010,64
454999,5051,62
456989,5186,64
459191,5106,60
460987,5053,77
463410,5175,69
465174,5059,72
467115,5085,79
471087,5163,79
473109,5162,67
477063,5118,70
479115,5025,65
481054,5036,66
483135,5155,75
485159,5133,73
487091,5159,67
488676,5073,72
491486,5016,74
493203,5152,63
495110,5132,65
497258,5160,71
499016,5196,66
500925,5074,72
503193,5189,64
504986,5076,71
508970,5168,62
511215,5199,69
513021,5012,64
515172,5093,61
517030,5084,68
519185,5177,70
521085,5138,61
523093,5096,69
525194,5149,70
527039,5020,75
529031,5075,62
531017,5106,77
533098,5173,68
535273,5058,68
536993,5176,76
539059,5103,77
541308,5057,62
543208,5148,64
545102,5168,71
547140,5087,68
551246,5060,62
553120,5136,64
555202,5198,70
557044,5067,77
559288,5163,60
560999,5036,63
563140,5088,64
565095,5094,65
567014,5082,64
569047,5183,71
571155,5118,66
573103,5104,72
575118,5136,79
579017,5005,71
581056,5151,64
583195,5028,69
585053,5109,72
587242,5106,72
589327,5098,61
590945,5042,63
592993,5085,75
595084,5172,68
597355,5052,68
599134,5044,66
601085,5119,79
603068,5048,66
604928,5167,60
607138,5061,61
609169,5083,67
611025,5147,69
613040,5165,64
615148,5097,74
617032,5089,74
619026,5180,61
621028,5111,74
623174,5193,72
625088,5094,66
626970,5175,79
629076,5151,61
631241,5065,62
633084,5155,60
635240,5086,60
637074,5124,62
639155,5131,71
641113,5137,78
643002,5149,67
644996,5101,66
647167,5095,70
649088,5145,62
651002,5166,74
652999,5113,68
654990,5064,61
657112,5183,67
659161,5157,74
661114,5076,79
663049,5015,69
665263,5190,66
667216,5080,62
669038,5158,73
671172,5116,74
673191,5015,76
674976,5124,67
677015,5193,77
679118,5106,60
681136,5046,77
683076,5123,63
685243,5106,61
687326,5098,77
689150,5032,60
691210,5125,66
693015,5151,66
695468,5198,72
697033,5088,66
698985,5191,69
701155,5023,73
703277,5050,71
705122,5102,60
707132,5047,74
709098,5090,64
711149,5144,75
713138,5023,76
715103,5189,77
717017,5089,77
719040,5121,77
721209,5048,71
723134,5010,77
724990,5076,65
727115,5134,60
729084,5164,72
731163,5036,60
733195,5044,60
735004,5161,72
737037,5034,68
739162,5118,79
743042,5073,66
745176,5021,71
747046,5036,75
749284,5104,62
751102,5004,66
753041,5130,60
754928,5104,68
757221,5197,64
761433,5070,64
762943,5133,77
765242,5133,62
767046,5033,76
769201,5022,71
771010,5106,77
772728,5141,62
775228,5013,70
777192,5074,61
779404,5023,77
781147,5037,71
783159,5062,65
785070,5115,71
786847,5122,71
789059,5062,63
791124,5041,73
793172,5150,63
795112,5046,75
797028,5022,66
799118,5161,76
803228,5188,63
805048,5136,75
807190,5083,67
808829,5086,75
811335,5196,66
813088,5078,76
814993,5136,64
817217,5045,66
818870,5063,65
821205,5183,77
822873,5142,70
825035,5073,65
827292,5158,70
828934,5062,78
830934,5113,72
833036,5031,66
835168,5163,70
836960,5104,64
839181,5193,76
841078,5154,73
843025,5180,69
845099,5124,61
847115,5034,60
849102,5158,70
851182,5060,63
853049,5046,77
855164,5066,75
857056,5199,72
859129,5035,75
860964,5115,70
863131,5050,65
867214,5107,65
869143,5199,76
871177,5178,71
873036,5083,78
875114,5052,61
877076,5056,62
878880,5112,75
881040,5084,76
883185,5170,71
885113,5188,68
887365,5030,72
889326,5198,64
891261,5008,78
893239,5160,63
895047,5083,64
897068,5109,65
899071,5064,69
901303,5077,74
902978,5195,72
907086,5154,70
909169,5050,67
911077,5068,60
913045,5034,71
915091,5145,74
917105,5052,67
919018,5103,79
921068,5138,78
923181,5153,69
925286,5047,69
927132,5081,67
929089,5169,64
931143,5186,73
933183,5075,75
934886,5067,76
937067,5197,73
939069,5097,70
943231,5043,67
945018,5156,64
946953,5060,77
948911,5016,61
951096,5121,66
955049,5023,77
957050,5011,76
959164,5189,65
961112,5024,73
963109,5189,60
965104,5146,73
967112,5099,72
969044,5123,67
971130,5085,62
973130,5124,71
975126,5073,79
977097,5190,61
979047,5165,71
981018,5063,72
983243,5185,74
984989,5127,66
987190,5162,63
989131,5184,79
993097,5032,72
995069,5141,75
997098,5007,68
999108,5138,77
1001363,5012,78
1003075,5179,63
1005204,5130,69
1007231,5021,71
1009120,5015,78
1010991,5155,60
1013352,5172,60
1015003,5000,60
1017233,5019,65
1019002,5185,74
1021078,5054,79
1023002,5115,63
1025188,5125,63
1027008,5037,66
1029133,5092,74
1031167,5154,61
1033100,5018,75
1035115,5052,69
1036980,5008,71
1039138,5047,68
1041089,5062,78
1043032,5164,70
1045176,5047,60
1047236,5064,77
1049061,5086,78
1051393,5179,60
1053148,5133,76
1055050,5115,70
1056970,5149,69
1059111,5003,76
1061101,5164,73
1063146,5038,77
1064992,5183,60
1066952,5159,78
1069037,5035,60
1070914,5072,69
1073137,5161,60
1075029,5030,60
1076963,5092,79
1079013,5167,76
1080923,5035,76
1083090,5152,72
1085062,5044,66
1089124,5133,64
1090992,5161,62
1093164,5077,68
1095069,5195,70
1097059,5169,72
1099091,5149,69
1101144,5145,61
1103221,5181,72
1105011,5075,60
1107062,5030,63
1109012,5026,74
1111112,5001,75
1113206,5163,63
1115094,5089,72
1117045,5151,70
1119155,5035,70
1121152,5130,71
1123121,5165,68
1125058,5137,72
1127056,5145,73
1129050,5145,63
1130993,5037,77
1133168,5080,74
1135114,5168,64
1137078,5025,70
1139028,5167,78
1141349,5032,77
1143050,5168,75
1145075,5029,60
1147115,5082,72
1149138,5029,63
1151098,5173,72
1152869,5057,64
1155025,5197,76
1157105,5193,74
1159066,5111,68
1163100,5034,69
1167074,5163,67
1169095,5142,61
1171071,5163,73
1173088,5042,64
1175001,5009,76
1177115,5007,73
1178953,5073,76
1181295,5194,72
1183173,5014,78
1185160,5090,65
1187005,5042,66
1189083,5177,76
1190903,5000,77
1193154,5109,60
1195015,5081,60
1197252,5057,73
1199191,5040,62
85935,5002,62
87958,5197,79
88930,5160,74
93538,5172,74
97360,5030,66
99131,5013,71
101420,5083,76
103306,5180,75
105359,5148,73
107352,5147,78
109193,5162,78
111068,5093,72
113305,5189,69
115298,5186,76
117103,5169,78
119410,5090,66
121337,5068,79
123269,5100,70
125326,5165,67
127392,5107,66
129301,5113,79
131072,5131,63
133191,5172,79
139489,5194,70
141080,5182,74
143222,5041,69
145128,5198,69
147148,5105,63
151178,5025,69
153430,5131,77
155176,5004,70
159373,5008,64
161471,5000,72
163174,5083,62
166936,5048,75
169111,5113,67
171119,5037,71
173326,5184,72
175465,5050,61
177255,5164,71
179092,5114,67
181259,5055,64
183351,5069,71
185352,5067,69
187081,5059,70
188936,5129,79
191158,5139,78
193432,5126,70
195190,5007,79
197460,5025,69
199259,5050,78
201036,5095,61
203565,5144,74
205236,5144,65
207284,5102,60
209317,5145,62
211334,5015,70
213351,5034,74
215088,5160,79
217049,5017,61
218951,5146,60
221253,5014,65
223173,5156,65
225150,5128,73
226983,5010,69
229335,5133,66
231418,5178,64
232853,5086,62
235141,5150,63
237166,5055,72
239144,5099,78
241153,5147,64
243025,5006,68
245020,5088,68
247384,5034,66
249346,5155,69
251216,5110,75
253196,5144,64
255225,5000,79
257076,5121,70
258941,5001,73
260999,5110,78
263409,5002,78
265115,5030,76
267223,5139,75
269103,5130,76
271285,5025,75
273067,5154,68
275185,5058,60
277098,5099,62
279208,5181,76
281186,5118,67
283277,5018,79
285059,5046,75
287098,5079,71
288938,5092,65
291070,5160,69
293110,5184,62
295206,5012,70
296913,5024,61
299162,5161,66
301077,5167,71
303035,5036,61
305073,5072,77
307395,5135,77
309242,5101,62
311274,5152,69
312964,5185,71
314991,5134,75
316959,5177,64
319229,5194,73
321199,5132,64
323038,5036,75
324948,5074,70
327230,5126,70
329162,5076,67
330995,5044,65
333016,5003,73
336999,5057,77
341106,5106,76
343123,5149,68
345219,5096,79
347416,5093,77
349199,5125,69
350966,5074,62
355284,5124,68
356989,5052,66
359174,5079,79
361198,5027,70
363089,5175,70
365289,5002,66
367206,5025,64
369016,5188,63
371311,5107,66
373042,5118,62
375409,5196,73
377222,5102,70
378953,5070,69
381386,5080,69
383391,5083,66
385027,5044,64
387483,5186,70
389065,5176,73
391282,5167,70
393042,5164,73
397189,5082,75
399313,5090,60
401102,5052,66
403225,5072,67
405182,5158,64
407011,5071,71
408818,5105,79
411472,5103,64
412978,5071,64
415131,5002,73
416993,5127,79
419156,5079,63
421197,5095,74
423132,5093,71
425092,5180,77
427057,5092,75
429140,5123,72
431152,5044,71
433350,5049,64
435040,5067,60
437066,5125,71
439326,5108,73
441018,5108,74
443182,5168,64
445090,5059,73
446982,5031,79
449016,5124,67
451192,5042,63
452909,5010,64
454999,5051,62
456989,5186,64
459191,5106,60
460987,5053,77
463410,5175,69
465174,5059,72
467115,5085,79
471087,5163,79
473109,5162,67
477063,5118,70
479115,5025,65
481054,5036,66
483135,5155,75
485159,5133,73
487091,5159,67
488676,5073,72
491486,5016,74
493203,5152,63
495110,5132,65
497258,5160,71
499016,5196,66
500925,5074,72
503193,5189,64
504986,5076,71
508970,5168,62
511215,5199,69
513021,5012,64
515172,5093,61
517030,5084,68
519185,5177,70
521085,5138,61
523093,5096,69
525194,5149,70
527039,5020,75
529031,5075,62
531017,5106,77
533098,5173,68
535273,5058,68
536993,5176,76
539059,5103,77
541308,5057,62
543208,5148,64
545102,5168,71
547140,5087,68
551246,5060,62
553120,5136,64
555202,5198,70
557044,5067,77
559288,5163,60
560999,5036,63
563140,5088,64
565095,5094,65
567014,5082,64
569047,5183,71
571155,5118,66
573103,5104,72
575118,5136,79
579017,5005,71
581056,5151,64
583195,5028,69
585053,5109,72
587242,5106,72
589327,5098,61
590945,5042,63
592993,5085,75
595084,5172,68
597355,5052,68
599134,5044,66
601085,5119,79
603068,5048,66
604928,5167,60
607138,5061,61
609169,5083,67
611025,5147,69
613040,5165,64
615148,5097,74
617032,5089,74
619026,5180,61
621028,5111,74
623174,5193,72
625088,5094,66
626970,5175,79
629076,5151,61
631241,5065,62
633084,5155,60
635240,5086,60
637074,5124,62
639155,5131,71
641113,5137,78
643002,5149,67
644996,5101,66
647167,5095,70
649088,5145,62
651002,5166,74
652999,5113,68
654990,5064,61
657112,5183,67
659161,5157,74
661114,5076,79
663049,5015,69
665263,5190,66
667216,5080,62
669038,5158,73
671172,5116,74
673191,5015,76
674976,5124,67
677015,5193,77
679118,5106,60
681136,5046,77
683076,5123,63
685243,5106,61
687326,5098,77
689150,5032,60
691210,5125,66
693015,5151,66
695468,5198,72
697033,5088,66
698985,5191,69
701155,5023,73
703277,5050,71
705122,5102,60
707132,5047,74
709098,5090,64
711149,5144,75
713138,5023,76
715103,5189,77
717017,5089,77
719040,5121,77
721209,5048,71
723134,5010,77
724990,5076,65
727115,5134,60
729084,5164,72
731163,5036,60
733195,5044,60
735004,5161,72
737037,5034,68
739162,5118,79
743042,5073,66
745176,5021,71
747046,5036,75
749284,5104,62
751102,5004,66
753041,5130,60
754928,5104,68
757221,5197,64
761433,5070,64
762943,5133,77
765242,5133,62
767046,5033,76
769201,5022,71
771010,5106,77
772728,5141,62
775228,5013,70
777192,5074,61
779404,5023,77
781147,5037,71
783159,5062,65
785070,5115,71
786847,5122,71
789059,5062,63
791124,5041,73
793172,5150,63
795112,5046,75
797028,5022,66
799118,5161,76
803228,5188,63
805048,5136,75
807190,5083,67
808829,5086,75
811335,5196,66
813088,5078,76
814993,5136,64
817217,5045,66
818870,5063,65
821205,5183,77
822873,5142,70
825035,5073,65
827292,5158,70
828934,5062,78
830934,5113,72
833036,5031,66
835168,5163,70
836960,5104,64
839181,5193,76
841078,5154,73
843025,5180,69
845099,5124,61
847115,5034,60
849102,5158,70
851182,5060,63
853049,5046,77
855164,5066,75
857056,5199,72
859129,5035,75
860964,5115,70
863131,5050,65
867214,5107,65
869143,5199,76
871177,5178,71
873036,5083,78
875114,5052,61
877076,5056,62
878880,5112,75
881040,5084,76
883185,5170,71
885113,5188,68
887365,5030,72
889326,5198,64
891261,5008,78
893239,5160,63
895047,5083,64
897068,5109,65
899071,5064,69
901303,5077,74
902978,5195,72
907086,5154,70
909169,5050,67
911077,5068,60
913045,5034,71
915091,5145,74
917105,5052,67
919018,5103,79
921068,5138,78
923181,5153,69
925286,5047,69
927132,5081,67
929089,5169,64
931143,5186,73
933183,5075,75
934886,5067,76
937067,5197,73
939069,5097,70
943231,5043,67
945018,5156,64
946953,5060,77
948911,5016,61
951096,5121,66
955049,5023,77
957050,5011,76
959164,5189,65
961112,5024,73
963109,5189,60
965104,5146,73
967112,5099,72
969044,5123,67
971130,5085,62
973130,5124,71
975126,5073,79
977097,5190,61
979047,5165,71
981018,5063,72
983243,5185,74
984989,5127,66
987190,5162,63
989131,5184,79
993097,5032,72
995069,5141,75
997098,5007,68
999108,5138,77
1001363,5012,78
1003075,5179,63
1005204,5130,69
1007231,5021,71
1009120,5015,78
1010991,5155,60
1013352,5172,60
1015003,5000,60
1017233,5019,65
1019002,5185,74
1021078,5054,79
1023002,5115,63
1025188,5125,63
1027008,5037,66
1029133,5092,74
1031167,5154,61
1033100,5018,75
1035115,5052,69
1036980,5008,71
1039138,5047,68
1041089,5062,78
1043032,5164,70
1045176,5047,60
1047236,5064,77
1049061,5086,78
1051393,5179,60
1053148,5133,76
1055050,5115,70
1056970,5149,69
1059111,5003,76
1061101,5164,73
1063146,5038,77
1064992,5183,60
1066952,5159,78
1069037,5035,60
1070914,5072,69
1073137,5161,60
1075029,5030,60
1076963,5092,79
1079013,5167,76
1080923,5035,76
1083090,5152,72
1085062,5044,66
1089124,5133,64
1090992,5161,62
1093164,5077,68
1095069,5195,70
1097059,5169,72
1099091,5149,69
1101144,5145,61
1103221,5181,72
1105011,5075,60
1107062,5030,63
1109012,5026,74
1111112,5001,75
1113206,5163,63
1115094,5089,72
1117045,5151,70
1119155,5035,70
1121152,5130,71
1123121,5165,68
1125058,5137,72
1127056,5145,73
1129050,5145,63
1130993,5037,77
1133168,5080,74
1135114,5168,64
1137078,5025,70
1139028,5167,78
1141349,5032,77
1143050,5168,75
1145075,5029,60
1147115,5082,72
1149138,5029,63
1151098,5173,72
1152869,5057,64
1155025,5197,76
1157105,5193,74
1159066,5111,68
1163100,5034,69
1167074,5163,67
1169095,5142,61
1171071,5163,73
1173088,5042,64
1175001,5009,76
1177115,5007,73
1178953,5073,76
1181295,5194,72
1183173,5014,78
1185160,5090,65
1187005,5042,66
1189083,5177,76
1190903,5000,77
1193154,5109,60
1195015,5081,60
1197252,5057,73
1199191,5040,62
111068,5071,74
112883,5002,62
114902,5197,79
116878,5160,74
119029,5107,71
121083,5172,74
122790,5051,61
124904,5030,66
126764,5013,71
128909,5083,76
130839,5180,75
132851,5148,73
134812,5147,78
136932,5162,78
138981,5093,72
140929,5189,69
142883,5186,76
144712,5169,78
147043,5090,66
148815,5068,79
150946,5100,70
152924,5165,67
155021,5107,66
157140,5113,79
158935,5131,63
161011,5172,79
162916,5051,79
164976,5199,75
166894,5194,70
168799,5182,74
170960,5041,69
172765,5198,69
175005,5105,63
176949,5045,74
178950,5025,69
180853,5131,77
182778,5004,70
185067,5023,75
186960,5008,64
188851,5000,72
190844,5083,62
192832,5166,77
195072,5048,75
196911,5113,67
199104,5037,71
200908,5184,72
202862,5050,61
205051,5164,71
207046,5114,67
208843,5055,64
210903,5069,71
212805,5067,69
214871,5059,70
216956,5129,79
218927,5139,78
220896,5126,70
222800,5007,79
224765,5025,69
226957,5050,78
228787,5095,61
230850,5144,74
232914,5144,65
234798,5102,60
236919,5145,62
238868,5015,70
240845,5034,74
242845,5160,79
244871,5017,61
246847,5146,60
248779,5014,65
250831,5156,65
252816,5128,73
254969,5010,69
256832,5133,66
258989,5178,64
260953,5086,62
262861,5150,63
264925,5055,72
266774,5099,78
268913,5147,64
270899,5006,68
272787,5088,68
274861,5034,66
276992,5155,69
278928,5110,75
280817,5144,64
282766,5000,79
284844,5121,70
286883,5001,73
288755,5110,78
290994,5002,78
292823,5030,76
294786,5139,75
296934,5130,76
299039,5025,75
300807,5154,68
302718,5058,60
304822,5099,62
306858,5181,76
308803,5118,67
310894,5018,79
312911,5046,75
314931,5079,71
316854,5092,65
318964,5160,69
320907,5184,62
322873,5012,70
324828,5024,61
327011,5161,66
328833,5167,71
330939,5036,61
332805,5072,77
334909,5135,77
336929,5101,62
338781,5152,69
340954,5185,71
342933,5134,75
344772,5177,64
346892,5194,73
349081,5132,64
350974,5036,75
352873,5074,70
355049,5126,70
356929,5076,67
358943,5044,65
360839,5003,73
362830,5038,71
364873,5057,77
366803,5030,67
368868,5106,76
370912,5149,68
373015,5096,79
374858,5093,77
376829,5125,69
378946,5074,62
380724,5101,77
382871,5124,68
385005,5052,66
386768,5079,79
388840,5027,70
390835,5175,70
392992,5002,66
394822,5025,64
396747,5188,63
398820,5107,66
400887,5118,62
402818,5196,73
404898,5102,70
407051,5070,69
408957,5080,69
410825,5083,66
412821,5044,64
414876,5186,70
416835,5176,73
418985,5167,70
420709,5164,73
422790,5085,68
424827,5082,75
426842,5090,60
428913,5052,66
430801,5072,67
432962,5158,64
435020,5071,71
436821,5105,79
439016,5103,64
440978,5071,64
442807,5002,73
444866,5127,79
446905,5079,63
448872,5095,74
450903,5093,71
452764,5180,77
454946,5092,75
456816,5123,72
458954,5044,71
460994,5049,64
462852,5067,60
464885,5125,71
466894,5108,73
468850,5108,74
470902,5168,64
472877,5059,73
474968,5031,79
478840,5042,63
480914,5010,64
482882,5051,62
484912,5186,64
486859,5106,60
488906,5053,77
490938,5175,69
492813,5059,72
494912,5085,79
496839,5119,65
498697,5163,79
500878,5162,67
504788,5118,70
506854,5025,65
508801,5036,66
510846,5155,75
512890,5133,73
514885,5159,67
516748,5073,72
519092,5016,74
520849,5152,63
522874,5132,65
524868,5160,71
526911,5196,66
528774,5074,72
530970,5189,64
532849,5076,71
534813,5030,65
536826,5168,62
538684,5199,69
540729,5012,64
542859,5093,61
544710,5084,68
546967,5177,70
548955,5138,61
550922,5096,69
552827,5149,70
554755,5020,75
556859,5075,62
558825,5106,77
560792,5173,68
562781,5058,68
564824,5176,76
566855,5103,77
568909,5057,62
570772,5148,64
572771,5168,71
574851,5087,68
576673,5086,74
578757,5060,62
580960,5136,64
582814,5198,70
584889,5067,77
586815,5163,60
588808,5036,63
590868,5088,64
592908,5094,65
594860,5082,64
596903,5183,71
598811,5118,66
600745,5104,72
602828,5136,79
604851,5077,65
606783,5005,71
608807,5151,64
610874,5028,69
612795,5109,72
614806,5106,72
616808,5098,61
618948,5042,63
620837,5085,75
622844,5172,68
624858,5052,68
626763,5044,66
628894,5119,79
630815,5048,66
632916,5167,60
634924,5061,61
636802,5083,67
638864,5147,69
640897,5165,64
642773,5097,74
644793,5089,74
646821,5180,61
649043,5111,74
650829,5193,72
652902,5094,66
654893,5175,79
656819,5151,61
658945,5065,62
660947,5155,60
662952,5086,60
665034,5124,62
666847,5131,71
668817,5137,78
670953,5149,67
672864,5101,66
674877,5095,70
676899,5145,62
678854,5166,74
680800,5113,68
682849,5064,61
684774,5183,67
686734,5157,74
688910,5076,79
690744,5015,69
692705,5190,66
694932,5080,62
696879,5158,73
698761,5116,74
700826,5015,76
702886,5124,67
704935,5193,77
706997,5106,60
708737,5046,77
710841,5123,63
712837,5106,61
714972,5098,77
716934,5032,60
718867,5125,66
720869,5151,66
722829,5198,72
724829,5088,66
726877,5191,69
728824,5023,73
730741,5050,71
732933,5102,60
734784,5047,74
736826,5090,64
738807,5144,75
741004,5023,76
742828,5189,77
744765,5089,77
746767,5121,77
748833,5048,71
751026,5010,77
753040,5076,65
754771,5134,60
756789,5164,72
758814,5036,60
760929,5044,60
762732,5161,72
764940,5034,68
766875,5118,79
768753,5115,69
770960,5073,66
772871,5021,71
774820,5036,75
776692,5104,62
778922,5004,66
780848,5130,60
782800,5104,68
784951,5197,64
786945,5122,63
788793,5070,64
790838,5133,77
792813,5133,62
794930,5033,76
796796,5022,71
798980,5106,77
800907,5141,62
802807,5013,70
804870,5074,61
806799,5023,77
808943,5037,71
810971,5062,65
812738,5115,71
814844,5122,71
816777,5062,63
818722,5041,73
820840,5150,63
822761,5046,75
824706,5022,66
826895,5161,76
828880,5026,67
830841,5188,63
832833,5136,75
834850,5083,67
836823,5086,75
838800,5196,66
840877,5078,76
842902,5136,64
844854,5045,66
846787,5063,65
848766,5183,77
850852,5142,70
852834,5073,65
854829,5158,70
856786,5062,78
858829,5113,72
860958,5031,66
862834,5163,70
864799,5104,64
866818,5193,76
869052,5154,73
870831,5180,69
872841,5124,61
874785,5034,60
878880,5060,63
880856,5046,77
882858,5066,75
884844,5199,72
886765,5035,75
888844,5115,70
890812,5050,65
892785,5099,72
894917,5107,65
896820,5199,76
898725,5178,71
900840,5083,78
902878,5052,61
904865,5056,62
906792,5112,75
908891,5084,76
910872,5170,71
912808,5188,68
914954,5030,72
916861,5198,64
919029,5008,78
920973,5160,63
922873,5083,64
924865,5109,65
926731,5064,69
928880,5077,74
930812,5195,72
932836,5131,74
934946,5154,70
937022,5050,67
938836,5068,60
940834,5034,71
942979,5145,74
944822,5052,67
946888,5103,79
948866,5138,78
951002,5153,69
952784,5047,69
954991,5081,67
956793,5169,64
958777,5186,73
960829,5075,75
962892,5067,76
964864,5197,73
966962,5097,70
968768,5137,68
970831,5043,67
972787,5156,64
974871,5060,77
976796,5016,61
978912,5121,66
981068,5165,62
982783,5023,77
984817,5011,76
986854,5189,65
988869,5024,73
990774,5189,60
992791,5146,73
994710,5099,72
996869,5123,67
998830,5085,62
1000854,5124,71
1002839,5073,79
1004802,5190,61
1006703,5165,71
1008803,5063,72
1011000,5185,74
1012751,5127,66
1014960,5162,63
1016759,5184,79
1018809,5023,63
1020967,5032,72
1022903,5141,75
1024851,5007,68
1026804,5138,77
1028849,5012,78
1030877,5179,63
1032864,5130,69
1034816,5021,71
1036829,5015,78
1038806,5155,60
1040931,5172,60
1042873,5000,60
1044928,5019,65
1046650,5185,74
1048927,5054,79
1050877,5115,63
1052789,5125,63
1054944,5037,66
1056754,5092,74
1058772,5154,61
1060985,5018,75
1062899,5052,69
1064866,5008,71
1066736,5047,68
1068724,5062,78
1070912,5164,70
1072939,5047,60
1074952,5064,77
1076892,5086,78
1078794,5179,60
1081149,5133,76
1082765,5115,70
1084769,5149,69
1086798,5003,76
1088809,5164,73
1090927,5038,77
1092902,5183,60
1094842,5159,78
1096821,5035,60
1098872,5072,69
1100872,5161,60
1102854,5030,60
1104851,5092,79
1106948,5167,76
1108761,5035,76
1110822,5152,72
1112990,5044,66
1114780,5008,72
1116849,5133,64
1118761,5161,62
1120815,5077,68
1122895,5195,70
1124797,5169,72
1126754,5149,69
1128690,5145,61
1130743,5181,72
1132858,5075,60
1134793,5030,63
1136768,5026,74
1138913,5001,75
1140886,5163,63
1142843,5089,72
1144794,5151,70
1146952,5035,70
1148867,5130,71
1150822,5165,68
1152915,5137,72
1154846,5145,73
1156782,5145,63
1158832,5037,77
1160787,5080,74
1162928,5168,64
1164851,5025,70
1166829,5167,78
1168866,5032,77
1170788,5168,75
1172882,5029,60
1174862,5082,72
1176833,5029,63
1178777,5173,72
1181021,5057,64
1182975,5197,76
1184831,5193,74
1186819,5111,68
1188773,5108,71
1191013,5034,69
1192790,5061,68
1194774,5163,67
1196902,5142,61
1198944,5163,73
111597,5071,74
171170,5197,79
201120,5160,74
231427,5107,71
261169,5172,74
321153,5030,66
351126,5013,71
381003,5083,76
411241,5180,75
441093,5148,73
471431,5147,78
500927,5162,78
531158,5093,72
560846,5189,69
620963,5169,78
651174,5090,66
680967,5068,79
711228,5100,70
771151,5107,66
800967,5113,79
831165,5131,63
860877,5172,79
891080,5051,79
921023,5199,75
951068,5194,70
981168,5182,74
1011147,5041,69
1041018,5198,69
1071125,5105,63
1101016,5045,74
1131092,5025,69
1161229,5131,77
1191265,5004,70
85935,5002,62
87958,5197,79
88930,5160,74
93538,5172,74
97360,5030,66
99131,5013,71
101420,5083,76
103306,5180,75
105359,5148,73
107352,5147,78
109193,5162,78
111068,5093,72
113305,5189,69
115298,5186,76
117103,5169,78
119410,5090,66
121337,5068,79
123269,5100,70
125326,5165,67
127392,5107,66
129301,5113,79
131072,5131,63
133191,5172,79
139489,5194,70
141080,5182,74
143222,5041,69
145128,5198,69
147148,5105,63
151178,5025,69
153430,5131,77
155176,5004,70
159373,5008,64
161471,5000,72
163174,5083,62
166936,5048,75
169111,5113,67
171119,5037,71
173326,5184,72
175465,5050,61
177255,5164,71
179092,5114,67
181259,5055,64
183351,5069,71
185352,5067,69
187081,5059,70
188936,5129,79
191158,5139,78
193432,5126,70
195190,5007,79
197460,5025,69
199259,5050,78
201036,5095,61
203565,5144,74
205236,5144,65
207284,5102,60
209317,5145,62
211334,5015,70
213351,5034,74
215088,5160,79
217049,5017,61
218951,5146,60
221253,5014,65
223173,5156,65
225150,5128,73
226983,5010,69
229335,5133,66
231418,5178,64
232853,5086,62
235141,5150,63
237166,5055,72
239144,5099,78
241153,5147,64
243025,5006,68
245020,5088,68
247384,5034,66
249346,5155,69
251216,5110,75
253196,5144,64
255225,5000,79
257076,5121,70
258941,5001,73
260999,5110,78
263409,5002,78
265115,5030,76
267223,5139,75
269103,5130,76
271285,5025,75
273067,5154,68
275185,5058,60
277098,5099,62
279208,5181,76
281186,5118,67
283277,5018,79
285059,5046,75
287098,5079,71
288938,5092,65
291070,5160,69
293110,5184,62
295206,5012,70
296913,5024,61
299162,5161,66
301077,5167,71
303035,5036,61
305073,5072,77
307395,5135,77
309242,5101,62
311274,5152,69
312964,5185,71
314991,5134,75
316959,5177,64
319229,5194,73
321199,5132,64
323038,5036,75
324948,5074,70
327230,5126,70
329162,5076,67
330995,5044,65
333016,5003,73
336999,5057,77
341106,5106,76
343123,5149,68
345219,5096,79
347416,5093,77
349199,5125,69
350966,5074,62
355284,5124,68
356989,5052,66
359174,5079,79
361198,5027,70
363089,5175,70
365289,5002,66
367206,5025,64
369016,5188,63
371311,5107,66
373042,5118,62
375409,5196,73
377222,5102,70
378953,5070,69
381386,5080,69
383391,5083,66
385027,5044,64
387483,5186,70
389065,5176,73
391282,5167,70
393042,5164,73
397189,5082,75
399313,5090,60
401102,5052,66
403225,5072,67
405182,5158,64
407011,5071,71
408818,5105,79
411472,5103,64
412978,5071,64
415131,5002,73
416993,5127,79
419156,5079,63
421197,5095,74
423132,5093,71
425092,5180,77
427057,5092,75
429140,5123,72
431152,5044,71
433350,5049,64
435040,5067,60
437066,5125,71
439326,5108,73
441018,5108,74
443182,5168,64
445090,5059,73
446982,5031,79
449016,5124,67
451192,5042,63
452909,5010,64
454999,5051,62
456989,5186,64
459191,5106,60
460987,5053,77
463410,5175,69
465174,5059,72
467115,5085,79
471087,5163,79
473109,5162,67
477063,5118,70
479115,5025,65
481054,5036,66
483135,5155,75
485159,5133,73
487091,5159,67
488676,5073,72
491486,5016,74
493203,5152,63
495110,5132,65
497258,5160,71
499016,5196,66
500925,5074,72
503193,5189,64
504986,5076,71
508970,5168,62
511215,5199,69
513021,5012,64
515172,5093,61
517030,5084,68
519185,5177,70
521085,5138,61
523093,5096,69
525194,5149,70
527039,5020,75
529031,5075,62
531017,5106,77
533098,5173,68
535273,5058,68
536993,5176,76
539059,5103,77
541308,5057,62
543208,5148,64
545102,5168,71
547140,5087,68
551246,5060,62
553120,5136,64
555202,5198,70
557044,5067,77
559288,5163,60
560999,5036,63
563140,5088,64
565095,5094,65
567014,5082,64
569047,5183,71
571155,5118,66
573103,5104,72
575118,5136,79
579017,5005,71
581056,5151,64
583195,5028,69
585053,5109,72
587242,5106,72
589327,5098,61
590945,5042,63
592993,5085,75
595084,5172,68
597355,5052,68
599134,5044,66
601085,5119,79
603068,5048,66
604928,5167,60
607138,5061,61
609169,5083,67
611025,5147,69
613040,5165,64
615148,5097,74
617032,5089,74
619026,5180,61
621028,5111,74
623174,5193,72
625088,5094,66
626970,5175,79
629076,5151,61
631241,5065,62
633084,5155,60
635240,5086,60
637074,5124,62
639155,5131,71
641113,5137,78
643002,5149,67
644996,5101,66
647167,5095,70
649088,5145,62
651002,5166,74
652999,5113,68
654990,5064,61
657112,5183,67
659161,5157,74
661114,5076,79
663049,5015,69
665263,5190,66
667216,5080,62
669038,5158,73
671172,5116,74
673191,5015,76
674976,5124,67
677015,5193,77
679118,5106,60
681136,5046,77
683076,5123,63
685243,5106,61
687326,5098,77
689150,5032,60
691210,5125,66
693015,5151,66
695468,5198,72
697033,5088,66
698985,5191,69
701155,5023,73
703277,5050,71
705122,5102,60
707132,5047,74
709098,5090,64
711149,5144,75
713138,5023,76
715103,5189,77
717017,5089,77
719040,5121,77
721209,5048,71
723134,5010,77
724990,5076,65
727115,5134,60
729084,5164,72
731163,5036,60
733195,5044,60
735004,5161,72
737037,5034,68
739162,5118,79
743042,5073,66
745176,5021,71
747046,5036,75
749284,5104,62
751102,5004,66
753041,5130,60
754928,5104,68
757221,5197,64
761433,5070,64
762943,5133,77
765242,5133,62
767046,5033,76
769201,5022,71
771010,5106,77
772728,5141,62
775228,5013,70
777192,5074,61
779404,5023,77
781147,5037,71
783159,5062,65
785070,5115,71
786847,5122,71
789059,5062,63
791124,5041,73
793172,5150,63
795112,5046,75
797028,5022,66
799118,5161,76
803228,5188,63
805048,5136,75
807190,5083,67
808829,5086,75
811335,5196,66
813088,5078,76
814993,5136,64
817217,5045,66
818870,5063,65
821205,5183,77
822873,5142,70
825035,5073,65
827292,5158,70
828934,5062,78
830934,5113,72
833036,5031,66
835168,5163,70
836960,5104,64
839181,5193,76
841078,5154,73
843025,5180,69
845099,5124,61
847115,5034,60
849102,5158,70
851182,5060,63
853049,5046,77
855164,5066,75
857056,5199,72
859129,5035,75
860964,5115,70
863131,5050,65
867214,5107,65
869143,5199,76
871177,5178,71
873036,5083,78
875114,5052,61
877076,5056,62
878880,5112,75
881040,5084,76
883185,5170,71
885113,5188,68
887365,5030,72
889326,5198,64
891261,5008,78
893239,5160,63
895047,5083,64
897068,5109,65
899071,5064,69
901303,5077,74
902978,5195,72
907086,5154,70
909169,5050,67
911077,5068,60
913045,5034,71
915091,5145,74
917105,5052,67
919018,5103,79
921068,5138,78
923181,5153,69
925286,5047,69
927132,5081,67
929089,5169,64
931143,5186,73
933183,5075,75
934886,5067,76
937067,5197,73
939069,5097,70
943231,5043,67
945018,5156,64
946953,5060,77
948911,5016,61
951096,5121,66
955049,5023,77
957050,5011,76
959164,5189,65
961112,5024,73
963109,5189,60
965104,5146,73
967112,5099,72
969044,5123,67
971130,5085,62
973130,5124,71
975126,5073,79
977097,5190,61
979047,5165,71
981018,5063,72
983243,5185,74
984989,5127,66
987190,5162,63
989131,5184,79
993097,5032,72
995069,5141,75
997098,5007,68
999108,5138,77
1001363,5012,78
1003075,5179,63
1005204,5130,69
1007231,5021,71
1009120,5015,78
1010991,5155,60
1013352,5172,60
1015003,5000,60
1017233,5019,65
1019002,5185,74
1021078,5054,79
1023002,5115,63
1025188,5125,63
1027008,5037,66
1029133,5092,74
1031167,5154,61
1033100,5018,75
1035115,5052,69
1036980,5008,71
1039138,5047,68
1041089,5062,78
1043032,5164,70
1045176,5047,60
1047236,5064,77
1049061,5086,78
1051393,5179,60
1053148,5133,76
1055050,5115,70
1056970,5149,69
1059111,5003,76
1061101,5164,73
1063146,5038,77
1064992,5183,60
1066952,5159,78
1069037,5035,60
1070914,5072,69
1073137,5161,60
1075029,5030,60
1076963,5092,79
1079013,5167,76
1080923,5035,76
1083090,5152,72
1085062,5044,66
1089124,5133,64
1090992,5161,62
1093164,5077,68
1095069,5195,70
1097059,5169,72
1099091,5149,69
1101144,5145,61
1103221,5181,72
1105011,5075,60
1107062,5030,63
1109012,5026,74
1111112,5001,75
1113206,5163,63
1115094,5089,72
1117045,5151,70
1119155,5035,70
1121152,5130,71
1123121,5165,68
1125058,5137,72
1127056,5145,73
1129050,5145,63
1130993,5037,77
1133168,5080,74
1135114,5168,64
1137078,5025,70
1139028,5167,78
1141349,5032,77
1143050,5168,75
1145075,5029,60
1147115,5082,72
1149138,5029,63
1151098,5173,72
1152869,5057,64
1155025,5197,76
1157105,5193,74
1159066,5111,68
1163100,5034,69
1167074,5163,67
1169095,5142,61
1171071,5163,73
1173088,5042,64
1175001,5009,76
1177115,5007,73
1178953,5073,76
1181295,5194,72
1183173,5014,78
1185160,5090,65
1187005,5042,66
1189083,5177,76
1190903,5000,77
1193154,5109,60
1195015,5081,60
1197252,5057,73
1199191,5040,62
83260,5071,74
89176,5160,74
91727,5107,71
93731,5172,74
95200,5051,61
97830,5030,66
99475,5013,71
111634,5093,72
113092,5189,69
115366,5186,76
117231,5169,78
119250,5090,66
131372,5131,63
133381,5172,79
135164,5051,79
137338,5199,75
85935,5002,62
87958,5197,79
88930,5160,74
93538,5172,74
97360,5030,66
99131,5013,71
101420,5083,76
103306,5180,75
105359,5148,73
107352,5147,78
109193,5162,78
111068,5093,72
113305,5189,69
115298,5186,76
117103,5169,78
119410,5090,66
121337,5068,79
123269,5100,70
125326,5165,67
127392,5107,66
129301,5113,79
131072,5131,63
133191,5172,79
139489,5194,70
141080,5182,74
143222,5041,69
145128,5198,69
147148,5105,63
151178,5025,69
153430,5131,77
155176,5004,70
159373,5008,64
161471,5000,72
163174,5083,62
166936,5048,75
169111,5113,67
171119,5037,71
173326,5184,72
175465,5050,61
177255,5164,71
179092,5114,67
181259,5055,64
183351,5069,71
185352,5067,69
187081,5059,70
188936,5129,79
191158,5139,78
193432,5126,70
195190,5007,79
197460,5025,69
199259,5050,78
201036,5095,61
203565,5144,74
205236,5144,65
207284,5102,60
209317,5145,62
211334,5015,70
213351,5034,74
215088,5160,79
217049,5017,61
218951,5146,60
221253,5014,65
223173,5156,65
225150,5128,73
226983,5010,69
229335,5133,66
231418,5178,64
232853,5086,62
235141,5150,63
237166,5055,72
239144,5099,78
241153,5147,64
243025,5006,68
245020,5088,68
247384,5034,66
249346,5155,69
251216,5110,75
253196,5144,64
255225,5000,79
257076,5121,70
258941,5001,73
260999,5110,78
263409,5002,78
265115,5030,76
267223,5139,75
269103,5130,76
271285,5025,75
273067,5154,68
275185,5058,60
277098,5099,62
279208,5181,76
281186,5118,67
283277,5018,79
285059,5046,75
287098,5079,71
288938,5092,65
291070,5160,69
293110,5184,62
295206,5012,70
296913,5024,61
299162,5161,66
301077,5167,71
303035,5036,61
305073,5072,77
307395,5135,77
309242,5101,62
311274,5152,69
312964,5185,71
314991,5134,75
316959,5177,64
319229,5194,73
321199,5132,64
323038,5036,75
324948,5074,70
327230,5126,70
329162,5076,67
330995,5044,65
333016,5003,73
336999,5057,77
341106,5106,76
343123,5149,68
345219,5096,79
347416,5093,77
349199,5125,69
350966,5074,62
355284,5124,68
356989,5052,66
359174,5079,79
361198,5027,70
363089,5175,70
365289,5002,66
367206,5025,64
369016,5188,63
371311,5107,66
373042,5118,62
375409,5196,73
377222,5102,70
378953,5070,69
381386,5080,69
383391,5083,66
385027,5044,64
387483,5186,70
389065,5176,73
391282,5167,70
393042,5164,73
397189,5082,75
399313,5090,60
401102,5052,66
403225,5072,67
405182,5158,64
407011,5071,71
408818,5105,79
411472,5103,64
412978,5071,64
415131,5002,73
416993,5127,79
419156,5079,63
421197,5095,74
423132,5093,71
425092,5180,77
427057,5092,75
429140,5123,72
431152,5044,71
433350,5049,64
435040,5067,60
437066,5125,71
439326,5108,73
441018,5108,74
443182,5168,64
445090,5059,73
446982,5031,79
449016,5124,67
451192,5042,63
452909,5010,64
454999,5051,62
456989,5186,64
459191,5106,60
460987,5053,77
463410,5175,69
465174,5059,72
467115,5085,79
471087,5163,79
473109,5162,67
477063,5118,70
479115,5025,65
481054,5036,66
483135,5155,75
485159,5133,73
487091,5159,67
488676,5073,72
491486,5016,74
493203,5152,63
495110,5132,65
497258,5160,71
499016,5196,66
500925,5074,72
503193,5189,64
504986,5076,71
508970,5168,62
511215,5199,69
513021,5012,64
515172,5093,61
517030,5084,68
519185,5177,70
521085,5138,61
523093,5096,69
525194,5149,70
527039,5020,75
529031,5075,62
531017,5106,77
533098,5173,68
535273,5058,68
536993,5176,76
539059,5103,77
541308,5057,62
543208,5148,64
545102,5168,71
547140,5087,68
551246,5060,62
553120,5136,64
555202,5198,70
557044,5067,77
559288,5163,60
560999,5036,63
563140,5088,64
565095,5094,65
567014,5082,64
569047,5183,71
571155,5118,66
573103,5104,72
575118,5136,79
579017,5005,71
581056,5151,64
583195,5028,69
585053,5109,72
587242,5106,72
589327,5098,61
590945,5042,63
592993,5085,75
595084,5172,68
597355,5052,68
599134,5044,66
601085,5119,79
603068,5048,66
604928,5167,60
607138,5061,61
609169,5083,67
611025,5147,69
613040,5165,64
615148,5097,74
617032,5089,74
619026,5180,61
621028,5111,74
623174,5193,72
625088,5094,66
626970,5175,79
629076,5151,61
631241,5065,62
633084,5155,60
635240,5086,60
637074,5124,62
639155,5131,71
641113,5137,78
643002,5149,67
644996,5101,66
647167,5095,70
649088,5145,62
651002,5166,74
652999,5113,68
654990,5064,61
657112,5183,67
659161,5157,74
661114,5076,79
663049,5015,69
665263,5190,66
667216,5080,62
669038,5158,73
671172,5116,74
673191,5015,76
674976,5124,67
677015,5193,77
679118,5106,60
681136,5046,77
683076,5123,63
685243,5106,61
687326,5098,77
689150,5032,60
691210,5125,66
693015,5151,66
695468,5198,72
697033,5088,66
698985,5191,69
701155,5023,73
703277,5050,71
705122,5102,60
707132,5047,74
709098,5090,64
711149,5144,75
713138,5023,76
715103,5189,77
717017,5089,77
719040,5121,77
721209,5048,71
723134,5010,77
724990,5076,65
727115,5134,60
729084,5164,72
731163,5036,60
733195,5044,60
735004,5161,72
737037,5034,68
739162,5118,79
743042,5073,66
745176,5021,71
747046,5036,75
749284,5104,62
751102,5004,66
753041,5130,60
754928,5104,68
757221,5197,64
761433,5070,64
762943,5133,77
765242,5133,62
767046,5033,76
769201,5022,71
771010,5106,77
772728,5141,62
775228,5013,70
777192,5074,61
779404,5023,77
781147,5037,71
783159,5062,65
785070,5115,71
786847,5122,71
789059,5062,63
791124,5041,73
793172,5150,63
795112,5046,75
797028,5022,66
799118,5161,76
803228,5188,63
805048,5136,75
807190,5083,67
808829,5086,75
811335,5196,66
813088,5078,76
814993,5136,64
817217,5045,66
818870,5063,65
821205,5183,77
822873,5142,70
825035,5073,65
827292,5158,70
828934,5062,78
830934,5113,72
833036,5031,66
835168,5163,70
836960,5104,64
839181,5193,76
841078,5154,73
843025,5180,69
845099,5124,61
847115,5034,60
849102,5158,70
851182,5060,63
853049,5046,77
855164,5066,75
857056,5199,72
859129,5035,75
860964,5115,70
863131,5050,65
867214,5107,65
869143,5199,76
871177,5178,71
873036,5083,78
875114,5052,61
877076,5056,62
878880,5112,75
881040,5084,76
883185,5170,71
885113,5188,68
887365,5030,72
889326,5198,64
891261,5008,78
893239,5160,63
895047,5083,64
897068,5109,65
899071,5064,69
901303,5077,74
902978,5195,72
907086,5154,70
909169,5050,67
911077,5068,60
913045,5034,71
915091,5145,74
917105,5052,67
919018,5103,79
921068,5138,78
923181,5153,69
925286,5047,69
927132,5081,67
929089,5169,64
931143,5186,73
933183,5075,75
934886,5067,76
937067,5197,73
939069,5097,70
943231,5043,67
945018,5156,64
946953,5060,77
948911,5016,61
951096,5121,66
955049,5023,77
957050,5011,76
959164,5189,65
961112,5024,73
963109,5189,60
965104,5146,73
967112,5099,72
969044,5123,67
971130,5085,62
973130,5124,71
975126,5073,79
977097,5190,61
979047,5165,71
981018,5063,72
983243,5185,74
984989,5127,66
987190,5162,63
989131,5184,79
993097,5032,72
995069,5141,75
997098,5007,68
999108,5138,77
1001363,5012,78
1003075,5179,63
1005204,5130,69
1007231,5021,71
1009120,5015,78
1010991,5155,60
1013352,5172,60
1015003,5000,60
1017233,5019,65
1019002,5185,74
1021078,5054,79
1023002,5115,63
1025188,5125,63
1027008,5037,66
1029133,5092,74
1031167,5154,61
1033100,5018,75
1035115,5052,69
1036980,5008,71
1039138,5047,68
1041089,5062,78
1043032,5164,70
1045176,5047,60
1047236,5064,77
1049061,5086,78
1051393,5179,60
1053148,5133,76
1055050,5115,70
1056970,5149,69
1059111,5003,76
1061101,5164,73
1063146,5038,77
1064992,5183,60
1066952,5159,78
1069037,5035,60
1070914,5072,69
1073137,5161,60
1075029,5030,60
1076963,5092,79
1079013,5167,76
1080923,5035,76
1083090,5152,72
1085062,5044,66
1089124,5133,64
1090992,5161,62
1093164,5077,68
1095069,5195,70
1097059,5169,72
1099091,5149,69
1101144,5145,61
1103221,5181,72
1105011,5075,60
1107062,5030,63
1109012,5026,74
1111112,5001,75
1113206,5163,63
1115094,5089,72
1117045,5151,70
1119155,5035,70
1121152,5130,71
1123121,5165,68
1125058,5137,72
1127056,5145,73
1129050,5145,63
1130993,5037,77
1133168,5080,74
1135114,5168,64
1137078,5025,70
1139028,5167,78
1141349,5032,77
1143050,5168,75
1145075,5029,60
1147115,5082,72
1149138,5029,63
1151098,5173,72
1152869,5057,64
1155025,5197,76
1157105,5193,74
1159066,5111,68
1163100,5034,69
1167074,5163,67
1169095,5142,61
1171071,5163,73
1173088,5042,64
1175001,5009,76
1177115,5007,73
1178953,5073,76
1181295,5194,72
1183173,5014,78
1185160,5090,65
1187005,5042,66
1189083,5177,76
1190903,5000,77
1193154,5109,60
1195015,5081,60
1197252,5057,73
1199191,5040,62
85935,5002,62
87958,5197,79
88930,5160,74
93538,5172,74
97360,5030,66
99131,5013,71
101420,5083,76
103306,5180,75
105359,5148,73
107352,5147,78
109193,5162,78
111068,5093,72
113305,5189,69
115298,5186,76
117103,5169,78
119410,5090,66
121337,5068,79
123269,5100,70
125326,5165,67
127392,5107,66
129301,5113,79
131072,5131,63
133191,5172,79
139489,5194,70
141080,5182,74
143222,5041,69
145128,5198,69
147148,5105,63
151178,5025,69
153430,5131,77
155176,5004,70
159373,5008,64
161471,5000,72
163174,5083,62
166936,5048,75
169111,5113,67
171119,5037,71
173326,5184,72
175465,5050,61
177255,5164,71
179092,5114,67
181259,5055,64
183351,5069,71
185352,5067,69
187081,5059,70
188936,5129,79
191158,5139,78
193432,5126,70
195190,5007,79
197460,5025,69
199259,5050,78
201036,5095,61
203565,5144,74
205236,5144,65
207284,5102,60
209317,5145,62
211334,5015,70
213351,5034,74
215088,5160,79
217049,5017,61
218951,5146,60
221253,5014,65
223173,5156,65
225150,5128,73
226983,5010,69
229335,5133,66
231418,5178,64
232853,5086,62
235141,5150,63
237166,5055,72
239144,5099,78
241153,5147,64
243025,5006,68
245020,5088,68
247384,5034,66
249346,5155,69
251216,5110,75
253196,5144,64
255225,5000,79
257076,5121,70
258941,5001,73
260999,5110,78
263409,5002,78
265115,5030,76
267223,5139,75
269103,5130,76
271285,5025,75
273067,5154,68
275185,5058,60
277098,5099,62
279208,5181,76
281186,5118,67
283277,5018,79
285059,5046,75
287098,5079,71
288938,5092,65
291070,5160,69
293110,5184,62
295206,5012,70
296913,5024,61
299162,5161,66
301077,5167,71
303035,5036,61
305073,5072,77
307395,5135,77
309242,5101,62
311274,5152,69
312964,5185,71
314991,5134,75
316959,5177,64
319229,5194,73
321199,5132,64
323038,5036,75
324948,5074,70
327230,5126,70
329162,5076,67
330995,5044,65
333016,5003,73
336999,5057,77
341106,5106,76
343123,5149,68
345219,5096,79
347416,5093,77
349199,5125,69
350966,5074,62
355284,5124,68
356989,5052,66
359174,5079,79
361198,5027,70
363089,5175,70
365289,5002,66
367206,5025,64
369016,5188,63
371311,5107,66
373042,5118,62
375409,5196,73
377222,5102,70
378953,5070,69
381386,5080,69
383391,5083,66
385027,5044,64
387483,5186,70
389065,5176,73
391282,5167,70
393042,5164,73
397189,5082,75
399313,5090,60
401102,5052,66
403225,5072,67
405182,5158,64
407011,5071,71
408818,5105,79
411472,5103,64
412978,5071,64
415131,5002,73
416993,5127,79
419156,5079,63
421197,5095,74
423132,5093,71
425092,5180,77
427057,5092,75
429140,5123,72
431152,5044,71
433350,5049,64
435040,5067,60
437066,5125,71
439326,5108,73
441018,5108,74
443182,5168,64
445090,5059,73
446982,5031,79
449016,5124,67
451192,5042,63
452909,5010,64
454999,5051,62
456989,5186,64
459191,5106,60
460987,5053,77
463410,5175,69
465174,5059,72
467115,5085,79
471087,5163,79
473109,5162,67
477063,5118,70
479115,5025,65
481054,5036,66
483135,5155,75
485159,5133,73
487091,5159,67
488676,5073,72
491486,5016,74
493203,5152,63
495110,5132,65
497258,5160,71
499016,5196,66
500925,5074,72
503193,5189,64
504986,5076,71
508970,5168,62
511215,5199,69
513021,5012,64
515172,5093,61
517030,5084,68
519185,5177,70
521085,5138,61
523093,5096,69
525194,5149,70
527039,5020,75
529031,5075,62
531017,5106,77
533098,5173,68
535273,5058,68
536993,5176,76
539059,5103,77
541308,5057,62
543208,5148,64
545102,5168,71
547140,5087,68
551246,5060,62
553120,5136,64
555202,5198,70
557044,5067,77
559288,5163,60
560999,5036,63
563140,5088,64
565095,5094,65
567014,5082,64
569047,5183,71
571155,5118,66
573103,5104,72
575118,5136,79
579017,5005,71
581056,5151,64
583195,5028,69
585053,5109,72
587242,5106,72
589327,5098,61
590945,5042,63
592993,5085,75
595084,5172,68
597355,5052,68
599134,5044,66
601085,5119,79
603068,5048,66
604928,5167,60
607138,5061,61
609169,5083,67
611025,5147,69
613040,5165,64
615148,5097,74
617032,5089,74
619026,5180,61
621028,5111,74
623174,5193,72
625088,5094,66
626970,5175,79
629076,5151,61
631241,5065,62
633084,5155,60
635240,5086,60
637074,5124,62
639155,5131,71
641113,5137,78
643002,5149,67
644996,5101,66
647167,5095,70
649088,5145,62
651002,5166,74
652999,5113,68
654990,5064,61
657112,5183,67
659161,5157,74
661114,5076,79
663049,5015,69
665263,5190,66
667216,5080,62
669038,5158,73
671172,5116,74
673191,5015,76
674976,5124,67
677015,5193,77
679118,5106,60
681136,5046,77
683076,5123,63
685243,5106,61
687326,5098,77
689150,5032,60
691210,5125,66
693015,5151,66
695468,5198,72
697033,5088,66
698985,5191,69
701155,5023,73
703277,5050,71
705122,5102,60
707132,5047,74
709098,5090,64
711149,5144,75
713138,5023,76
715103,5189,77
717017,5089,77
719040,5121,77
721209,5048,71
723134,5010,77
724990,5076,65
727115,5134,60
729084,5164,72
731163,5036,60
733195,5044,60
735004,5161,72
737037,5034,68
739162,5118,79
743042,5073,66
745176,5021,71
747046,5036,75
749284,5104,62
751102,5004,66
753041,5130,60
754928,5104,68
757221,5197,64
761433,5070,64
762943,5133,77
765242,5133,62
767046,5033,76
769201,5022,71
771010,5106,77
772728,5141,62
775228,5013,70
777192,5074,61
779404,5023,77
781147,5037,71
783159,5062,65
785070,5115,71
786847,5122,71
789059,5062,63
791124,5041,73
793172,5150,63
795112,5046,75
797028,5022,66
799118,5161,76
803228,5188,63
805048,5136,75
807190,5083,67
808829,5086,75
811335,5196,66
813088,5078,76
814993,5136,64
817217,5045,66
818870,5063,65
821205,5183,77
822873,5142,70
825035,5073,65
827292,5158,70
828934,5062,78
830934,5113,72
833036,5031,66
835168,5163,70
836960,5104,64
839181,5193,76
841078,5154,73
843025,5180,69
845099,5124,61
847115,5034,60
849102,5158,70
851182,5060,63
853049,5046,77
855164,5066,75
857056,5199,72
859129,5035,75
860964,5115,70
863131,5050,65
867214,5107,65
869143,5199,76
871177,5178,71
873036,5083,78
875114,5052,61
877076,5056,62
878880,5112,75
881040,5084,76
883185,5170,71
885113,5188,68
887365,5030,72
889326,5198,64
891261,5008,78
893239,5160,63
895047,5083,64
897068,5109,65
899071,5064,69
901303,5077,74
902978,5195,72
907086,5154,70
909169,5050,67
911077,5068,60
913045,5034,71
915091,5145,74
917105,5052,67
919018,5103,79
921068,5138,78
923181,5153,69
925286,5047,69
927132,5081,67
929089,5169,64
931143,5186,73
933183,5075,75
934886,5067,76
937067,5197,73
939069,5097,70
943231,5043,67
945018,5156,64
946953,5060,77
948911,5016,61
951096,5121,66
955049,5023,77
957050,5011,76
959164,5189,65
961112,5024,73
963109,5189,60
965104,5146,73
967112,5099,72
969044,5123,67
971130,5085,62
973130,5124,71
975126,5073,79
977097,5190,61
979047,5165,71
981018,5063,72
983243,5185,74
984989,5127,66
987190,5162,63
989131,5184,79
993097,5032,72
995069,5141,75
997098,5007,68
999108,5138,77
1001363,5012,78
1003075,5179,63
1005204,5130,69
1007231,5021,71
1009120,5015,78
1010991,5155,60
1013352,5172,60
1015003,5000,60
1017233,5019,65
1019002,5185,74
1021078,5054,79
1023002,5115,63
1025188,5125,63
1027008,5037,66
1029133,5092,74
1031167,5154,61
1033100,5018,75
1035115,5052,69
1036980,5008,71
1039138,5047,68
1041089,5062,78
1043032,5164,70
1045176,5047,60
1047236,5064,77
1049061,5086,78
1051393,5179,60
1053148,5133,76
1055050,5115,70
1056970,5149,69
1059111,5003,76
1061101,5164,73
1063146,5038,77
1064992,5183,60
1066952,5159,78
1069037,5035,60
1070914,5072,69
1073137,5161,60
1075029,5030,60
1076963,5092,79
1079013,5167,76
1080923,5035,76
1083090,5152,72
1085062,5044,66
1089124,5133,64
1090992,5161,62
1093164,5077,68
1095069,5195,70
1097059,5169,72
1099091,5149,69
1101144,5145,61
1103221,5181,72
1105011,5075,60
1107062,5030,63
1109012,5026,74
1111112,5001,75
1113206,5163,63
1115094,5089,72
1117045,5151,70
1119155,5035,70
1121152,5130,71
1123121,5165,68
1125058,5137,72
1127056,5145,73
1129050,5145,63
1130993,5037,77
1133168,5080,74
1135114,5168,64
1137078,5025,70
1139028,5167,78
1141349,5032,77
1143050,5168,75
1145075,5029,60
1147115,5082,72
1149138,5029,63
1151098,5173,72
1152869,5057,64
1155025,5197,76
1157105,5193,74
1159066,5111,68
1163100,5034,69
1167074,5163,67
1169095,5142,61
1171071,5163,73
1173088,5042,64
1175001,5009,76
1177115,5007,73
1178953,5073,76
1181295,5194,72
1183173,5014,78
1185160,5090,65
1187005,5042,66
1189083,5177,76
1190903,5000,77
1193154,5109,60
1195015,5081,60
1197252,5057,73
1199191,5040,62
85935,5002,62
87958,5197,79
88930,5160,74
93538,5172,74
97360,5030,66
99131,5013,71
101420,5083,76
103306,5180,75
105359,5148,73
107352,5147,78
109193,5162,78
111068,5093,72
113305,5189,69
115298,5186,76
117103,5169,78
85935,5002,62
87958,5197,79
88930,5160,74
93538,5172,74
97360,5030,66
99131,5013,71
101420,5083,76
103306,5180,75
105359,5148,73
107352,5147,78
109193,5162,78
111068,5093,72
113305,5189,69
115298,5186,76
117103,5169,78
119410,5090,66
121337,5068,79
123269,5100,70
125326,5165,67
127392,5107,66
129301,5113,79
131072,5131,63
133191,5172,79
139489,5194,70
141080,5182,74
143222,5041,69
145128,5198,69
147148,5105,63
151178,5025,69
153430,5131,77
155176,5004,70
159373,5008,64
161471,5000,72
163174,5083,62
166936,5048,75
169111,5113,67
171119,5037,71
173326,5184,72
175465,5050,61
177255,5164,71
179092,5114,67
181259,5055,64
183351,5069,71
185352,5067,69
187081,5059,70
188936,5129,79
191158,5139,78
193432,5126,70
195190,5007,79
197460,5025,69
199259,5050,78
201036,5095,61
203565,5144,74
205236,5144,65
207284,5102,60
209317,5145,62
211334,5015,70
213351,5034,74
215088,5160,79
217049,5017,61
218951,5146,60
221253,5014,65
223173,5156,65
225150,5128,73
226983,5010,69
229335,5133,66
231418,5178,64
232853,5086,62
235141,5150,63
237166,5055,72
239144,5099,78
241153,5147,64
243025,5006,68
245020,5088,68
247384,5034,66
249346,5155,69
251216,5110,75
253196,5144,64
255225,5000,79
257076,5121,70
258941,5001,73
260999,5110,78
263409,5002,78
265115,5030,76
267223,5139,75
269103,5130,76
271285,5025,75
273067,5154,68
275185,5058,60
277098,5099,62
279208,5181,76
281186,5118,67
283277,5018,79
285059,5046,75
287098,5079,71
288938,5092,65
291070,5160,69
293110,5184,62
295206,5012,70
296913,5024,61
299162,5161,66
301077,5167,71
303035,5036,61
305073,5072,77
307395,5135,77
309242,5101,62
311274,5152,69
312964,5185,71
314991,5134,75
316959,5177,64
319229,5194,73
321199,5132,64
323038,5036,75
324948,5074,70
327230,5126,70
329162,5076,67
330995,5044,65
333016,5003,73
336999,5057,77
341106,5106,76
343123,5149,68
345219,5096,79
347416,5093,77
349199,5125,69
350966,5074,62
355284,5124,68
356989,5052,66
359174,5079,79
361198,5027,70
363089,5175,70
365289,5002,66
367206,5025,64
369016,5188,63
371311,5107,66
373042,5118,62
375409,5196,73
377222,5102,70
378953,5070,69
381386,5080,69
383391,5083,66
385027,5044,64
387483,5186,70
389065,5176,73
391282,5167,70
393042,5164,73
397189,5082,75
399313,5090,60
401102,5052,66
403225,5072,67
405182,5158,64
407011,5071,71
408818,5105,79
411472,5103,64
412978,5071,64
415131,5002,73
416993,5127,79
419156,5079,63
421197,5095,74
423132,5093,71
425092,5180,77
427057,5092,75
429140,5123,72
431152,5044,71
433350,5049,64
435040,5067,60
437066,5125,71
439326,5108,73
441018,5108,74
443182,5168,64
445090,5059,73
446982,5031,79
449016,5124,67
451192,5042,63
452909,5010,64
454999,5051,62
456989,5186,64
459191,5106,60
460987,5053,77
463410,5175,69
465174,5059,72
467115,5085,79
471087,5163,79
473109,5162,67
477063,5118,70
479115,5025,65
481054,5036,66
483135,5155,75
485159,5133,73
487091,5159,67
488676,5073,72
491486,5016,74
493203,5152,63
495110,5132,65
497258,5160,71
499016,5196,66
500925,5074,72
503193,5189,64
504986,5076,71
508970,5168,62
511215,5199,69
513021,5012,64
515172,5093,61
517030,5084,68
519185,5177,70
521085,5138,61
523093,5096,69
525194,5149,70
527039,5020,75
529031,5075,62
531017,5106,77
533098,5173,68
535273,5058,68
536993,5176,76
539059,5103,77
541308,5057,62
543208,5148,64
545102,5168,71
547140,5087,68
551246,5060,62
553120,5136,64
555202,5198,70
557044,5067,77
559288,5163,60
560999,5036,63
563140,5088,64
565095,5094,65
567014,5082,64
569047,5183,71
571155,5118,66
573103,5104,72
575118,5136,79
579017,5005,71
581056,5151,64
583195,5028,69
585053,5109,72
587242,5106,72
589327,5098,61
590945,5042,63
592993,5085,75
595084,5172,68
597355,5052,68
599134,5044,66
601085,5119,79
603068,5048,66
604928,5167,60
607138,5061,61
609169,5083,67
611025,5147,69
613040,5165,64
615148,5097,74
617032,5089,74
619026,5180,61
621028,5111,74
623174,5193,72
625088,5094,66
626970,5175,79
629076,5151,61
631241,5065,62
633084,5155,60
635240,5086,60
637074,5124,62
639155,5131,71
641113,5137,78
643002,5149,67
644996,5101,66
647167,5095,70
649088,5145,62
651002,5166,74
652999,5113,68
654990,5064,61
657112,5183,67
659161,5157,74
661114,5076,79
663049,5015,69
665263,5190,66
667216,5080,62
669038,5158,73
671172,5116,74
673191,5015,76
674976,5124,67
677015,5193,77
679118,5106,60
681136,5046,77
683076,5123,63
685243,5106,61
687326,5098,77
689150,5032,60
691210,5125,66
693015,5151,66
695468,5198,72
697033,5088,66
698985,5191,69
701155,5023,73
703277,5050,71
705122,5102,60
707132,5047,74
709098,5090,64
711149,5144,75
713138,5023,76
715103,5189,77
717017,5089,77
719040,5121,77
721209,5048,71
723134,5010,77
724990,5076,65
727115,5134,60
729084,5164,72
731163,5036,60
733195,5044,60
735004,5161,72
737037,5034,68
739162,5118,79
743042,5073,66
745176,5021,71
747046,5036,75
749284,5104,62
751102,5004,66
753041,5130,60
754928,5104,68
757221,5197,64
761433,5070,64
762943,5133,77
765242,5133,62
767046,5033,76
769201,5022,71
771010,5106,77
772728,5141,62
775228,5013,70
777192,5074,61
779404,5023,77
781147,5037,71
783159,5062,65
785070,5115,71
786847,5122,71
789059,5062,63
791124,5041,73
793172,5150,63
795112,5046,75
797028,5022,66
799118,5161,76
803228,5188,63
805048,5136,75
807190,5083,67
808829,5086,75
811335,5196,66
813088,5078,76
814993,5136,64
817217,5045,66
818870,5063,65
821205,5183,77
822873,5142,70
825035,5073,65
827292,5158,70
828934,5062,78
830934,5113,72
833036,5031,66
835168,5163,70
836960,5104,64
839181,5193,76
841078,5154,73
843025,5180,69
845099,5124,61
847115,5034,60
849102,5158,70
851182,5060,63
853049,5046,77
855164,5066,75
857056,5199,72
859129,5035,75
860964,5115,70
863131,5050,65
867214,5107,65
869143,5199,76
871177,5178,71
873036,5083,78
875114,5052,61
877076,5056,62
878880,5112,75
881040,5084,76
883185,5170,71
885113,5188,68
887365,5030,72
889326,5198,64
891261,5008,78
893239,5160,63
895047,5083,64
897068,5109,65
899071,5064,69
901303,5077,74
902978,5195,72
907086,5154,70
909169,5050,67
911077,5068,60
913045,5034,71
915091,5145,74
917105,5052,67
919018,5103,79
921068,5138,78
923181,5153,69
925286,5047,69
927132,5081,67
929089,5169,64
931143,5186,73
933183,5075,75
934886,5067,76
937067,5197,73
939069,5097,70
943231,5043,67
945018,5156,64
946953,5060,77
948911,5016,61
951096,5121,66
955049,5023,77
957050,5011,76
959164,5189,65
961112,5024,73
963109,5189,60
965104,5146,73
967112,5099,72
969044,5123,67
971130,5085,62
973130,5124,71
975126,5073,79
977097,5190,61
979047,5165,71
981018,5063,72
983243,5185,74
984989,5127,66
987190,5162,63
989131,5184,79
993097,5032,72
995069,5141,75
997098,5007,68
999108,5138,77
1001363,5012,78
1003075,5179,63
1005204,5130,69
1007231,5021,71
1009120,5015,78
1010991,5155,60
1013352,5172,60
1015003,5000,60
1017233,5019,65
1019002,5185,74
1021078,5054,79
1023002,5115,63
1025188,5125,63
1027008,5037,66
1029133,5092,74
1031167,5154,61
1033100,5018,75
1035115,5052,69
1036980,5008,71
1039138,5047,68
1041089,5062,78
1043032,5164,70
1045176,5047,60
1047236,5064,77
1049061,5086,78
1051393,5179,60
1053148,5133,76
1055050,5115,70
1056970,5149,69
1059111,5003,76
1061101,5164,73
1063146,5038,77
1064992,5183,60
1066952,5159,78
1069037,5035,60
1070914,5072,69
1073137,5161,60
1075029,5030,60
1076963,5092,79
1079013,5167,76
1080923,5035,76
1083090,5152,72
1085062,5044,66
1089124,5133,64
1090992,5161,62
1093164,5077,68
1095069,5195,70
1097059,5169,72
1099091,5149,69
1101144,5145,61
1103221,5181,72
1105011,5075,60
1107062,5030,63
1109012,5026,74
1111112,5001,75
1113206,5163,63
1115094,5089,72
1117045,5151,70
1119155,5035,70
1121152,5130,71
1123121,5165,68
1125058,5137,72
1127056,5145,73
1129050,5145,63
1130993,5037,77
1133168,5080,74
1135114,5168,64
1137078,5025,70
1139028,5167,78
1141349,5032,77
1143050,5168,75
1145075,5029,60
1147115,5082,72
1149138,5029,63
1151098,5173,72
1152869,5057,64
1155025,5197,76
1157105,5193,74
1159066,5111,68
1163100,5034,69
1167074,5163,67
1169095,5142,61
1171071,5163,73
1173088,5042,64
1175001,5009,76
1177115,5007,73
1178953,5073,76
1181295,5194,72
1183173,5014,78
1185160,5090,65
1187005,5042,66
1189083,5177,76
1190903,5000,77
1193154,5109,60
1195015,5081,60
1197252,5057,73
1199191,5040,62
82840,5071,74
84850,5002,62
86762,5197,79
88770,5160,74
90782,5107,71
92792,5172,74
94679,5051,61
96844,5030,66
100907,5083,76
102657,5180,75
104843,5148,73
106821,5147,78
108925,5162,78
110924,5093,72
112989,5189,69
114762,5186,76
116721,5169,78
118852,5090,66
120951,5068,79
122790,5100,70
124763,5165,67
126816,5107,66
128810,5113,79
130894,5131,63
132866,5172,79
134962,5051,79
136770,5199,75
138782,5194,70
140801,5182,74
142819,5041,69
144772,5198,69
146887,5105,63
148799,5045,74
150805,5025,69
152803,5131,77
154784,5004,70
156769,5023,75
158781,5008,64
160866,5000,72
164861,5166,77
166782,5048,75
168802,5113,67
170785,5037,71
172807,5184,72
174849,5050,61
178779,5114,67
180863,5055,64
182811,5069,71
184942,5067,69
186915,5059,70
188926,5129,79
190767,5139,78
192872,5126,70
194747,5007,79
196757,5025,69
198735,5050,78
200775,5095,61
204765,5144,65
206761,5102,60
208771,5145,62
210827,5015,70
212695,5034,74
214881,5160,79
216803,5017,61
218837,5146,60
220778,5014,65
222751,5156,65
224769,5128,73
228753,5133,66
230872,5178,64
232790,5086,62
234818,5150,63
236708,5055,72
238813,5099,78
242792,5006,68
244734,5088,68
246696,5034,66
248786,5155,69
250884,5110,75
252788,5144,64
254801,5000,79
256845,5121,70
258761,5001,73
260803,5110,78
262752,5002,78
264691,5030,76
266835,5139,75
268856,5130,76
270968,5025,75
272880,5154,68
274858,5058,60
276795,5099,62
278922,5181,76
280846,5118,67
282816,5018,79
284825,5046,75
286828,5079,71
288687,5092,65
291006,5160,69
292746,5184,62
294863,5012,70
296751,5024,61
298832,5161,66
301024,5167,71
302842,5036,61
304778,5072,77
306770,5135,77
308796,5101,62
310826,5152,69
312764,5185,71
314801,5134,75
316799,5177,64
318856,5194,73
320787,5132,64
322880,5036,75
324812,5074,70
326897,5126,70
328774,5076,67
330854,5044,65
332803,5003,73
334740,5038,71
336807,5057,77
338805,5030,67
340827,5106,76
342795,5149,68
344795,5096,79
346778,5093,77
348880,5125,69
350800,5074,62
352855,5101,77
354786,5124,68
356743,5052,66
358786,5079,79
360768,5027,70
362732,5175,70
364791,5002,66
366848,5025,64
368908,5188,63
370693,5107,66
372955,5118,62
374721,5196,73
376934,5102,70
378823,5070,69
380838,5080,69
382699,5083,66
384843,5044,64
386763,5186,70
388839,5176,73
390898,5167,70
392838,5164,73
394796,5085,68
398868,5090,60
400778,5052,66
402876,5072,67
404757,5158,64
406789,5071,71
408804,5105,79
410721,5103,64
412791,5071,64
414737,5002,73
417084,5127,79
418812,5079,63
420915,5095,74
422742,5093,71
424782,5180,77
426822,5092,75
428802,5123,72
430859,5044,71
432768,5049,64
434774,5067,60
436806,5125,71
438857,5108,73
440911,5108,74
442841,5168,64
444828,5059,73
446983,5031,79
448786,5124,67
450765,5042,63
452777,5010,64
454837,5051,62
456766,5186,64
458708,5106,60
460745,5053,77
462788,5175,69
464869,5059,72
466744,5085,79
468687,5119,65
470699,5163,79
472678,5162,67
474799,5005,60
476883,5118,70
478680,5025,65
480818,5036,66
482761,5155,75
484714,5133,73
486730,5159,67
488729,5073,72
490779,5016,74
492723,5152,63
494709,5132,65
496841,5160,71
498702,5196,66
500796,5074,72
502887,5189,64
504747,5076,71
506721,5030,65
508764,5168,62
510842,5199,69
512828,5012,64
514942,5093,61
516783,5084,68
518742,5177,70
520816,5138,61
522766,5096,69
524799,5149,70
526756,5020,75
528670,5075,62
530750,5106,77
532742,5173,68
536904,5176,76
538818,5103,77
540816,5057,62
542726,5148,64
544787,5168,71
546773,5087,68
548774,5086,74
550833,5060,62
552815,5136,64
554696,5198,70
556766,5067,77
558828,5163,60
560927,5036,63
562819,5088,64
564799,5094,65
566824,5082,64
568818,5183,71
570870,5118,66
572758,5104,72
574854,5136,79
576808,5077,65
578938,5005,71
580866,5151,64
583025,5028,69
584751,5109,72
586878,5106,72
588964,5098,61
590802,5042,63
592840,5085,75
594927,5172,68
596731,5052,68
598715,5044,66
600775,5119,79
602754,5048,66
604734,5167,60
606767,5061,61
608878,5083,67
610876,5147,69
612831,5165,64
614977,5097,74
616764,5089,74
618730,5180,61
620874,5111,74
623011,5193,72
624708,5094,66
626879,5175,79
628784,5151,61
630790,5065,62
632843,5155,60
634868,5086,60
636786,5124,62
638694,5131,71
640839,5137,78
642825,5149,67
644724,5101,66
646745,5095,70
648787,5145,62
650722,5166,74
652960,5113,68
654841,5064,61
656809,5183,67
658696,5157,74
660808,5076,79
662795,5015,69
664730,5190,66
666933,5080,62
668837,5158,73
670778,5116,74
672705,5015,76
674644,5124,67
676680,5193,77
678923,5106,60
680863,5046,77
682882,5123,63
684605,5106,61
686657,5098,77
688767,5032,60
690782,5125,66
692774,5151,66
694783,5198,72
698806,5191,69
700899,5023,73
702720,5050,71
705055,5102,60
706782,5047,74
708824,5090,64
710742,5144,75
712971,5023,76
714796,5189,77
716884,5089,77
718742,5121,77
720901,5048,71
722823,5010,77
724760,5076,65
726875,5134,60
728751,5164,72
730746,5036,60
732859,5044,60
734877,5161,72
736956,5034,68
738705,5118,79
740810,5115,69
742769,5073,66
745096,5021,71
746849,5036,75
748843,5104,62
750775,5004,66
752802,5130,60
754762,5104,68
756868,5197,64
758828,5122,63
760925,5070,64
762800,5133,77
764843,5133,62
766850,5033,76
768725,5022,71
770730,5106,77
772764,5141,62
774748,5013,70
776966,5074,61
778876,5023,77
780759,5037,71
782767,5062,65
784717,5115,71
786822,5122,71
788706,5062,63
790821,5041,73
792726,5150,63
794727,5046,75
796783,5022,66
798972,5161,76
802699,5188,63
804753,5136,75
806931,5083,67
808868,5086,75
810734,5196,66
812711,5078,76
814806,5136,64
816863,5045,66
818734,5063,65
820818,5183,77
822835,5142,70
824705,5073,65
826865,5158,70
828886,5062,78
830734,5113,72
832766,5031,66
834726,5163,70
836801,5104,64
838766,5193,76
840754,5154,73
842911,5180,69
844796,5124,61
846764,5034,60
848743,5158,70
850939,5060,63
853012,5046,77
854763,5066,75
856789,5199,72
858740,5035,75
860735,5115,70
862667,5050,65
864841,5099,72
866785,5107,65
868813,5199,76
870923,5178,71
872678,5083,78
874838,5052,61
876779,5056,62
878764,5112,75
880800,5084,76
882820,5170,71
884882,5188,68
886815,5030,72
888713,5198,64
890942,5008,78
892820,5160,63
894788,5083,64
896864,5109,65
898757,5064,69
900788,5077,74
902797,5195,72
904725,5131,74
906745,5154,70
908834,5050,67
910853,5068,60
912714,5034,71
914698,5145,74
916786,5052,67
918721,5103,79
920888,5138,78
922673,5153,69
924744,5047,69
926831,5081,67
928821,5169,64
930845,5186,73
932891,5075,75
934745,5067,76
936740,5197,73
938695,5097,70
940845,5137,68
942905,5043,67
946840,5060,77
948630,5016,61
950779,5121,66
952782,5165,62
954785,5023,77
956806,5011,76
958787,5189,65
960925,5024,73
962824,5189,60
964714,5146,73
966770,5099,72
970908,5085,62
972808,5124,71
974824,5073,79
976776,5190,61
978755,5165,71
980805,5063,72
982658,5185,74
984907,5127,66
986766,5162,63
988772,5184,79
990784,5023,63
992771,5032,72
994815,5141,75
996689,5007,68
998919,5138,77
1000939,5012,78
1002770,5179,63
1004705,5130,69
1006919,5021,71
1008666,5015,78
1010775,5155,60
1012817,5172,60
1014732,5000,60
1016873,5019,65
1018759,5185,74
1020736,5054,79
1022840,5115,63
1024782,5125,63
1026778,5037,66
1028737,5092,74
1030894,5154,61
1032743,5018,75
1034784,5052,69
1036715,5008,71
1038783,5047,68
1040878,5062,78
1042825,5164,70
1044975,5047,60
1046704,5064,77
1048721,5086,78
1050882,5179,60
1052764,5133,76
1054817,5115,70
1056737,5149,69
1058824,5003,76
1060779,5164,73
1062851,5038,77
1065020,5183,60
1066720,5159,78
1068742,5035,60
1070731,5072,69
1072747,5161,60
1074955,5030,60
1076849,5092,79
1078902,5167,76
1080710,5035,76
1082716,5152,72
1084776,5044,66
1086750,5008,72
1088706,5133,64
1090748,5161,62
1092782,5077,68
1096780,5169,72
1098765,5149,69
1102704,5181,72
1104810,5075,60
1106881,5030,63
1108835,5026,74
1110778,5001,75
1112799,5163,63
1114703,5089,72
1116800,5151,70
1118811,5035,70
1120918,5130,71
1122858,5165,68
1124792,5137,72
1126779,5145,73
1128764,5145,63
1132781,5080,74
1134802,5168,64
1136705,5025,70
1138792,5167,78
1142929,5168,75
1146707,5082,72
1148744,5029,63
1150800,5173,72
1152778,5057,64
1156813,5193,74
1158738,5111,68
1160860,5108,71
1162799,5034,69
1164793,5061,68
1166834,5163,67
1168796,5142,61
1170764,5163,73
1172751,5042,64
1174879,5009,76
1176809,5007,73
1178876,5073,76
1180759,5194,72
1182857,5014,78
1184885,5090,65
1186853,5042,66
1188832,5177,76
1190841,5000,77
1192768,5109,60
1194931,5081,60
1196663,5057,73
1198862,5040,62
82840,5071,74
84850,5002,62
86762,5197,79
88770,5160,74
90782,5107,71
92792,5172,74
94679,5051,61
96844,5030,66
100907,5083,76
102657,5180,75
104843,5148,73
106821,5147,78
108925,5162,78
110924,5093,72
112989,5189,69
114762,5186,76
116721,5169,78
118852,5090,66
120951,5068,79
122790,5100,70
124763,5165,67
126816,5107,66
128810,5113,79
130894,5131,63
132866,5172,79
134962,5051,79
136770,5199,75
138782,5194,70
140801,5182,74
142819,5041,69
144772,5198,69
146887,5105,63
148799,5045,74
150805,5025,69
152803,5131,77
154784,5004,70
156769,5023,75
158781,5008,64
160866,5000,72
164861,5166,77
166782,5048,75
168802,5113,67
170785,5037,71
172807,5184,72
174849,5050,61
178779,5114,67
180863,5055,64
182811,5069,71
184942,5067,69
186915,5059,70
188926,5129,79
190767,5139,78
192872,5126,70
194747,5007,79
196757,5025,69
198735,5050,78
200775,5095,61
204765,5144,65
206761,5102,60
208771,5145,62
210827,5015,70
212695,5034,74
214881,5160,79
216803,5017,61
218837,5146,60
220778,5014,65
222751,5156,65
224769,5128,73
228753,5133,66
230872,5178,64
232790,5086,62
234818,5150,63
236708,5055,72
238813,5099,78
242792,5006,68
244734,5088,68
246696,5034,66
248786,5155,69
250884,5110,75
252788,5144,64
254801,5000,79
256845,5121,70
258761,5001,73
260803,5110,78
262752,5002,78
264691,5030,76
266835,5139,75
268856,5130,76
270968,5025,75
272880,5154,68
274858,5058,60
276795,5099,62
278922,5181,76
280846,5118,67
282816,5018,79
284825,5046,75
286828,5079,71
288687,5092,65
291006,5160,69
292746,5184,62
294863,5012,70
296751,5024,61
298832,5161,66
301024,5167,71
302842,5036,61
304778,5072,77
306770,5135,77
308796,5101,62
310826,5152,69
312764,5185,71
314801,5134,75
316799,5177,64
318856,5194,73
320787,5132,64
322880,5036,75
324812,5074,70
326897,5126,70
328774,5076,67
330854,5044,65
332803,5003,73
334740,5038,71
336807,5057,77
338805,5030,67
340827,5106,76
342795,5149,68
344795,5096,79
346778,5093,77
348880,5125,69
350800,5074,62
352855,5101,77
354786,5124,68
356743,5052,66
358786,5079,79
360768,5027,70
362732,5175,70
364791,5002,66
366848,5025,64
368908,5188,63
370693,5107,66
372955,5118,62
374721,5196,73
376934,5102,70
378823,5070,69
380838,5080,69
382699,5083,66
384843,5044,64
386763,5186,70
388839,5176,73
390898,5167,70
392838,5164,73
394796,5085,68
398868,5090,60
400778,5052,66
402876,5072,67
404757,5158,64
406789,5071,71
408804,5105,79
410721,5103,64
412791,5071,64
414737,5002,73
417084,5127,79
418812,5079,63
420915,5095,74
422742,5093,71
424782,5180,77
426822,5092,75
428802,5123,72
430859,5044,71
432768,5049,64
434774,5067,60
436806,5125,71
438857,5108,73
440911,5108,74
442841,5168,64
444828,5059,73
446983,5031,79
448786,5124,67
450765,5042,63
452777,5010,64
454837,5051,62
456766,5186,64
458708,5106,60
460745,5053,77
462788,5175,69
464869,5059,72
466744,5085,79
468687,5119,65
470699,5163,79
472678,5162,67
474799,5005,60
476883,5118,70
478680,5025,65
480818,5036,66
482761,5155,75
484714,5133,73
486730,5159,67
488729,5073,72
490779,5016,74
492723,5152,63
494709,5132,65
496841,5160,71
498702,5196,66
500796,5074,72
502887,5189,64
504747,5076,71
506721,5030,65
508764,5168,62
510842,5199,69
512828,5012,64
514942,5093,61
516783,5084,68
518742,5177,70
520816,5138,61
522766,5096,69
524799,5149,70
526756,5020,75
528670,5075,62
530750,5106,77
532742,5173,68
536904,5176,76
538818,5103,77
540816,5057,62
542726,5148,64
544787,5168,71
546773,5087,68
548774,5086,74
550833,5060,62
552815,5136,64
554696,5198,70
556766,5067,77
558828,5163,60
560927,5036,63
562819,5088,64
564799,5094,65
566824,5082,64
568818,5183,71
570870,5118,66
572758,5104,72
574854,5136,79
576808,5077,65
578938,5005,71
580866,5151,64
583025,5028,69
584751,5109,72
586878,5106,72
588964,5098,61
590802,5042,63
592840,5085,75
594927,5172,68
596731,5052,68
598715,5044,66
600775,5119,79
602754,5048,66
604734,5167,60
606767,5061,61
608878,5083,67
610876,5147,69
612831,5165,64
614977,5097,74
616764,5089,74
618730,5180,61
620874,5111,74
623011,5193,72
624708,5094,66
626879,5175,79
628784,5151,61
630790,5065,62
632843,5155,60
634868,5086,60
636786,5124,62
638694,5131,71
640839,5137,78
642825,5149,67
644724,5101,66
646745,5095,70
648787,5145,62
650722,5166,74
652960,5113,68
654841,5064,61
656809,5183,67
658696,5157,74
660808,5076,79
662795,5015,69
664730,5190,66
666933,5080,62
668837,5158,73
670778,5116,74
672705,5015,76
674644,5124,67
676680,5193,77
678923,5106,60
680863,5046,77
682882,5123,63
684605,5106,61
686657,5098,77
688767,5032,60
690782,5125,66
692774,5151,66
694783,5198,72
698806,5191,69
700899,5023,73
702720,5050,71
705055,5102,60
706782,5047,74
708824,5090,64
710742,5144,75
712971,5023,76
714796,5189,77
716884,5089,77
718742,5121,77
720901,5048,71
722823,5010,77
724760,5076,65
726875,5134,60
728751,5164,72
730746,5036,60
732859,5044,60
734877,5161,72
736956,5034,68
738705,5118,79
740810,5115,69
742769,5073,66
745096,5021,71
746849,5036,75
748843,5104,62
750775,5004,66
752802,5130,60
754762,5104,68
756868,5197,64
758828,5122,63
760925,5070,64
762800,5133,77
764843,5133,62
766850,5033,76
768725,5022,71
770730,5106,77
772764,5141,62
774748,5013,70
776966,5074,61
778876,5023,77
780759,5037,71
782767,5062,65
784717,5115,71
786822,5122,71
788706,5062,63
790821,5041,73
792726,5150,63
794727,5046,75
796783,5022,66
798972,5161,76
802699,5188,63
804753,5136,75
806931,5083,67
808868,5086,75
810734,5196,66
812711,5078,76
814806,5136,64
816863,5045,66
818734,5063,65
820818,5183,77
822835,5142,70
824705,5073,65
826865,5158,70
828886,5062,78
830734,5113,72
832766,5031,66
834726,5163,70
836801,5104,64
838766,5193,76
840754,5154,73
842911,5180,69
844796,5124,61
846764,5034,60
848743,5158,70
850939,5060,63
853012,5046,77
854763,5066,75
856789,5199,72
858740,5035,75
860735,5115,70
862667,5050,65
864841,5099,72
866785,5107,65
868813,5199,76
870923,5178,71
872678,5083,78
874838,5052,61
876779,5056,62
878764,5112,75
880800,5084,76
882820,5170,71
884882,5188,68
886815,5030,72
888713,5198,64
890942,5008,78
892820,5160,63
894788,5083,64
896864,5109,65
898757,5064,69
900788,5077,74
902797,5195,72
904725,5131,74
906745,5154,70
908834,5050,67
910853,5068,60
912714,5034,71
914698,5145,74
916786,5052,67
918721,5103,79
920888,5138,78
922673,5153,69
924744,5047,69
926831,5081,67
928821,5169,64
930845,5186,73
932891,5075,75
934745,5067,76
936740,5197,73
938695,5097,70
940845,5137,68
942905,5043,67
946840,5060,77
948630,5016,61
950779,5121,66
952782,5165,62
954785,5023,77
956806,5011,76
958787,5189,65
960925,5024,73
962824,5189,60
964714,5146,73
966770,5099,72
970908,5085,62
972808,5124,71
974824,5073,79
976776,5190,61
978755,5165,71
980805,5063,72
982658,5185,74
984907,5127,66
986766,5162,63
988772,5184,79
990784,5023,63
992771,5032,72
994815,5141,75
996689,5007,68
998919,5138,77
1000939,5012,78
1002770,5179,63
1004705,5130,69
1006919,5021,71
1008666,5015,78
1010775,5155,60
1012817,5172,60
1014732,5000,60
1016873,5019,65
1018759,5185,74
1020736,5054,79
1022840,5115,63
1024782,5125,63
1026778,5037,66
1028737,5092,74
1030894,5154,61
1032743,5018,75
1034784,5052,69
1036715,5008,71
1038783,5047,68
1040878,5062,78
1042825,5164,70
1044975,5047,60
1046704,5064,77
1048721,5086,78
1050882,5179,60
1052764,5133,76
1054817,5115,70
1056737,5149,69
1058824,5003,76
1060779,5164,73
1062851,5038,77
1065020,5183,60
1066720,5159,78
1068742,5035,60
1070731,5072,69
1072747,5161,60
1074955,5030,60
1076849,5092,79
1078902,5167,76
1080710,5035,76
1082716,5152,72
1084776,5044,66
1086750,5008,72
1088706,5133,64
1090748,5161,62
1092782,5077,68
1096780,5169,72
1098765,5149,69
1102704,5181,72
1104810,5075,60
1106881,5030,63
1108835,5026,74
1110778,5001,75
1112799,5163,63
1114703,5089,72
1116800,5151,70
1118811,5035,70
1120918,5130,71
1122858,5165,68
1124792,5137,72
1126779,5145,73
1128764,5145,63
1132781,5080,74
1134802,5168,64
1136705,5025,70
1138792,5167,78
1142929,5168,75
1146707,5082,72
1148744,5029,63
1150800,5173,72
1152778,5057,64
1156813,5193,74
1158738,5111,68
1160860,5108,71
1162799,5034,69
1164793,5061,68
1166834,5163,67
1168796,5142,61
1170764,5163,73
1172751,5042,64
1174879,5009,76
1176809,5007,73
1178876,5073,76
1180759,5194,72
1182857,5014,78
1184885,5090,65
1186853,5042,66
1188832,5177,76
1190841,5000,77
1192768,5109,60
1194931,5081,60
1196663,5057,73
1198862,5040,62
