85582,3762
90525,3733
95508,3716
105505,3871
110599,3727
115505,3845
120522,3765
125557,3774
130525,3798
135534,3700
140541,3756
145521,3881
150565,3830
155547,3883
160525,3787
165589,3813
175525,3877
180563,3770
185515,3798
190525,3779
195560,3828
200644,3835
205611,3776
210608,3739
215528,3849
220519,3861
225525,3788
230746,3723
235544,3837
240509,3764
245531,3740
250525,3818
255505,3862
260520,3832
265505,3807
270531,3897
275502,3865
280515,3806
285589,3863
290509,3857
295505,3790
300506,3863
305508,3714
310515,3784
315508,3781
320609,3876
325505,3803
330506,3708
335525,3785
340506,3762
345557,3755
350557,3853
355508,3757
360519,3714
370515,3733
375505,3819
380522,3727
385505,3843
390535,3792
395505,3765
400506,3762
405509,3756
410557,3723
415521,3841
420560,3863
425541,3704
430550,3845
435561,3722
440577,3855
445563,3831
450503,3786
455525,3748
460506,3766
465567,3707
470538,3771
475502,3768
480503,3783
485557,3883
490506,3826
495505,3895
505508,3821
510512,3723
515627,3734
520512,3826
525518,3795
530644,3856
535512,3743
540525,3803
545570,3725
550509,3774
555528,3713
560509,3749
565521,3711
570503,3800
575547,3710
580525,3743
585505,3732
590638,3703
595508,3762
600512,3701
605508,3702
610531,3795
615534,3829
620638,3738
625560,3870
630509,3787
635579,3702
640503,3827
645521,3798
650522,3790
655512,3774
660503,3820
665538,3749
670544,3720
675515,3860
680503,3750
685544,3784
690580,3882
695502,3771
700579,3709
705583,3850
710593,3725
715502,3799
720535,3833
725541,3727
730522,3819
735528,3750
745586,3821
750522,3871
755528,3878
760519,3893
765521,3859
770625,3761
775621,3728
780547,3834
785531,3741
790643,3751
795531,3881
800548,3814
805528,3872
810509,3739
815550,3741
820528,3756
825530,3822
830548,3852
835615,3721
840519,3741
845541,3765
850525,3722
855502,3793
860513,3816
865508,3763
870522,3850
875554,3809
880509,3712
885508,3896
890503,3882
895573,3898
900522,3722
905573,3745
910550,3725
915583,3711
920535,3711
925596,3802
930503,3831
935538,3791
940584,3842
945579,3823
950503,3822
955566,3894
960512,3862
965525,3838
970509,3718
975570,3807
985528,3773
990503,3770
995531,3793
1000547,3743
1005596,3786
1010513,3728
1015505,3720
1020512,3881
1025512,3815
1030528,3894
1035525,3792
1040621,3819
1045583,3703
1050717,3894
1055502,3855
1060515,3834
1065597,3794
1070541,3885
1075505,3746
1080550,3856
1085579,3740
1090600,3722
1095505,3831
1100520,3751
1105552,3732
1110525,3729
1115534,3797
1120581,3848
1125515,3889
1130548,3707
1135508,3702
1140612,3823
1145505,3889
1150522,3785
1155502,3844
1165573,3839
1170509,3703
1175508,3743
1185505,3791
1190509,3863
1195502,3706
85582,3762
90525,3733
