83189,5071,74
84998,5002,62
95445,5051,61
97953,5030,66
100834,5083,76
102641,5180,75
104592,5148,73
106893,5147,78
108955,5162,78
111239,5093,72
113069,5189,69
114984,5186,76
116825,5169,78
118691,5090,66
120884,5068,79
122973,5100,70
124965,5165,67
129058,5113,79
131059,5131,63
132799,5172,79
134832,5051,79
140915,5182,74
142960,5041,69
145406,5198,69
148963,5045,74
150934,5025,69
152597,5131,77
154981,5004,70
157087,5023,75
158723,5008,64
160948,5000,72
163023,5083,62
164835,5166,77
166705,5048,75
168860,5113,67
170794,5037,71
173110,5184,72
174641,5050,61
179063,5114,67
180663,5055,64
182747,5069,71
184664,5067,69
186710,5059,70
188940,5129,79
191047,5139,78
192769,5126,70
194990,5007,79
196757,5025,69
199016,5050,78
202544,5144,74
205211,5144,65
206670,5102,60
209257,5145,62
210943,5015,70
212909,5034,74
214888,5160,79
216664,5017,61
218644,5146,60
220972,5014,65
223372,5156,65
224980,5128,73
226963,5010,69
228660,5133,66
230685,5178,64
232975,5086,62
234676,5150,63
236996,5055,72
238605,5099,78
241077,5147,64
242709,5006,68
245043,5088,68
246898,5034,66
248982,5155,69
250886,5110,75
252949,5144,64
256848,5121,70
258799,5001,73
260928,5110,78
263029,5002,78
264644,5030,76
266956,5139,75
268637,5130,76
270592,5025,75
272896,5154,68
274685,5058,60
276587,5099,62
278978,5181,76
283159,5018,79
284851,5046,75
286824,5079,71
290752,5160,69
292698,5184,62
295014,5012,70
296955,5024,61
298771,5161,66
301481,5167,71
302757,5036,61
304680,5072,77
307022,5135,77
308792,5101,62
310978,5152,69
312903,5185,71
315058,5134,75
317048,5177,64
318683,5194,73
322837,5036,75
324843,5074,70
326712,5126,70
328821,5076,67
330825,5044,65
332964,5003,73
337181,5057,77
338868,5030,67
340969,5106,76
342609,5149,68
344813,5096,79
346747,5093,77
348893,5125,69
350875,5074,62
352879,5101,77
355169,5124,68
358816,5079,79
360752,5027,70
362899,5175,70
364947,5002,66
366914,5025,64
371030,5107,66
372937,5118,62
376834,5102,70
378871,5070,69
382821,5083,66
385150,5044,64
386999,5186,70
388850,5176,73
390839,5167,70
392732,5164,73
396815,5082,75
399063,5090,60
400720,5052,66
402967,5072,67
404896,5158,64
408573,5105,79
411111,5103,64
412934,5071,64
414784,5002,73
418693,5079,63
420679,5095,74
422812,5093,71
424916,5180,77
426817,5092,75
428657,5123,72
430928,5044,71
432767,5049,64
434866,5067,60
436609,5125,71
438796,5108,73
440891,5108,74
442737,5168,64
444890,5059,73
447226,5031,79
448797,5124,67
450924,5042,63
452937,5010,64
456823,5186,64
458873,5106,60
460673,5053,77
462896,5175,69
465020,5059,72
467024,5085,79
468792,5119,65
470747,5163,79
473041,5162,67
474693,5005,60
477012,5118,70
478860,5025,65
480764,5036,66
483037,5155,75
484668,5133,73
487073,5159,67
488855,5073,72
490892,5016,74
492647,5152,63
494675,5132,65
496840,5160,71
498669,5196,66
502712,5189,64
504669,5076,71
506978,5030,65
508889,5168,62
511245,5199,69
512992,5012,64
514735,5093,61
516721,5084,68
518667,5177,70
520821,5138,61
522809,5096,69
524868,5149,70
527095,5020,75
528822,5075,62
530957,5106,77
532822,5173,68
534777,5058,68
536742,5176,76
538699,5103,77
541020,5057,62
543026,5148,64
544583,5168,71
546992,5087,68
548816,5086,74
550669,5060,62
552787,5136,64
554648,5198,70
556939,5067,77
561003,5036,63
564889,5094,65
567054,5082,64
568704,5183,71
570832,5118,66
572864,5104,72
574826,5136,79
576673,5077,65
578680,5005,71
580687,5151,64
582991,5028,69
584695,5109,72
586722,5106,72
588892,5098,61
592858,5085,75
594761,5172,68
596743,5052,68
598916,5044,66
600928,5119,79
602795,5048,66
604912,5167,60
606718,5061,61
608794,5083,67
611096,5147,69
612746,5165,64
614837,5097,74
616710,5089,74
618766,5180,61
620906,5111,74
622966,5193,72
624835,5094,66
627135,5175,79
628998,5151,61
630866,5065,62
633054,5155,60
634955,5086,60
636944,5124,62
638909,5131,71
640846,5137,78
643019,5149,67
644760,5101,66
646736,5095,70
648731,5145,62
650909,5166,74
652586,5113,68
656828,5183,67
658725,5157,74
662854,5015,69
664884,5190,66
666880,5080,62
668770,5158,73
670830,5116,74
672800,5015,76
674858,5124,67
676951,5193,77
678775,5106,60
680854,5046,77
682889,5123,63
684859,5106,61
687141,5098,77
688735,5032,60
691070,5125,66
692960,5151,66
694873,5198,72
696821,5088,66
698847,5191,69
700935,5023,73
702689,5050,71
705296,5102,60
706685,5047,74
708745,5090,64
710944,5144,75
712654,5023,76
714708,5189,77
717006,5089,77
718651,5121,77
720854,5048,71
722964,5010,77
724699,5076,65
726917,5134,60
728679,5164,72
730725,5036,60
733001,5044,60
734696,5161,72
736825,5034,68
738757,5118,79
741088,5115,69
742763,5073,66
744749,5021,71
746582,5036,75
751211,5004,66
752875,5130,60
754855,5104,68
758732,5122,63
760874,5070,64
762863,5133,77
764812,5133,62
766842,5033,76
768845,5022,71
772809,5141,62
774685,5013,70
776921,5074,61
778861,5023,77
781020,5037,71
782992,5062,65
784763,5115,71
787073,5122,71
788925,5062,63
791084,5041,73
792852,5150,63
794813,5046,75
796760,5022,66
798880,5161,76
801027,5026,67
803121,5188,63
804818,5136,75
806725,5083,67
808773,5086,75
810856,5196,66
812951,5078,76
814728,5136,64
816703,5045,66
818689,5063,65
820935,5183,77
822692,5142,70
824647,5073,65
826625,5158,70
828711,5062,78
830922,5113,72
832687,5031,66
834983,5163,70
836902,5104,64
838753,5193,76
840863,5154,73
842648,5180,69
844771,5124,61
846808,5034,60
848803,5158,70
850853,5060,63
852858,5046,77
854808,5066,75
856988,5199,72
858985,5035,75
860948,5115,70
862816,5050,65
864969,5099,72
866658,5107,65
868602,5199,76
870926,5178,71
872747,5083,78
874841,5052,61
876690,5056,62
879005,5112,75
880807,5084,76
882865,5170,71
884893,5188,68
887113,5030,72
888664,5198,64
890888,5008,78
892693,5160,63
894708,5083,64
896715,5109,65
899090,5064,69
900922,5077,74
902831,5195,72
905075,5131,74
906628,5154,70
908836,5050,67
910745,5068,60
912944,5034,71
914879,5145,74
916853,5052,67
918688,5103,79
920868,5138,78
925174,5047,69
926770,5081,67
928875,5169,64
931055,5186,73
932896,5075,75
934758,5067,76
937049,5197,73
938757,5097,70
940758,5137,68
942741,5043,67
944663,5156,64
946721,5060,77
949054,5016,61
950610,5121,66
952821,5165,62
957054,5011,76
958626,5189,65
964838,5146,73
968671,5123,67
970923,5085,62
972857,5124,71
974873,5073,79
977201,5190,61
978735,5165,71
980728,5063,72
982861,5185,74
984844,5127,66
986605,5162,63
989017,5184,79
991041,5023,63
992987,5032,72
994712,5141,75
996659,5007,68
998625,5138,77
1000804,5012,78
1002825,5179,63
1004944,5130,69
1006621,5021,71
1008838,5015,78
1010952,5155,60
1012707,5172,60
1014794,5000,60
1016796,5019,65
1018748,5185,74
1021013,5054,79
1022829,5115,63
1024944,5125,63
1026768,5037,66
1028900,5092,74
1030875,5154,61
1032922,5018,75
1034667,5052,69
1036750,5008,71
1038942,5047,68
1040811,5062,78
1042818,5164,70
1044960,5047,60
1046683,5064,77
1048673,5086,78
1050858,5179,60
1052634,5133,76
1055057,5115,70
1056719,5149,69
1058797,5003,76
1060982,5164,73
1062660,5038,77
1064866,5183,60
1066976,5159,78
1069137,5035,60
1072705,5161,60
1074859,5030,60
1076745,5092,79
1078744,5167,76
1080734,5035,76
1082755,5152,72
1084712,5044,66
1086763,5008,72
1088512,5133,64
1090741,5161,62
1092989,5077,68
1094807,5195,70
1098796,5149,69
1100826,5145,61
1102713,5181,72
1104648,5075,60
1107081,5030,63
1108790,5026,74
1110712,5001,75
1112939,5163,63
1114666,5089,72
1116619,5151,70
1119067,5035,70
1120830,5130,71
1122777,5165,68
1124762,5137,72
1128703,5145,63
1130701,5037,77
1132960,5080,74
1134899,5168,64
1137138,5025,70
1138768,5167,78
1140973,5032,77
1142767,5168,75
1144870,5029,60
1146827,5082,72
1148938,5029,63
1150896,5173,72
1152863,5057,64
1154785,5197,76
1156833,5193,74
1159051,5111,68
1160864,5108,71
1162751,5034,69
1164771,5061,68
1166722,5163,67
1168834,5142,61
1170667,5163,73
1172890,5042,64
1175034,5009,76
1178966,5073,76
1180812,5194,72
1182903,5014,78
1184741,5090,65
1186748,5042,66
1188744,5177,76
1190946,5000,77
1193002,5109,60
1194921,5081,60
1197131,5057,73
1198816,5040,62
83189,5071,74
84998,5002,62
