85630,3762
90506,3733
95502,3716
100515,3866
105719,3871
110509,3727
115512,3845
120515,3765
125554,3774
130509,3798
135515,3700
140599,3756
145502,3881
150503,3830
155573,3883
160522,3787
165570,3813
170548,3801
175527,3877
180528,3770
185505,3798
190525,3779
195531,3828
200622,3835
205502,3776
210503,3739
215563,3849
220515,3861
225528,3788
230516,3723
235518,3837
240577,3764
245580,3740
250609,3818
255525,3862
260503,3832
265512,3807
270506,3897
275509,3865
280531,3806
285602,3863
290564,3857
295508,3790
300515,3863
305543,3714
310503,3784
315508,3781
320557,3876
325554,3803
330525,3708
335505,3785
340503,3762
345566,3755
350555,3853
355521,3757
360515,3714
365534,3820
370563,3733
375541,3819
380506,3727
385534,3843
390506,3792
395558,3765
400503,3762
405528,3756
410529,3723
415557,3841
420503,3863
425515,3704
430512,3845
435528,3722
440658,3855
445554,3831
450515,3786
455508,3748
460535,3766
465544,3707
470541,3771
475505,3768
480525,3783
485521,3883
490560,3826
495505,3895
500506,3792
505515,3821
510525,3723
515502,3734
520512,3826
525512,3795
530625,3856
535557,3743
540522,3803
545521,3725
550506,3774
555528,3713
560663,3749
565573,3711
570519,3800
575518,3710
580525,3743
585505,3732
590509,3703
595557,3762
600522,3701
605538,3702
610535,3795
615544,3829
620513,3738
625560,3870
630525,3787
635502,3702
640506,3827
645544,3798
650714,3790
655537,3774
660503,3820
665505,3749
670613,3720
675502,3860
680564,3750
685502,3784
690506,3882
695502,3771
700512,3709
705505,3850
710702,3725
715534,3799
720519,3833
725550,3727
730538,3819
735530,3750
740634,3764
745543,3821
750560,3871
755512,3878
760515,3893
765544,3859
770583,3761
775547,3728
780506,3834
785573,3741
790503,3751
795528,3881
805512,3872
810557,3739
815576,3741
820512,3756
825573,3822
835509,3721
840566,3741
845568,3765
850579,3722
855518,3793
860541,3816
865505,3763
870506,3850
875559,3809
880519,3712
885572,3896
890561,3882
895528,3898
900587,3722
905502,3745
910515,3725
915521,3711
920523,3711
925502,3802
930528,3831
935505,3791
940535,3842
945502,3823
950548,3822
955550,3894
960512,3862
965531,3838
970553,3718
975502,3807
980548,3801
985531,3773
990522,3770
995502,3793
1000506,3743
1005502,3786
1010509,3728
1015563,3720
1020567,3881
1025566,3815
1030509,3894
1035502,3792
1040541,3819
1045518,3703
1050515,3894
1055583,3855
1060560,3834
1065576,3794
1070503,3885
1075525,3746
1080519,3856
1085573,3740
1090525,3722
1095531,3831
1100537,3751
1105544,3732
1110519,3729
1115563,3797
1120519,3848
1125512,3889
1130503,3707
1135560,3702
1140515,3823
1145534,3889
1150522,3785
1155541,3844
1160503,3858
1165502,3839
1170515,3703
1175563,3743
1180509,3829
1185508,3791
1190520,3863
1195531,3706
