90545,2016
100503,1999
120541,1945
130515,1966
140529,1959
150531,2056
160631,2073
170503,1984
180535,1946
190591,1949
200600,1957
210525,1900
220506,1994
230503,2059
240519,2028
250582,2056
260612,1902
270512,1926
280547,1932
290548,2063
300522,2019
310509,1970
320526,1901
330509,2080
340557,1997
350570,2087
360522,1918
370525,1903
380625,2096
390548,2071
400509,2084
420535,1947
430544,1985
440631,1977
450512,1980
470612,1976
480537,2004
490509,2033
510519,1905
520503,1991
530519,2011
540525,2060
550512,2082
560503,1998
570512,1910
580541,2005
590740,1985
600531,1913
610522,1942
620622,2000
630519,2058
640519,2031
650650,2025
660522,2088
670503,2033
680519,2028
690544,2030
700506,1988
710631,1902
720506,1915
730566,1932
750503,1909
760509,1908
770532,2029
780503,2057
790626,2038
810512,2047
820509,2073
830513,2078
840515,1997
850611,2084
860561,1959
870503,1913
880506,1953
890622,2063
900535,1996
910525,2003
920714,2040
930548,2080
940553,1973
950605,1958
960541,1986
970594,1940
980540,2061
990509,1995
1000512,2073
1020506,1963
1030506,1972
1040625,2023
1050503,1948
1060575,2034
1070526,2006
1080522,1990
1090506,2015
1100670,1953
1110515,2097
1120560,1926
1130602,1909
1140506,2054
1150563,2069
1160561,2095
1170553,1977
1180544,2087
1190532,1900
90545,2016
