82873 72, 5093
86918 78, 5071
92872 72, 5036
97073 68, 5011
98826 68, 5127
101264 72, 5147
102751 73, 5046
106655 78, 5012
108705 62, 5162
112713 65, 5197
114845 77, 5137
116998 79, 5069
119260 76, 5065
123445 71, 5184
126956 61, 5166
133293 74, 5004
134781 69, 5058
140727 68, 5199
145110 71, 5044
147040 60, 5146
149153 66, 5159
152971 75, 5079
156914 79, 5078
158968 69, 5145
162826 68, 5006
169164 63, 5062
171010 77, 5037
172939 72, 5177
175074 76, 5169
176716 62, 5183
178887 76, 5103
180925 61, 5170
182697 72, 5114
185230 70, 5023
187049 71, 5042
189015 75, 5127
191188 63, 5015
192801 62, 5006
194739 67, 5040
196773 63, 5010
200974 73, 5112
204668 66, 5004
208792 76, 5193
210896 66, 5060
213111 75, 5042
218823 68, 5042
222821 78, 5103
225055 75, 5141
226804 67, 5007
231008 60, 5182
233028 78, 5197
239023 72, 5079
240830 76, 5177
243085 71, 5146
244684 67, 5006
249057 70, 5102
250822 76, 5136
254911 78, 5183
259002 68, 5191
262766 66, 5107
264944 63, 5114
268858 70, 5006
272751 78, 5014
274938 72, 5034
278696 75, 5008
280938 76, 5026
282684 63, 5061
284703 73, 5148
286870 65, 5112
289007 77, 5054
293089 62, 5030
294677 69, 5092
297101 70, 5198
298809 77, 5022
301051 66, 5106
302806 74, 5092
304827 77, 5036
306608 79, 5140
308961 75, 5161
312848 73, 5120
314922 66, 5129
316952 73, 5105
319014 66, 5019
320842 78, 5151
325009 61, 5093
327067 72, 5182
328852 70, 5118
330666 77, 5083
334699 78, 5134
337063 73, 5028
339127 66, 5041
340761 73, 5121
343220 68, 5057
344872 73, 5183
351099 75, 5105
352692 62, 5167
357141 63, 5138
358998 75, 5150
360900 64, 5106
362863 78, 5114
364734 69, 5014
367219 68, 5114
368888 65, 5069
370888 65, 5133
375119 64, 5055
377088 60, 5090
380959 69, 5026
382858 73, 5050
384939 78, 5190
386753 75, 5157
389348 69, 5168
391151 65, 5004
394937 72, 5017
397159 73, 5093
399170 64, 5071
400860 73, 5009
402694 69, 5199
406749 77, 5139
409025 76, 5078
411222 68, 5117
413165 78, 5058
418775 70, 5112
422928 72, 5175
424646 61, 5053
426678 73, 5185
428844 66, 5036
430811 69, 5182
432844 70, 5092
436960 73, 5115
440982 70, 5090
444968 76, 5132
450870 68, 5151
452733 77, 5160
454989 74, 5029
460681 63, 5187
462694 69, 5049
464799 73, 5089
466825 74, 5080
468909 75, 5019
470847 79, 5192
472893 68, 5193
474866 65, 5126
476960 77, 5129
478994 76, 5024
481097 65, 5069
482730 76, 5004
487036 69, 5005
488826 69, 5136
492664 73, 5157
494951 71, 5159
496821 74, 5026
498907 77, 5043
500817 61, 5020
503216 71, 5187
506868 60, 5158
509049 70, 5052
510911 75, 5133
513050 78, 5104
514598 79, 5187
516880 70, 5089
519060 66, 5092
520788 72, 5058
523050 63, 5112
524774 65, 5090
529023 73, 5115
531082 71, 5127
533037 72, 5146
536772 65, 5171
539008 78, 5169
544698 64, 5165
547038 74, 5143
548905 77, 5118
551228 69, 5017
552734 65, 5093
554683 73, 5086
556633 61, 5198
558952 68, 5044
560894 69, 5042
563116 71, 5034
567017 72, 5137
568825 70, 5115
572832 73, 5160
578781 76, 5065
581056 73, 5123
583253 62, 5136
584897 70, 5121
590913 60, 5147
594745 68, 5051
596688 77, 5093
598723 76, 5084
600954 63, 5188
602869 65, 5120
604666 72, 5022
607205 71, 5061
609134 70, 5159
614754 71, 5053
616812 62, 5190
620880 73, 5035
622831 70, 5076
626932 75, 5058
630689 74, 5135
633023 79, 5063
634902 73, 5058
636940 76, 5029
638802 60, 5005
642952 75, 5110
647081 68, 5100
648875 68, 5091
652879 78, 5197
654931 72, 5082
656711 72, 5070
658685 64, 5160
660843 61, 5011
662785 78, 5132
664857 72, 5190
668931 66, 5128
670784 60, 5150
672895 76, 5090
674647 68, 5040
678642 78, 5045
680906 77, 5174
682782 77, 5164
684802 67, 5099
687044 75, 5029
689081 61, 5123
690608 76, 5050
692623 76, 5089
694834 65, 5168
696864 65, 5105
699089 70, 5019
705092 62, 5142
706844 72, 5055
708912 70, 5047
716889 77, 5028
718839 61, 5016
720892 61, 5071
724903 61, 5046
726711 60, 5091
729018 63, 5012
730790 71, 5074
732717 63, 5065
734607 62, 5148
737199 68, 5175
739077 61, 5150
741411 62, 5156
743060 65, 5141
746775 76, 5103
748848 78, 5051
753020 72, 5032
754870 62, 5036
757282 68, 5055
758780 70, 5088
760557 61, 5153
763142 72, 5159
764950 65, 5032
766802 79, 5198
770707 63, 5076
775019 61, 5038
777083 76, 5084
778660 66, 5135
780918 74, 5071
784945 76, 5052
786870 67, 5018
792910 68, 5012
794810 75, 5102
798744 64, 5074
801135 67, 5007
802916 77, 5182
804743 62, 5040
807017 60, 5052
808655 69, 5156
811118 78, 5197
813082 67, 5094
815264 72, 5102
817101 66, 5174
818917 66, 5001
820533 60, 5196
822859 63, 5128
825006 78, 5084
828990 71, 5186
833025 79, 5084
835223 72, 5067
837086 64, 5066
840966 71, 5084
843085 76, 5035
845025 72, 5018
846847 73, 5162
848905 78, 5050
852635 66, 5070
854729 78, 5059
857006 70, 5000
859131 66, 5049
860780 70, 5112
862904 74, 5136
864934 63, 5051
866742 66, 5051
874971 66, 5140
880914 71, 5056
886962 65, 5093
888721 76, 5000
890968 62, 5138
892987 62, 5121
894991 73, 5066
897091 70, 5065
898959 63, 5116
900658 60, 5155
902608 72, 5060
904846 64, 5147
906924 62, 5021
908973 74, 5170
910585 73, 5050
912799 67, 5039
914997 79, 5163
918832 73, 5145
920887 67, 5135
922961 71, 5130
924784 61, 5139
926692 65, 5088
929004 69, 5050
930869 63, 5124
933168 79, 5110
934762 70, 5192
936857 74, 5145
939011 77, 5055
942897 65, 5029
944775 68, 5007
946891 72, 5098
950955 68, 5077
953155 79, 5017
954870 62, 5057
956679 60, 5167
958952 73, 5012
960866 62, 5113
962912 74, 5050
964954 71, 5105
966743 74, 5043
969134 76, 5165
970801 69, 5175
972807 75, 5029
974884 64, 5192
977167 65, 5155
979203 74, 5154
981052 79, 5089
983143 61, 5092
984799 65, 5168
988688 68, 5109
992936 69, 5064
994826 77, 5029
998685 72, 5096
1001008 66, 5190
1003087 69, 5125
1006992 64, 5042
1008942 70, 5037
1010703 79, 5193
1012865 68, 5198
1014894 77, 5135
1017048 77, 5139
1018767 78, 5091
1020936 66, 5184
1024861 72, 5018
1026784 79, 5074
1028845 68, 5054
1032953 61, 5064
1034957 67, 5031
1036854 74, 5030
1040989 67, 5009
1044970 61, 5061
1047067 65, 5105
1048958 79, 5088
1051131 66, 5147
1054910 74, 5057
1056945 76, 5051
1059044 72, 5047
1061011 78, 5150
1064678 77, 5052
1066731 78, 5005
1072708 64, 5044
1076735 64, 5161
1078959 78, 5126
1080854 79, 5035
1082693 74, 5186
1084981 77, 5075
1087046 75, 5158
1092925 60, 5053
1094785 79, 5190
1097071 74, 5109
1099019 72, 5148
1104896 79, 5011
1106801 63, 5096
1108955 70, 5126
1114872 60, 5111
1118931 63, 5195
1123088 68, 5084
1124773 72, 5080
1127109 61, 5017
1128826 79, 5023
1130844 62, 5068
1133002 64, 5124
1134674 69, 5140
1138924 68, 5135
1142902 76, 5001
1144865 71, 5053
1146959 79, 5002
1148773 68, 5050
1150789 61, 5080
1154986 69, 5044
1156966 63, 5043
1162757 62, 5171
1170813 68, 5109
1172663 60, 5166
1175242 62, 5107
1176895 73, 5133
1178654 60, 5175
1182991 70, 5044
1185173 64, 5053
1189051 73, 5140
1192963 62, 5179
1194953 62, 5088
1196809 73, 5018
1201000 64, 5084
1202746 63, 5149
1205176 63, 5031
1207121 73, 5085
1208660 71, 5143
1210712 62, 5129
1212717 73, 5160
1214940 73, 5018
1218765 76, 5042
1220781 63, 5156
1222789 61, 5007
1224876 69, 5043
1228810 68, 5132
1230976 79, 5153
1232665 69, 5187
1234893 62, 5065
1236814 75, 5159
1239064 61, 5007
1242794 75, 5199
1248809 69, 5001
1250856 76, 5150
1253225 69, 5102
1258807 79, 5161
1260895 79, 5176
1264747 60, 5091
1268650 67, 5118
1271005 69, 5085
1273162 76, 5121
1274951 66, 5046
1278818 64, 5092
1281170 60, 5183
1284861 63, 5091
1289055 72, 5002
1291053 71, 5130
1292856 68, 5132
1294827 67, 5111
1296717 72, 5030
1300882 62, 5175
1302684 63, 5190
1306982 74, 5144
1308895 63, 5134
1310888 70, 5120
1316966 76, 5186
1320862 61, 5094
1324842 61, 5092
1327072 79, 5091
1328789 64, 5185
1330871 74, 5108
1334755 79, 5177
1336791 64, 5024
1340768 66, 5113
1344734 72, 5091
1349062 77, 5055
1350801 73, 5132
1352700 61, 5153
1354865 78, 5087
1356880 70, 5047
1359084 70, 5105
1361005 76, 5001
1362892 71, 5178
1364618 61, 5003
1367098 70, 5109
1368842 74, 5147
1371108 61, 5121
1372842 70, 5108
1374819 72, 5122
1376803 62, 5048
1382835 75, 5133
1384918 69, 5130
1392913 65, 5110
1395101 77, 5138
1396730 75, 5057
1399104 74, 5140
1401329 72, 5182
1402687 63, 5100
1406865 79, 5086
1408956 65, 5048
1410941 66, 5144
1412977 70, 5048
1415025 71, 5173
1416992 75, 5052
1418753 72, 5044
1420672 78, 5163
1422981 70, 5005
1424619 63, 5146
1426841 72, 5048
1432951 65, 5098
1436611 68, 5153
1438758 68, 5169
1443370 65, 5148
1444844 75, 5191
1446744 76, 5005
1449091 76, 5171
1454835 75, 5112
1456797 62, 5171
1460790 63, 5082
1462806 74, 5199
1464990 64, 5193
1466954 75, 5112
1468900 70, 5006
1470766 68, 5106
1472765 77, 5039
1474748 77, 5098
1477054 71, 5108
1478752 73, 5134
1480688 64, 5026
1482797 67, 5056
1484896 73, 5103
1487369 74, 5028
1491174 68, 5042
1492914 69, 5152
1500794 79, 5072
1507084 63, 5074
1508822 74, 5030
1510964 71, 5107
1512885 66, 5030
1514757 67, 5099
1516740 60, 5046
1521002 73, 5140
1524934 71, 5101
1527041 73, 5113
1533065 64, 5095
1535149 62, 5092
1536830 72, 5033
1539042 65, 5007
1540932 62, 5070
1542788 66, 5023
1545210 74, 5032
1546728 73, 5036
1548830 64, 5124
1550841 61, 5198
1556721 60, 5042
1558956 71, 5154
1569136 78, 5046
1570551 67, 5161
1573142 72, 5182
1574926 71, 5112
1576891 76, 5169
1578801 68, 5012
1581003 76, 5015
1583022 73, 5128
1584859 73, 5182
1586840 75, 5112
1590869 60, 5014
1592902 62, 5176
1596843 67, 5019
1598916 69, 5049
