82791,5071,74
84865,5002,62
86545,5197,79
88811,5160,74
90816,5107,71
92654,5172,74
94926,5051,61
96635,5030,66
98820,5013,71
100821,5083,76
102986,5180,75
104753,5148,73
107016,5147,78
108625,5162,78
110822,5093,72
112726,5189,69
116749,5169,78
118781,5090,66
121014,5068,79
122725,5100,70
124799,5165,67
126699,5107,66
128796,5113,79
130848,5131,63
133086,5172,79
134806,5051,79
136909,5199,75
138611,5194,70
140687,5182,74
142744,5041,69
144950,5198,69
146761,5105,63
148773,5045,74
150644,5025,69
152754,5131,77
154788,5004,70
156948,5023,75
158695,5008,64
160862,5000,72
162663,5083,62
164634,5166,77
166834,5048,75
168966,5113,67
170727,5037,71
172988,5184,72
174985,5050,61
176915,5164,71
178679,5114,67
180745,5055,64
182750,5069,71
184747,5067,69
186914,5059,70
188936,5129,79
190863,5139,78
193029,5126,70
194763,5007,79
196657,5025,69
198760,5050,78
200961,5095,61
203059,5144,74
205009,5144,65
206606,5102,60
208883,5145,62
210670,5015,70
212642,5034,74
214667,5160,79
216901,5017,61
218864,5146,60
220642,5014,65
222701,5156,65
224705,5128,73
226822,5010,69
228783,5133,66
230863,5178,64
233018,5086,62
235067,5150,63
236975,5055,72
240877,5147,64
242661,5006,68
244663,5088,68
246892,5034,66
248857,5155,69
250669,5110,75
252920,5144,64
254858,5000,79
256657,5121,70
258918,5001,73
260942,5110,78
262856,5002,78
264668,5030,76
268825,5130,76
270836,5025,75
272761,5154,68
275004,5058,60
276812,5099,62
278749,5181,76
280711,5118,67
282724,5018,79
284803,5046,75
286705,5079,71
288928,5092,65
290809,5160,69
292696,5184,62
294670,5012,70
296803,5024,61
298582,5161,66
300800,5167,71
302603,5036,61
304890,5072,77
306851,5135,77
310690,5152,69
312655,5185,71
314697,5134,75
316737,5177,64
318654,5194,73
320763,5132,64
322734,5036,75
324880,5074,70
326848,5126,70
328743,5076,67
330607,5044,65
332871,5003,73
334641,5038,71
336693,5057,77
338757,5030,67
341128,5106,76
342932,5149,68
344839,5096,79
346776,5093,77
348691,5125,69
350687,5074,62
352959,5101,77
354703,5124,68
356784,5052,66
358623,5079,79
360955,5027,70
362610,5175,70
365099,5002,66
366647,5025,64
369037,5188,63
370787,5107,66
372668,5118,62
374622,5196,73
376648,5102,70
378678,5070,69
382765,5083,66
384800,5044,64
386835,5186,70
388680,5176,73
390641,5167,70
392671,5164,73
394876,5085,68
396780,5082,75
398625,5090,60
400859,5052,66
402996,5072,67
404651,5158,64
406870,5071,71
408782,5105,79
410666,5103,64
412616,5071,64
414804,5002,73
416735,5127,79
418965,5079,63
420761,5095,74
422688,5093,71
424629,5180,77
428725,5123,72
430701,5044,71
432866,5049,64
434802,5067,60
436770,5125,71
438725,5108,73
440693,5108,74
442624,5168,64
444838,5059,73
446647,5031,79
448703,5124,67
450625,5042,63
452683,5010,64
454750,5051,62
456741,5186,64
458699,5106,60
460785,5053,77
462792,5175,69
466572,5085,79
468751,5119,65
470801,5163,79
472838,5162,67
474683,5005,60
478832,5025,65
480836,5036,66
482820,5155,75
484853,5133,73
486831,5159,67
488796,5073,72
490867,5016,74
492819,5152,63
494712,5132,65
496733,5160,71
498783,5196,66
502747,5189,64
504761,5076,71
506850,5030,65
508881,5168,62
510726,5199,69
514844,5093,61
516824,5084,68
518737,5177,70
520749,5138,61
522741,5096,69
524838,5149,70
526842,5020,75
528756,5075,62
530598,5106,77
532590,5173,68
534667,5058,68
536612,5176,76
538793,5103,77
540753,5057,62
542940,5148,64
544846,5168,71
546847,5087,68
548580,5086,74
550753,5060,62
552592,5136,64
554658,5198,70
556792,5067,77
558672,5163,60
562628,5088,64
564823,5094,65
566684,5082,64
568712,5183,71
570715,5118,66
572781,5104,72
574894,5136,79
576687,5077,65
578767,5005,71
580715,5151,64
582739,5028,69
584913,5109,72
586677,5106,72
588690,5098,61
590789,5042,63
592786,5085,75
594827,5172,68
596772,5052,68
598602,5044,66
600755,5119,79
602777,5048,66
604771,5167,60
606780,5061,61
608894,5083,67
610911,5147,69
612852,5165,64
614522,5097,74
616699,5089,74
618798,5180,61
620882,5111,74
622704,5193,72
624742,5094,66
626798,5175,79
628786,5151,61
630800,5065,62
632696,5155,60
634885,5086,60
636669,5124,62
638789,5131,71
640772,5137,78
642722,5149,67
644806,5101,66
646757,5095,70
648718,5145,62
650801,5166,74
652689,5113,68
654773,5064,61
656734,5183,67
658979,5157,74
660751,5076,79
662648,5015,69
664614,5190,66
666690,5080,62
668706,5158,73
670867,5116,74
672889,5015,76
674726,5124,67
676719,5193,77
678696,5106,60
680742,5046,77
682820,5123,63
684667,5106,61
686760,5098,77
688603,5032,60
690619,5125,66
692834,5151,66
694695,5198,72
696822,5088,66
698749,5191,69
700862,5023,73
702899,5050,71
704743,5102,60
706746,5047,74
708722,5090,64
710798,5144,75
712887,5023,76
714819,5189,77
716739,5089,77
718752,5121,77
720821,5048,71
722796,5010,77
724837,5076,65
726605,5134,60
728802,5164,72
730832,5036,60
732808,5044,60
734847,5161,72
736878,5034,68
738758,5118,79
740972,5115,69
742738,5073,66
744743,5021,71
746750,5036,75
748683,5104,62
750644,5004,66
752657,5130,60
754699,5104,68
756705,5197,64
758599,5122,63
760858,5070,64
762617,5133,77
764782,5133,62
766774,5033,76
768748,5022,71
771003,5106,77
772748,5141,62
774715,5013,70
776712,5074,61
778615,5023,77
780821,5037,71
782773,5062,65
784690,5115,71
786774,5122,71
788716,5062,63
790594,5041,73
792741,5150,63
794697,5046,75
796822,5022,66
798731,5161,76
800845,5026,67
802587,5188,63
804702,5136,75
806809,5083,67
808634,5086,75
810704,5196,66
812830,5078,76
814727,5136,64
816676,5045,66
818724,5063,65
820896,5183,77
822800,5142,70
824794,5073,65
826703,5158,70
828769,5062,78
830854,5113,72
832794,5031,66
834815,5163,70
836793,5104,64
838803,5193,76
840845,5154,73
842640,5180,69
844651,5124,61
847059,5034,60
848814,5158,70
850760,5060,63
852699,5046,77
854645,5066,75
856851,5199,72
858653,5035,75
862686,5050,65
864891,5099,72
866642,5107,65
868795,5199,76
871037,5178,71
872967,5083,78
874714,5052,61
876590,5056,62
878796,5112,75
880734,5084,76
882758,5170,71
884691,5188,68
886648,5030,72
888719,5198,64
890775,5008,78
892740,5160,63
894645,5083,64
896692,5109,65
898879,5064,69
900792,5077,74
902616,5195,72
904728,5131,74
906831,5154,70
908693,5050,67
910686,5068,60
912829,5034,71
914635,5145,74
916869,5052,67
918622,5103,79
920918,5138,78
922741,5153,69
924843,5047,69
926790,5081,67
928783,5169,64
930760,5186,73
932590,5075,75
934796,5067,76
936851,5197,73
938677,5097,70
940702,5137,68
942967,5043,67
944726,5156,64
946763,5060,77
948801,5016,61
950873,5121,66
952719,5165,62
954615,5023,77
956796,5011,76
958725,5189,65
960796,5024,73
962654,5189,60
964857,5146,73
967000,5099,72
968734,5123,67
970751,5085,62
972937,5124,71
974690,5073,79
976700,5190,61
978777,5165,71
980866,5063,72
982737,5185,74
984821,5127,66
986731,5162,63
988812,5184,79
990727,5023,63
992566,5032,72
994763,5141,75
996735,5007,68
998917,5138,77
1000735,5012,78
1002611,5179,63
1004650,5130,69
1006782,5021,71
1008786,5015,78
1010670,5155,60
1014735,5000,60
1016686,5019,65
1018899,5185,74
1020753,5054,79
1022862,5115,63
1024711,5125,63
1026669,5037,66
1028702,5092,74
1030805,5154,61
1032634,5018,75
1034721,5052,69
1036664,5008,71
1038686,5047,68
1040686,5062,78
1042799,5164,70
1044857,5047,60
1046832,5064,77
1048860,5086,78
1050747,5179,60
1052886,5133,76
1054728,5115,70
1056832,5149,69
1058663,5003,76
1060790,5164,73
1062732,5038,77
1064689,5183,60
1066781,5159,78
1068748,5035,60
1070703,5072,69
1074703,5030,60
1076721,5092,79
1078705,5167,76
1080776,5035,76
1082758,5152,72
1084883,5044,66
1086684,5008,72
1088878,5133,64
1090845,5161,62
1092636,5077,68
1094881,5195,70
1096836,5169,72
1098808,5149,69
1100796,5145,61
1102731,5181,72
1104725,5075,60
1106670,5030,63
1108587,5026,74
1110783,5001,75
1112641,5163,63
1114838,5089,72
1116654,5151,70
1118735,5035,70
1120839,5130,71
1122515,5165,68
1124609,5137,72
1126809,5145,73
1128721,5145,63
1130687,5037,77
1132743,5080,74
1134688,5168,64
1136820,5025,70
1138643,5167,78
1140835,5032,77
1142770,5168,75
1144872,5029,60
1146833,5082,72
1148940,5029,63
1150830,5173,72
1152696,5057,64
1154629,5197,76
1156674,5193,74
1158870,5111,68
1160791,5108,71
1162721,5034,69
1164705,5061,68
1166621,5163,67
1168934,5142,61
1170861,5163,73
1172637,5042,64
1174669,5009,76
1176734,5007,73
1178718,5073,76
1180934,5194,72
1182900,5014,78
1184628,5090,65
1186780,5042,66
1188684,5177,76
1190785,5000,77
1192626,5109,60
1194678,5081,60
1196783,5057,73
1198638,5040,62
