90915,2016
100881,1999
111032,1919
121077,1945
131243,1966
141281,1959
161307,2073
170867,1984
181117,1946
190656,1949
221315,1994
231057,2059
241098,2028
251211,2056
260774,1902
271508,1926
300959,2019
311393,1970
320867,1901
330855,2080
340906,1997
350707,2087
361254,1918
370947,1903
390770,2071
401273,2084
410726,2023
421644,1947
431002,1985
440921,1977
450926,1980
460693,1933
481083,2004
491096,2033
501037,2033
510648,1905
541293,2060
550700,2082
571375,1910
580677,2005
591045,1985
601077,1913
610958,1942
620990,2000
630934,2058
641081,2031
661153,2088
670747,2033
680966,2028
690951,2030
700990,1988
720676,1915
731089,1932
740699,1940
751034,1909
761017,1908
771037,2029
780948,2057
791053,2038
800851,2060
811176,2047
821071,2073
830955,2078
840882,1997
851087,2084
871096,1913
881135,1953
890853,2063
901129,1996
920901,2040
931187,2080
940949,1973
950588,1958
961227,1986
971147,1940
1000968,2073
1021107,1963
1030982,1972
1040906,2023
1050908,1948
1060942,2034
1070908,2006
1080640,1990
1091155,2015
1100635,1953
1110708,2097
1120684,1926
1130852,1909
1141235,2054
1150851,2069
1160707,2095
1181166,2087
90913,2016
100621,1999
110593,1919
121008,1945
130946,1966
140720,1959
150743,2056
160921,2073
170575,1984
180990,1946
190598,1949
200685,1957
210874,1900
220879,1994
230765,2059
240733,2028
260769,1902
270882,1926
280828,1932
300682,2019
311040,1970
320598,1901
330646,2080
340711,1997
350716,2087
360921,1918
371005,1903
380959,2096
390626,2071
400706,2084
420877,1947
430737,1985
450916,1980
460803,1933
470753,1976
480942,2004
490907,2033
500677,2033
510844,1905
520809,1991
540928,2060
550919,2082
560641,1998
570728,1910
580781,2005
590758,1985
600701,1913
620751,2000
630721,2058
640795,2031
650760,2025
660735,2088
670653,2033
680664,2028
690805,2030
700917,1988
720789,1915
730729,1932
750716,1909
760855,1908
770801,2029
780772,2057
790656,2038
800849,2060
810956,2047
820886,2073
840868,1997
850924,2084
860736,1959
870632,1913
881023,1953
890807,2063
900877,1996
910866,2003
920665,2040
930900,2080
941071,1973
950671,1958
960728,1986
970782,1940
980735,2061
990887,1995
1000828,2073
1030878,1972
1050676,1948
1060892,2034
1070715,2006
1080759,1990
1091048,2015
1100803,1953
1110689,2097
1120865,1926
1130712,1909
1140941,2054
1150655,2069
1160714,2095
1170718,1977
1180705,2087
1190670,1900
91251,2016
100747,1999
110859,1919
120746,1945
140684,1959
151165,2056
170940,1984
181123,1946
191166,1949
210864,1900
221116,1994
230983,2059
240877,2028
250790,2056
260981,1902
270803,1926
280620,1932
290830,2063
301015,2019
310781,1970
320725,1901
330972,2080
340968,1997
361071,1918
370874,1903
380818,2096
390905,2071
400847,2084
410711,2023
420922,1947
430785,1985
440592,1977
451012,1980
460980,1933
471039,1976
480876,2004
491001,2033
500580,2033
510779,1905
520777,1991
530711,2011
540816,2060
550748,2082
560901,1998
570846,1910
580668,2005
590684,1985
601106,1913
610927,1942
630780,2058
640760,2031
650819,2025
660724,2088
690802,2030
700944,1988
710696,1902
720878,1915
730852,1932
740656,1940
750928,1909
760830,1908
770771,2029
780933,2057
790921,2038
800625,2060
820906,2073
830737,2078
840653,1997
851056,2084
861121,1959
870919,1913
880904,1953
890806,2063
900756,1996
910828,2003
920807,2040
930850,2080
941058,1973
950903,1958
960909,1986
970934,1940
981075,2061
990846,1995
1000847,2073
1010678,1979
1020651,1963
1030995,1972
1040881,2023
1051014,1948
1060686,2034
1070660,2006
1080743,1990
1091013,2015
1100685,1953
1110948,2097
1121071,1926
1140986,2054
1150933,2069
1161095,2095
1170982,1977
1180972,2087
90913,2016
100621,1999
110593,1919
121008,1945
130946,1966
140720,1959
150743,2056
160921,2073
170575,1984
180990,1946
190598,1949
200685,1957
210874,1900
220879,1994
230765,2059
240733,2028
260769,1902
270882,1926
280828,1932
300682,2019
311040,1970
320598,1901
330646,2080
340711,1997
350716,2087
360921,1918
371005,1903
380959,2096
390626,2071
400706,2084
420877,1947
430737,1985
450916,1980
460803,1933
470753,1976
480942,2004
490907,2033
500677,2033
510844,1905
520809,1991
540928,2060
550919,2082
560641,1998
570728,1910
580781,2005
590758,1985
600701,1913
620751,2000
630721,2058
640795,2031
650760,2025
660735,2088
670653,2033
680664,2028
690805,2030
700917,1988
720789,1915
730729,1932
750716,1909
760855,1908
770801,2029
780772,2057
790656,2038
800849,2060
810956,2047
820886,2073
840868,1997
850924,2084
860736,1959
870632,1913
881023,1953
890807,2063
900877,1996
910866,2003
920665,2040
930900,2080
941071,1973
950671,1958
960728,1986
970782,1940
980735,2061
990887,1995
1000828,2073
1030878,1972
1050676,1948
1060892,2034
1070715,2006
1080759,1990
1091048,2015
1100803,1953
1110689,2097
1120865,1926
1130712,1909
1140941,2054
1150655,2069
1160714,2095
1170718,1977
1180705,2087
1190670,1900
91058,2016
100930,1999
110947,1919
120975,1945
131394,1966
140786,1959
150886,2056
160897,2073
171114,1984
181560,1946
191424,1949
201131,1957
211433,1900
221379,1994
230883,2059
241093,2028
251172,2056
261173,1902
271125,1926
280916,1932
291174,2063
300847,2019
310985,1970
320907,1901
331083,2080
341096,1997
350767,2087
360667,1918
370911,1903
391090,2071
400752,2084
411231,2023
421278,1947
431015,1985
441086,1977
451197,1980
461186,1933
470976,1976
480936,2004
490867,2033
501062,2033
511168,1905
520928,1991
530605,2011
540948,2060
550734,2082
560711,1998
571305,1910
581107,2005
601150,1913
610801,1942
620643,2000
631192,2058
641177,2031
661243,2088
671128,2033
690702,2030
700894,1988
711055,1902
720725,1915
731165,1932
741083,1940
750854,1909
760895,1908
770848,2029
781034,2057
791109,2038
800772,2060
810758,2047
821004,2073
830743,2078
841188,1997
850690,2084
860840,1959
880871,1953
891035,2063
901282,1996
910727,2003
920955,2040
931038,2080
941157,1973
951184,1958
960936,1986
980790,2061
991267,1995
1000940,2073
1010760,1979
1020705,1963
1030668,1972
1040918,2023
1051047,1948
1061088,2034
1071185,2006
1080811,1990
1090952,2015
1110614,2097
1120818,1926
1130877,1909
1141050,2054
1150752,2069
1160851,2095
1170733,1977
1181054,2087
1191046,1900
90971,2016
100634,1999
110791,1919
120702,1945
130909,1966
140886,1959
150683,2056
160715,2073
170997,1984
180856,1946
190674,1949
200781,1957
210826,1900
220715,1994
230914,2059
240846,2028
250898,2056
90913,2016
90698,2016
100973,1999
110783,1919
120892,1945
130954,1966
151167,2056
160959,2073
170699,1984
181012,1946
190754,1949
210899,1900
220687,1994
240852,2028
260804,1902
270810,1926
280922,1932
290707,2063
300749,2019
310858,1970
320613,1901
330732,2080
340640,1997
360770,1918
370868,1903
390802,2071
400620,2084
420748,1947
430895,1985
440803,1977
450991,1980
460834,1933
470725,1976
480801,2004
490850,2033
510843,1905
520904,1991
540770,2060
570781,1910
580627,2005
590642,1985
600950,1913
610664,1942
630822,2058
640710,2031
660751,2088
670799,2033
690721,2030
700859,1988
710802,1902
720708,1915
730911,1932
740917,1940
760854,1908
780777,2057
790729,2038
800905,2060
810802,2047
820641,2073
830762,2078
840806,1997
850979,2084
880783,1953
890704,2063
900969,1996
910688,2003
920855,2040
930720,2080
940803,1973
950879,1958
960765,1986
970931,1940
980711,2061
990820,1995
1000855,2073
1010732,1979
1020703,1963
1030942,1972
1040689,2023
1050689,1948
1060932,2034
1070771,2006
1090615,2015
1100780,1953
1110827,2097
1120592,1926
1140793,2054
1150995,2069
1160846,2095
1170827,1977
1180792,2087
1190712,1900
91001,2016
100999,1999
110836,1919
121105,1945
130757,1966
140745,1959
150785,2056
160945,2073
170892,1984
180713,1946
191151,1949
200847,1957
211018,1900
220969,1994
240888,2028
251077,2056
260751,1902
270721,1926
281068,1932
310916,1970
330987,2080
340716,1997
360689,1918
371025,1903
380928,2096
390908,2071
401113,2084
410989,2023
420702,1947
430714,1985
440622,1977
451131,1980
460859,1933
471153,1976
480938,2004
490825,2033
521021,1991
530902,2011
540863,2060
551021,2082
560751,1998
571000,1910
580905,2005
590939,1985
600860,1913
610777,1942
630795,2058
641030,2031
651089,2025
660903,2088
671019,2033
680881,2028
691345,2030
701050,1988
711046,1902
720895,1915
730704,1932
740610,1940
751216,1909
760964,1908
780826,2057
790730,2038
810672,2047
820770,2073
840713,1997
850920,2084
860951,1959
870897,1913
880825,1953
890812,2063
900781,1996
911158,2003
920778,2040
930734,2080
940927,1973
950833,1958
961160,1986
970782,1940
980835,2061
990726,1995
1010952,1979
1020708,1963
1030957,1972
1040624,2023
1051002,1948
1061047,2034
1070951,2006
1080870,1990
1090763,2015
1110938,2097
1120796,1926
1130935,1909
1140932,2054
1151154,2069
1160986,2095
1170876,1977
1180967,2087
1190585,1900
91251,2016
100747,1999
110859,1919
120746,1945
140684,1959
151165,2056
170940,1984
181123,1946
191166,1949
210864,1900
221116,1994
230983,2059
240877,2028
250790,2056
260981,1902
270803,1926
280620,1932
290830,2063
301015,2019
310781,1970
320725,1901
330972,2080
340968,1997
361071,1918
370874,1903
380818,2096
390905,2071
400847,2084
410711,2023
420922,1947
430785,1985
440592,1977
451012,1980
460980,1933
471039,1976
480876,2004
491001,2033
500580,2033
510779,1905
520777,1991
530711,2011
540816,2060
550748,2082
560901,1998
570846,1910
580668,2005
590684,1985
601106,1913
610927,1942
630780,2058
640760,2031
650819,2025
660724,2088
690802,2030
700944,1988
710696,1902
720878,1915
730852,1932
740656,1940
750928,1909
760830,1908
770771,2029
780933,2057
790921,2038
800625,2060
820906,2073
830737,2078
840653,1997
851056,2084
861121,1959
870919,1913
880904,1953
890806,2063
900756,1996
910828,2003
920807,2040
930850,2080
941058,1973
950903,1958
960909,1986
970934,1940
981075,2061
990846,1995
1000847,2073
1010678,1979
1020651,1963
1030995,1972
1040881,2023
1051014,1948
1060686,2034
1070660,2006
1080743,1990
1091013,2015
1100685,1953
1110948,2097
1121071,1926
1140986,2054
1150933,2069
1161095,2095
1170982,1977
1180972,2087
91036,2016
100901,1999
120796,1945
131061,1966
150847,2056
160676,2073
170799,1984
180736,1946
190842,1949
200756,1957
210784,1900
220933,1994
230749,2059
250774,2056
260664,1902
270686,1926
281012,1932
290676,2063
300846,2019
311037,1970
320916,1901
331109,2080
340952,1997
350993,2087
361115,1918
370611,1903
380961,2096
390701,2071
400833,2084
410893,2023
421018,1947
430796,1985
440806,1977
450750,1980
460976,1933
470790,1976
481081,2004
491166,2033
500813,2033
510921,1905
520874,1991
530987,2011
540818,2060
550766,2082
570890,1910
580955,2005
591068,1985
600641,1913
610941,1942
620829,2000
630587,2058
640891,2031
651034,2025
660775,2088
670902,2033
691029,2030
700708,1988
721340,1915
740768,1940
750838,1909
760768,1908
770711,2029
790911,2038
800733,2060
810875,2047
820835,2073
840832,1997
851386,2084
860868,1959
871028,1913
880704,1953
901007,1996
911015,2003
921047,2040
931155,2080
940910,1973
950775,1958
960780,1986
970732,1940
980824,2061
991010,1995
1000975,2073
1010631,1979
1020833,1963
1030759,1972
1040856,2023
1050846,1948
1060890,2034
1070584,2006
1080713,1990
1090960,2015
1110797,2097
1120730,1926
1130607,1909
1140607,2054
1150929,2069
1160834,2095
1171013,1977
1180909,2087
1190723,1900
91058,2016
100930,1999
110947,1919
120975,1945
131394,1966
140786,1959
150886,2056
160897,2073
171114,1984
181560,1946
191424,1949
201131,1957
211433,1900
221379,1994
230883,2059
241093,2028
251172,2056
261173,1902
271125,1926
280916,1932
291174,2063
300847,2019
310985,1970
320907,1901
331083,2080
341096,1997
350767,2087
360667,1918
370911,1903
391090,2071
400752,2084
411231,2023
421278,1947
431015,1985
441086,1977
451197,1980
461186,1933
470976,1976
480936,2004
490867,2033
501062,2033
511168,1905
520928,1991
530605,2011
540948,2060
550734,2082
560711,1998
571305,1910
581107,2005
601150,1913
610801,1942
620643,2000
631192,2058
641177,2031
661243,2088
671128,2033
690702,2030
700894,1988
711055,1902
720725,1915
731165,1932
741083,1940
750854,1909
760895,1908
770848,2029
781034,2057
791109,2038
800772,2060
810758,2047
821004,2073
830743,2078
841188,1997
850690,2084
860840,1959
880871,1953
891035,2063
901282,1996
910727,2003
920955,2040
931038,2080
941157,1973
951184,1958
960936,1986
980790,2061
991267,1995
1000940,2073
1010760,1979
1020705,1963
1030668,1972
1040918,2023
1051047,1948
1061088,2034
1071185,2006
1080811,1990
1090952,2015
1110614,2097
1120818,1926
1130877,1909
1141050,2054
1150752,2069
1160851,2095
1170733,1977
1181054,2087
1191046,1900
90763,2016
100651,1999
120800,1945
131032,1966
140663,1959
150862,2056
170619,1984
180886,1946
190854,1949
200875,1957
211031,1900
220921,1994
230805,2059
240804,2028
250639,2056
271042,1926
281013,1932
300612,2019
310911,1970
330817,2080
340764,1997
350918,2087
360744,1918
370946,1903
380787,2096
390844,2071
400665,2084
410832,2023
420664,1947
430904,1985
440799,1977
450684,1980
460864,1933
480755,2004
500943,2033
510751,1905
520978,1991
530689,2011
540911,2060
551124,2082
560760,1998
570685,1910
581011,2005
590902,1985
600667,1913
610849,1942
620634,2000
630976,2058
640680,2031
650696,2025
661045,2088
670670,2033
680863,2028
690693,2030
700752,1988
720888,1915
740971,1940
750749,1909
760719,1908
770719,2029
780782,2057
800822,2060
810870,2047
821018,2073
830855,2078
850891,2084
860734,1959
870907,1913
881107,1953
890868,2063
901357,1996
910874,2003
921008,2040
930700,2080
940738,1973
960855,1986
970961,1940
980760,2061
990805,1995
1010965,1979
1020829,1963
1030913,1972
1050819,1948
1060731,2034
1080956,1990
1090881,2015
1100689,1953
1110881,2097
1140922,2054
1151023,2069
1160918,2095
1170959,1977
1180661,2087
1190800,1900
90998,2016
100918,1999
111020,1919
120953,1945
130860,1966
140685,1959
150736,2056
161212,2073
170866,1984
180774,1946
190970,1949
200968,1957
211075,1900
250852,2056
260836,1902
280780,1932
300707,2019
311225,1970
321087,1901
330701,2080
340725,1997
360736,1918
371195,1903
391148,2071
400828,2084
411193,2023
431132,1985
440918,1977
450644,1980
460857,1933
470795,1976
480987,2004
490957,2033
500836,2033
510979,1905
520766,1991
530982,2011
541096,2060
550872,2082
560737,1998
570673,1910
590626,1985
600884,1913
610724,1942
620692,2000
631145,2058
640903,2031
660864,2088
670775,2033
680715,2028
700675,1988
710983,1902
721079,1915
730934,1932
740843,1940
750985,1909
761230,1908
780704,2057
791103,2038
800566,2060
810963,2047
820947,2073
830775,2078
840889,1997
851010,2084
871000,1913
880812,1953
891019,2063
900801,1996
910798,2003
920890,2040
931056,2080
940966,1973
951003,1958
960874,1986
971059,1940
980613,2061
1000769,2073
1010718,1979
1020949,1963
1030779,1972
1040646,2023
1061150,2034
1070788,2006
1080960,1990
1110917,2097
1121058,1926
1130757,1909
1141078,2054
1150908,2069
1160905,2095
1181032,2087
1190613,1900
90835,2016
120635,1945
130714,1966
140831,1959
160959,2073
170730,1984
180978,1946
190657,1949
200748,1957
210722,1900
220754,1994
230810,2059
250691,2056
260785,1902
270847,1926
280935,1932
290926,2063
300589,2019
310844,1970
320690,1901
330781,2080
350802,2087
360816,1918
370734,1903
380836,2096
390803,2071
400623,2084
410682,2023
420562,1947
430815,1985
450660,1980
460860,1933
470574,1976
480655,2004
490809,2033
500822,2033
510809,1905
520830,1991
530841,2011
540872,2060
550820,2082
560865,1998
570758,1910
580647,2005
590803,1985
600858,1913
610531,1942
620905,2000
630842,2058
640708,2031
650794,2025
660771,2088
670743,2033
690772,2030
701046,1988
710719,1902
720893,1915
730729,1932
740775,1940
760654,1908
770775,2029
780890,2057
790792,2038
800949,2060
810810,2047
830795,2078
840774,1997
850642,2084
860695,1959
870747,1913
880760,1953
890958,2063
900821,1996
910700,2003
920810,2040
930876,2080
940758,1973
950956,1958
960784,1986
970711,1940
980817,2061
990935,1995
1000609,2073
1010935,1979
1020713,1963
1030721,1972
1040780,2023
1050731,1948
1060937,2034
1070679,2006
1080761,1990
1090665,2015
1100866,1953
1110797,2097
1120765,1926
1130695,1909
1140757,2054
1150805,2069
1160861,2095
1170899,1977
1180918,2087
90552,2016
100567,1999
110587,1919
120584,1945
130551,1966
140685,1959
150577,2056
160624,2073
170687,1984
180659,1946
190571,1949
200631,1957
210587,1900
220594,1994
230704,2059
240579,2028
250591,2056
260580,1902
270561,1926
280613,1932
290621,2063
300566,2019
310588,1970
320549,1901
330542,2080
340546,1997
350706,2087
360650,1918
370551,1903
380727,2096
390611,2071
400533,2084
410590,2023
420614,1947
430594,1985
440619,1977
450642,1980
460636,1933
470546,1976
480643,2004
490575,2033
500584,2033
510611,1905
520607,1991
530622,2011
540558,2060
550585,2082
560593,1998
570610,1910
580547,2005
590634,1985
600592,1913
610620,1942
620658,2000
630546,2058
640611,2031
650647,2025
660575,2088
670548,2033
680605,2028
690542,2030
700546,1988
710687,1902
720610,1915
730587,1932
740597,1940
750568,1909
760600,1908
770629,2029
780574,2057
790576,2038
800569,2060
810591,2047
820568,2073
830621,2078
840607,1997
850600,2084
860660,1959
870584,1913
880543,1953
890597,2063
900591,1996
910641,2003
920542,2040
930539,2080
940565,1973
950704,1958
960548,1986
970558,1940
980540,2061
990611,1995
1000621,2073
1010666,1979
1020571,1963
1030628,1972
1040649,2023
1050612,1948
1060597,2034
1070654,2006
1080639,1990
1090607,2015
1100678,1953
1110695,2097
1130569,1909
1140583,2054
1150564,2069
1160565,2095
1170620,1977
1180535,2087
1190547,1900
90552,2016
100567,1999
110587,1919
120584,1945
130551,1966
140685,1959
150577,2056
160624,2073
170687,1984
180659,1946
190571,1949
200631,1957
210587,1900
220594,1994
230704,2059
240579,2028
250591,2056
260580,1902
270561,1926
280613,1932
290621,2063
300566,2019
310588,1970
320549,1901
330542,2080
340546,1997
350706,2087
360650,1918
370551,1903
380727,2096
390611,2071
400533,2084
410590,2023
420614,1947
430594,1985
440619,1977
450642,1980
460636,1933
470546,1976
480643,2004
490575,2033
500584,2033
510611,1905
520607,1991
530622,2011
540558,2060
550585,2082
560593,1998
570610,1910
580547,2005
590634,1985
600592,1913
610620,1942
620658,2000
630546,2058
640611,2031
650647,2025
660575,2088
670548,2033
680605,2028
690542,2030
700546,1988
710687,1902
720610,1915
730587,1932
740597,1940
750568,1909
760600,1908
770629,2029
780574,2057
790576,2038
800569,2060
810591,2047
820568,2073
830621,2078
840607,1997
850600,2084
860660,1959
870584,1913
880543,1953
890597,2063
900591,1996
910641,2003
920542,2040
930539,2080
940565,1973
950704,1958
960548,1986
970558,1940
980540,2061
990611,1995
1000621,2073
1010666,1979
1020571,1963
1030628,1972
1040649,2023
1050612,1948
1060597,2034
1070654,2006
1080639,1990
1090607,2015
1100678,1953
1110695,2097
1130569,1909
1140583,2054
1150564,2069
1160565,2095
1170620,1977
1180535,2087
1190547,1900
90998,2016
100918,1999
111020,1919
120953,1945
130860,1966
140685,1959
150736,2056
161212,2073
170866,1984
180774,1946
190970,1949
200968,1957
211075,1900
250852,2056
260836,1902
280780,1932
300707,2019
311225,1970
321087,1901
330701,2080
340725,1997
360736,1918
371195,1903
391148,2071
400828,2084
411193,2023
431132,1985
440918,1977
450644,1980
460857,1933
470795,1976
480987,2004
490957,2033
500836,2033
510979,1905
520766,1991
530982,2011
541096,2060
550872,2082
560737,1998
570673,1910
590626,1985
600884,1913
610724,1942
620692,2000
631145,2058
640903,2031
660864,2088
670775,2033
680715,2028
700675,1988
710983,1902
721079,1915
730934,1932
740843,1940
750985,1909
761230,1908
780704,2057
791103,2038
800566,2060
810963,2047
820947,2073
830775,2078
840889,1997
851010,2084
871000,1913
880812,1953
891019,2063
900801,1996
910798,2003
920890,2040
931056,2080
940966,1973
951003,1958
960874,1986
971059,1940
980613,2061
1000769,2073
1010718,1979
1020949,1963
1030779,1972
1040646,2023
1061150,2034
1070788,2006
1080960,1990
1110917,2097
1121058,1926
1130757,1909
1141078,2054
1150908,2069
1160905,2095
1181032,2087
1190613,1900
90763,2016
100651,1999
120800,1945
131032,1966
140663,1959
150862,2056
170619,1984
180886,1946
190854,1949
200875,1957
211031,1900
220921,1994
230805,2059
240804,2028
250639,2056
271042,1926
281013,1932
300612,2019
310911,1970
330817,2080
340764,1997
350918,2087
360744,1918
370946,1903
380787,2096
390844,2071
400665,2084
410832,2023
420664,1947
430904,1985
440799,1977
450684,1980
460864,1933
480755,2004
500943,2033
510751,1905
520978,1991
530689,2011
540911,2060
551124,2082
560760,1998
570685,1910
581011,2005
590902,1985
600667,1913
610849,1942
620634,2000
630976,2058
640680,2031
650696,2025
661045,2088
670670,2033
680863,2028
690693,2030
700752,1988
720888,1915
740971,1940
750749,1909
760719,1908
770719,2029
780782,2057
800822,2060
810870,2047
821018,2073
830855,2078
850891,2084
860734,1959
870907,1913
881107,1953
890868,2063
901357,1996
910874,2003
921008,2040
930700,2080
940738,1973
960855,1986
970961,1940
980760,2061
990805,1995
1010965,1979
1020829,1963
1030913,1972
1050819,1948
1060731,2034
1080956,1990
1090881,2015
1100689,1953
1110881,2097
1140922,2054
1151023,2069
1160918,2095
1170959,1977
1180661,2087
1190800,1900
140723,2016
200946,1999
260768,1919
440993,1959
560682,2073
740828,1949
800939,1957
860767,1900
920850,1994
981001,2059
1040724,2028
1161121,1902
90998,2016
100918,1999
111020,1919
120953,1945
130860,1966
140685,1959
150736,2056
161212,2073
170866,1984
180774,1946
190970,1949
200968,1957
211075,1900
250852,2056
260836,1902
280780,1932
300707,2019
311225,1970
321087,1901
330701,2080
340725,1997
360736,1918
371195,1903
391148,2071
400828,2084
411193,2023
431132,1985
440918,1977
450644,1980
460857,1933
470795,1976
480987,2004
490957,2033
500836,2033
510979,1905
520766,1991
530982,2011
541096,2060
550872,2082
560737,1998
570673,1910
590626,1985
600884,1913
610724,1942
620692,2000
631145,2058
640903,2031
660864,2088
670775,2033
680715,2028
700675,1988
710983,1902
721079,1915
730934,1932
740843,1940
750985,1909
761230,1908
780704,2057
791103,2038
800566,2060
810963,2047
820947,2073
830775,2078
840889,1997
851010,2084
871000,1913
880812,1953
891019,2063
900801,1996
910798,2003
920890,2040
931056,2080
940966,1973
951003,1958
960874,1986
971059,1940
980613,2061
1000769,2073
1010718,1979
1020949,1963
1030779,1972
1040646,2023
1061150,2034
1070788,2006
1080960,1990
1110917,2097
1121058,1926
1130757,1909
1141078,2054
1150908,2069
1160905,2095
1181032,2087
1190613,1900
91202,2016
100640,1999
111119,1919
90998,2016
100918,1999
111020,1919
120953,1945
130860,1966
140685,1959
150736,2056
161212,2073
170866,1984
180774,1946
190970,1949
200968,1957
211075,1900
250852,2056
260836,1902
280780,1932
300707,2019
311225,1970
321087,1901
330701,2080
340725,1997
360736,1918
371195,1903
391148,2071
400828,2084
411193,2023
431132,1985
440918,1977
450644,1980
460857,1933
470795,1976
480987,2004
490957,2033
500836,2033
510979,1905
520766,1991
530982,2011
541096,2060
550872,2082
560737,1998
570673,1910
590626,1985
600884,1913
610724,1942
620692,2000
631145,2058
640903,2031
660864,2088
670775,2033
680715,2028
700675,1988
710983,1902
721079,1915
730934,1932
740843,1940
750985,1909
761230,1908
780704,2057
791103,2038
800566,2060
810963,2047
820947,2073
830775,2078
840889,1997
851010,2084
871000,1913
880812,1953
891019,2063
900801,1996
910798,2003
920890,2040
931056,2080
940966,1973
951003,1958
960874,1986
971059,1940
980613,2061
1000769,2073
1010718,1979
1020949,1963
1030779,1972
1040646,2023
1061150,2034
1070788,2006
1080960,1990
1110917,2097
1121058,1926
1130757,1909
1141078,2054
1150908,2069
1160905,2095
1181032,2087
1190613,1900
90998,2016
100918,1999
111020,1919
120953,1945
130860,1966
140685,1959
150736,2056
161212,2073
170866,1984
180774,1946
190970,1949
200968,1957
211075,1900
250852,2056
260836,1902
280780,1932
300707,2019
311225,1970
321087,1901
330701,2080
340725,1997
360736,1918
371195,1903
391148,2071
400828,2084
411193,2023
431132,1985
440918,1977
450644,1980
460857,1933
470795,1976
480987,2004
490957,2033
500836,2033
510979,1905
520766,1991
530982,2011
541096,2060
550872,2082
560737,1998
570673,1910
590626,1985
600884,1913
610724,1942
620692,2000
631145,2058
640903,2031
660864,2088
670775,2033
680715,2028
700675,1988
710983,1902
721079,1915
730934,1932
740843,1940
750985,1909
761230,1908
780704,2057
791103,2038
800566,2060
810963,2047
820947,2073
830775,2078
840889,1997
851010,2084
871000,1913
880812,1953
891019,2063
900801,1996
910798,2003
920890,2040
931056,2080
940966,1973
951003,1958
960874,1986
971059,1940
980613,2061
1000769,2073
1010718,1979
1020949,1963
1030779,1972
1040646,2023
1061150,2034
1070788,2006
1080960,1990
1110917,2097
1121058,1926
1130757,1909
1141078,2054
1150908,2069
1160905,2095
1181032,2087
1190613,1900
90998,2016
100918,1999
111020,1919
90998,2016
100918,1999
111020,1919
120953,1945
130860,1966
140685,1959
150736,2056
161212,2073
170866,1984
180774,1946
190970,1949
200968,1957
211075,1900
250852,2056
260836,1902
280780,1932
300707,2019
311225,1970
321087,1901
330701,2080
340725,1997
360736,1918
371195,1903
391148,2071
400828,2084
411193,2023
431132,1985
440918,1977
450644,1980
460857,1933
470795,1976
480987,2004
490957,2033
500836,2033
510979,1905
520766,1991
530982,2011
541096,2060
550872,2082
560737,1998
570673,1910
590626,1985
600884,1913
610724,1942
620692,2000
631145,2058
640903,2031
660864,2088
670775,2033
680715,2028
700675,1988
710983,1902
721079,1915
730934,1932
740843,1940
750985,1909
761230,1908
780704,2057
791103,2038
800566,2060
810963,2047
820947,2073
830775,2078
840889,1997
851010,2084
871000,1913
880812,1953
891019,2063
900801,1996
910798,2003
920890,2040
931056,2080
940966,1973
951003,1958
960874,1986
971059,1940
980613,2061
1000769,2073
1010718,1979
1020949,1963
1030779,1972
1040646,2023
1061150,2034
1070788,2006
1080960,1990
1110917,2097
1121058,1926
1130757,1909
1141078,2054
1150908,2069
1160905,2095
1181032,2087
1190613,1900
90654,2016
100635,1999
110974,1919
120978,1945
150937,2056
160723,2073
171108,1984
180943,1946
190991,1949
210985,1900
220973,1994
230924,2059
240957,2028
251188,2056
271046,1926
280832,1932
290880,2063
300810,2019
311074,1970
320843,1901
331019,2080
341045,1997
350852,2087
360814,1918
370922,1903
380606,2096
390803,2071
401101,2084
420960,1947
431104,1985
440916,1977
450891,1980
460950,1933
470825,1976
480779,2004
490676,2033
500945,2033
510965,1905
520776,1991
530780,2011
541035,2060
551109,2082
560923,1998
570952,1910
580775,2005
590971,1985
601079,1913
610787,1942
630877,2058
640691,2031
650864,2025
660990,2088
670947,2033
690831,2030
700919,1988
710988,1902
720962,1915
750808,1909
760876,1908
791148,2038
800787,2060
810926,2047
820914,2073
830769,2078
840839,1997
850720,2084
860696,1959
870794,1913
880945,1953
890827,2063
900725,1996
911040,2003
920982,2040
930779,2080
940734,1973
951084,1958
961174,1986
971098,1940
980893,2061
991012,1995
1001094,2073
1010845,1979
1020631,1963
1030751,1972
1040972,2023
1051090,1948
1060978,2034
1071111,2006
1080765,1990
1091050,2015
1100558,1953
1110927,2097
1120964,1926
1130795,1909
1141015,2054
1150986,2069
1160741,2095
1170838,1977
1181015,2087
90654,2016
100635,1999
110974,1919
120978,1945
150937,2056
160723,2073
171108,1984
180943,1946
190991,1949
210985,1900
220973,1994
230924,2059
240957,2028
251188,2056
271046,1926
280832,1932
290880,2063
300810,2019
311074,1970
320843,1901
331019,2080
341045,1997
350852,2087
360814,1918
370922,1903
380606,2096
390803,2071
401101,2084
420960,1947
431104,1985
440916,1977
450891,1980
460950,1933
470825,1976
480779,2004
490676,2033
500945,2033
510965,1905
520776,1991
530780,2011
541035,2060
551109,2082
560923,1998
570952,1910
580775,2005
590971,1985
601079,1913
610787,1942
630877,2058
640691,2031
650864,2025
660990,2088
670947,2033
690831,2030
700919,1988
710988,1902
720962,1915
750808,1909
760876,1908
791148,2038
800787,2060
810926,2047
820914,2073
830769,2078
840839,1997
850720,2084
860696,1959
870794,1913
880945,1953
890827,2063
900725,1996
911040,2003
920982,2040
930779,2080
940734,1973
951084,1958
961174,1986
971098,1940
980893,2061
991012,1995
1001094,2073
1010845,1979
1020631,1963
1030751,1972
1040972,2023
1051090,1948
1060978,2034
1071111,2006
1080765,1990
1091050,2015
1100558,1953
1110927,2097
1120964,1926
1130795,1909
1141015,2054
1150986,2069
1160741,2095
1170838,1977
1181015,2087
