100510 2047
110629 1985
120613 2037
130629 2058
150526 2005
160600 1984
170517 2005
180597 1931
190549 2066
200533 1968
210546 1926
230616 2061
240664 1959
250510 2060
260584 1903
280648 2083
290703 1911
300507 1974
320562 1927
330552 2051
340632 2012
350600 2016
360504 1917
370510 1920
400581 2043
420664 1951
430510 2027
440543 1908
450504 2049
480510 1963
490504 2001
500651 2000
510510 2043
520504 1902
530623 2070
540587 1904
550523 1982
560536 2022
580504 2010
600526 1964
640552 1913
670578 2036
690603 1922
700565 1984
710581 1978
720658 1938
730610 2073
760504 2073
780542 1960
820510 2012
830504 1934
850639 1986
860504 1963
870571 2019
880632 1977
900706 1941
910523 2028
930539 2044
950664 1960
960616 2055
1000504 1967
1010616 2073
1020510 2013
1030571 1918
1040510 1913
1050635 2081
1070619 2033
1080510 2017
1090555 2010
1120664 1929
1130610 1957
1150545 1904
1160510 2001
1170574 1993
1200510 2004
1250511 1949
1260571 2018
1270648 2038
1290629 2069
1300671 2038
1310510 1982
1320555 2079
1330504 2085
1350693 1928
1360645 2049
1370655 1942
1380504 1999
1390552 2016
1400533 2033
1410597 1926
1420510 2097
1430510 1967
1460511 2035
1470523 1967
1490510 1902
1500504 2092
1530613 1906
1540504 1971
1550504 2037
1560504 2070
1570555 2045
1590603 2058
