85803,3762
91078,3733
96231,3716
100761,3866
106192,3871
116029,3845
120629,3765
125970,3774
130937,3798
135878,3700
140859,3756
146056,3881
150824,3830
156404,3883
160894,3787
166067,3813
176057,3877
181037,3770
186292,3798
191112,3779
195886,3828
200724,3835
205692,3776
210899,3739
215657,3849
220916,3861
226103,3788
230809,3723
235954,3837
240909,3764
245586,3740
250860,3818
255769,3862
260721,3832
265901,3807
271087,3897
275897,3865
280926,3806
285916,3863
290864,3857
295899,3790
301228,3863
305948,3714
311028,3784
315874,3781
320917,3876
325698,3803
330848,3708
336092,3785
340825,3762
345766,3755
350930,3853
355915,3757
360733,3714
365896,3820
370894,3733
375797,3819
381068,3727
385874,3843
390746,3792
395799,3765
400763,3762
406078,3756
410760,3723
415625,3841
420722,3863
425909,3704
431020,3845
435826,3722
445816,3831
450851,3786
455855,3748
460970,3766
465908,3707
470903,3771
475843,3768
480827,3783
486060,3883
491248,3826
495771,3895
500739,3792
506076,3821
510761,3723
515794,3734
520718,3826
525646,3795
530679,3856
536048,3743
540872,3803
545975,3725
555757,3713
560677,3749
565868,3711
570700,3800
575717,3710
581031,3743
585720,3732
595861,3762
600784,3701
605925,3702
610841,3795
615710,3829
621045,3738
625817,3870
631056,3787
635693,3702
640965,3827
645842,3798
650705,3790
655978,3774
660702,3820
665855,3749
670698,3720
675599,3860
680998,3750
685877,3784
690941,3882
695938,3771
700717,3709
705631,3850
710704,3725
715677,3799
720880,3833
725774,3727
730979,3819
735653,3750
745833,3821
751075,3871
755758,3878
760677,3893
765884,3859
770730,3761
775810,3728
780986,3834
785778,3741
790965,3751
795694,3881
800768,3814
805826,3872
811105,3739
815573,3741
820848,3756
825853,3822
830791,3852
835932,3721
840883,3741
845679,3765
850708,3722
855913,3793
860671,3816
865749,3763
870936,3850
875801,3809
880894,3712
885637,3896
890764,3882
895644,3898
900776,3722
905644,3745
910868,3725
915704,3711
920792,3711
925939,3802
930864,3831
935760,3791
940894,3842
945775,3823
950580,3822
955913,3894
960946,3862
965753,3838
970837,3718
976079,3807
980929,3801
985751,3773
990922,3770
995909,3793
1000990,3743
1005884,3786
1010987,3728
1015791,3720
1020801,3881
1025886,3815
1030992,3894
1035661,3792
1040917,3819
1045547,3703
1050730,3894
1055842,3855
1060768,3834
1065999,3794
1070813,3885
1075996,3746
1080857,3856
1085750,3740
1090854,3722
1095749,3831
1100791,3751
1105851,3732
1110765,3729
1115765,3797
1120731,3848
1125791,3889
1130687,3707
1135785,3702
1140916,3823
1145830,3889
1150966,3785
1155929,3844
1160810,3858
1165769,3839
1170933,3703
1175865,3743
1180869,3829
1186125,3791
1190893,3863
1195894,3706
85803,3762
91078,3733
