100528,1999
120569,1945
130522,1966
140596,1959
150515,2056
160596,2073
170557,1984
180525,1946
190550,1949
200593,1957
210509,1900
220547,1994
230557,2059
240522,2028
250509,2056
260509,1902
270541,1926
280606,1932
300512,2019
310623,1970
330525,2080
340609,1997
360525,1918
370553,1903
380510,2096
390561,2071
400515,2084
410503,2023
420503,1947
430541,1985
450512,1980
460563,1933
470509,1976
480525,2004
490535,2033
500540,2033
510757,1905
520512,1991
530538,2011
540515,2060
550525,2082
560714,1998
570515,1910
580515,2005
590593,1985
600522,1913
610522,1942
620638,2000
630515,2058
640522,2031
650554,2025
670509,2033
680647,2028
690509,2030
700531,1988
710554,1902
720528,1915
730519,1932
740650,1940
750506,1909
760547,1908
780522,2057
800516,2060
810541,2047
820519,2073
830513,2078
840512,1997
850503,2084
860509,1959
870503,1913
880525,1953
890618,2063
900503,1996
910512,2003
920602,2040
930628,2080
940506,1973
950679,1958
960506,1986
970512,1940
980583,2061
990535,1995
1000522,2073
1010857,1979
1020522,1963
1030512,1972
1040586,2023
1050525,1948
1060509,2034
1080654,1990
1090632,2015
1100645,1953
1110512,2097
1120525,1926
1130714,1909
1140509,2054
1150509,2069
1160615,2095
1170515,1977
1180515,2087
