91147 1900
101631 2073
111116 1971
121052 1939
141609 1912
151185 2052
161318 1904
171523 1937
181102 1994
210884 2045
221136 1982
231134 1921
241287 2075
251087 1915
261286 2050
291184 2074
300920 1944
311069 2095
321088 2073
331180 1936
361335 1986
371276 2007
381178 1921
391378 2078
431228 1915
441204 2003
451045 1950
461354 1954
471046 1976
481142 1926
500904 1997
520904 1917
531046 2024
541058 1971
551236 2060
560931 1917
571225 2017
580942 1996
591129 1936
601139 1994
611041 1994
621161 1952
631195 1949
641131 2073
671179 2044
681152 2076
690973 2036
701126 2043
711066 2040
721032 1907
731153 2068
751263 1998
761039 1919
771150 1926
780999 1907
791083 2060
801118 1991
811073 1976
821057 1925
831004 1920
871000 2043
881153 2003
891122 1966
911080 1963
921175 2079
931114 1923
940970 1918
951419 2003
960792 2034
981253 2051
991190 1951
1000929 2076
1011163 1942
1021050 2036
1041218 1906
1061035 2028
1081168 2081
1091033 2099
1101171 1912
1121080 1978
1140992 2030
1151183 1957
1171184 1975
1181051 2030
1191070 2021
1201309 2067
1210965 1940
1221224 1928
1241079 2053
1251118 2001
1271136 1953
1281138 2079
1301119 1998
1321022 1971
1331239 2019
1341235 2003
1351115 2060
1361072 1934
1371128 2007
1381176 1921
1390986 1972
1401349 2063
1411063 2022
1420943 2054
1431144 2056
1441034 1996
1451067 1950
1461007 2041
1510989 1955
1531141 1947
1551105 2032
1560889 2099
1571033 2075
1581129 1929
