91085,3733
96145,3716
105806,3871
115695,3845
121204,3765
125793,3774
131205,3798
136122,3700
140694,3756
150785,3830
155984,3883
160978,3787
165974,3813
170675,3801
175724,3877
180975,3770
186103,3798
190693,3779
196092,3828
201134,3835
205811,3776
210845,3739
215718,3849
220840,3861
226083,3788
235826,3837
240736,3764
246013,3740
250949,3818
255650,3862
261064,3832
265689,3807
270773,3897
275849,3865
281000,3806
285733,3863
290892,3857
295796,3790
301189,3863
305666,3714
310721,3784
315758,3781
320765,3876
325887,3803
330925,3708
335867,3785
340906,3762
345660,3755
350730,3853
355963,3757
360679,3714
365886,3820
370685,3733
375704,3819
380973,3727
385710,3843
390772,3792
395905,3765
400733,3762
405856,3756
411084,3723
415673,3841
420838,3863
425781,3704
430885,3845
436019,3722
441063,3855
445755,3831
450651,3786
455672,3748
460727,3766
465937,3707
470697,3771
475811,3768
480845,3783
485714,3883
490607,3826
495974,3895
500909,3792
511138,3723
515765,3734
520854,3826
525813,3795
535708,3743
540958,3803
545942,3725
550961,3774
555901,3713
561045,3749
566012,3711
570789,3800
575643,3710
580903,3743
585778,3732
590901,3703
595736,3762
600641,3701
605752,3702
610914,3795
615742,3829
621009,3738
625836,3870
631105,3787
635825,3702
640883,3827
645894,3798
650802,3790
655850,3774
660738,3820
665596,3749
670810,3720
675615,3860
680944,3750
685944,3784
690775,3882
700666,3709
705682,3850
710804,3725
715828,3799
720884,3833
725810,3727
730587,3819
735965,3750
745599,3821
751168,3871
755893,3878
760760,3893
770957,3761
775717,3728
780967,3834
785836,3741
791008,3751
795570,3881
800939,3814
805884,3872
810910,3739
816103,3741
820905,3756
830776,3852
835640,3721
841000,3741
845871,3765
850761,3722
855611,3793
860657,3816
865669,3763
870826,3850
875669,3809
880827,3712
885595,3896
890734,3882
895701,3898
900643,3722
905785,3745
910794,3725
915784,3711
926029,3802
931072,3831
935856,3791
941057,3842
945557,3823
955775,3894
961068,3862
965724,3838
970721,3718
975989,3807
980636,3801
985908,3773
990653,3770
995842,3793
1000778,3743
1005602,3786
1010614,3728
1015589,3720
1020615,3881
1025674,3815
1030795,3894
1035905,3792
1040975,3819
1045711,3703
1050847,3894
1055957,3855
1060831,3834
1065874,3794
1070715,3885
1075971,3746
1080642,3856
1085817,3740
1090881,3722
1095932,3831
1100833,3751
1105707,3732
1110808,3729
1115839,3797
1120850,3848
1125579,3889
1130859,3707
1135708,3702
1140909,3823
1145757,3889
1150985,3785
1155688,3844
1160783,3858
1165942,3839
1170847,3703
1175897,3743
1180962,3829
1185747,3791
1191019,3863
1195763,3706
91085,3733
