85534,3762
90725,3733
95594,3716
100603,3866
105608,3871
110516,3727
115559,3845
120588,3765
125589,3774
130578,3798
135502,3700
140529,3756
145537,3881
150512,3830
155619,3883
160519,3787
165502,3813
170531,3801
175627,3877
180578,3770
185528,3798
190519,3779
195611,3828
200529,3835
205578,3776
210553,3739
215594,3849
220519,3861
225518,3788
230519,3723
235692,3837
240531,3764
245558,3740
250638,3818
255573,3862
260574,3832
265569,3807
270519,3897
275592,3865
280575,3806
285608,3863
290538,3857
295582,3790
300590,3863
305670,3714
310522,3784
315614,3781
320516,3876
325604,3803
330811,3708
335589,3785
340519,3762
345641,3755
350535,3853
355505,3757
360545,3714
365573,3820
370528,3733
375627,3819
380532,3727
385560,3843
390578,3792
395566,3765
400503,3762
405574,3756
410606,3723
415629,3841
420610,3863
425576,3704
430584,3845
435576,3722
440628,3855
445595,3831
450600,3786
455638,3748
460582,3766
465605,3707
470741,3771
475618,3768
480534,3783
485602,3883
490557,3826
495602,3895
500554,3792
505585,3821
510531,3723
515640,3734
520570,3826
525556,3795
530548,3856
535631,3743
540571,3803
545595,3725
550525,3774
555570,3713
560506,3749
565569,3711
570589,3800
575576,3710
580580,3743
585553,3732
590625,3703
595627,3762
600561,3701
605595,3702
610528,3795
615609,3829
620535,3738
625589,3870
630553,3787
635560,3702
640590,3827
645584,3798
650545,3790
655627,3774
660594,3820
665598,3749
670563,3720
675598,3860
680519,3750
685598,3784
690522,3882
695544,3771
700534,3709
705583,3850
710559,3725
715591,3799
720509,3833
725569,3727
730654,3819
735657,3750
740599,3764
745585,3821
750528,3871
755547,3878
760525,3893
765618,3859
770651,3761
775637,3728
780581,3834
785602,3741
790516,3751
795586,3881
800534,3814
805627,3872
810561,3739
815602,3741
820599,3756
825505,3822
830562,3852
835624,3721
840560,3741
845512,3765
850538,3722
855585,3793
860590,3816
865534,3763
870639,3850
875518,3809
880554,3712
885605,3896
890695,3882
895508,3898
900696,3722
905595,3745
910592,3725
915515,3711
920561,3711
925595,3802
930563,3831
935557,3791
940512,3842
945544,3823
950660,3822
955584,3894
960506,3862
965589,3838
970528,3718
975605,3807
980506,3801
985525,3773
990599,3770
995566,3793
1000544,3743
1005618,3786
1010561,3728
1015587,3720
1020531,3881
1025508,3815
1030595,3894
1035569,3792
1040564,3819
1045607,3703
1050594,3894
1055586,3855
1060725,3834
1065505,3794
1070522,3885
1075505,3746
1080585,3856
1085625,3740
1090592,3722
1095598,3831
1100562,3751
1105609,3732
1110548,3729
1115575,3797
1120522,3848
1125502,3889
1130506,3707
1135580,3702
1140560,3823
1145589,3889
1150585,3785
1155586,3844
1160602,3858
1165552,3839
1170515,3703
1175621,3743
1180579,3829
1185587,3791
1190509,3863
1195586,3706
