moisture (%)
85000, 3868
90000, 3879
95000, 3723
100000, 3883
105000, 3897
110000, 3744
115000, 3782
120000, 3860
125000, 3848
130000, 3747
135000, 3717
140000, 3751
145000, 3803
150000, 3816
155000, 3865
160000, 3828
165000, 3877
170000, 3700
175000, 3837
180000, 3740
185000, 3822
190000, 3706
195000, 3810
200000, 3773
205000, 3783
210000, 3761
215000, 3885
220000, 3884
225000, 3704
230000, 3833
235000, 3823
240000, 3765
245000, 3785
250000, 3869
255000, 3812
260000, 3787
265000, 3721
270000, 3724
275000, 3818
280000, 3855
285000, 3832
290000, 3891
295000, 3730
300000, 3859
305000, 3894
310000, 3769
315000, 3772
320000, 3700
325000, 3704
330000, 3785
335000, 3832
340000, 3703
345000, 3817
350000, 3828
355000, 3884
360000, 3886
365000, 3850
370000, 3869
375000, 3898
380000, 3877
385000, 3831
390000, 3887
395000, 3734
400000, 3782
405000, 3864
410000, 3835
415000, 3880
420000, 3782
425000, 3751
430000, 3876
435000, 3767
440000, 3899
445000, 3818
450000, 3839
455000, 3732
460000, 3856
465000, 3841
470000, 3732
475000, 3882
480000, 3896
485000, 3750
490000, 3731
495000, 3725
500000, 3723
505000, 3723
510000, 3884
515000, 3847
520000, 3837
525000, 3701
530000, 3700
535000, 3724
540000, 3764
545000, 3803
550000, 3848
555000, 3739
560000, 3853
565000, 3851
570000, 3889
575000, 3889
580000, 3857
585000, 3787
590000, 3726
595000, 3775
600000, 3834
605000, 3704
610000, 3804
615000, 3748
620000, 3889
625000, 3838
630000, 3840
635000, 3869
640000, 3732
645000, 3773
650000, 3830
655000, 3842
660000, 3830
665000, 3829
670000, 3744
675000, 3885
680000, 3703
685000, 3859
690000, 3822
695000, 3774
700000, 3811
705000, 3882
710000, 3749
715000, 3711
720000, 3711
725000, 3748
730000, 3874
735000, 3817
740000, 3738
745000, 3853
750000, 3736
755000, 3702
760000, 3877
765000, 3878
770000, 3708
775000, 3795
780000, 3802
785000, 3772
790000, 3861
795000, 3842
800000, 3727
805000, 3847
810000, 3818
815000, 3755
820000, 3821
825000, 3799
830000, 3751
835000, 3712
840000, 3713
845000, 3704
850000, 3860
855000, 3844
860000, 3796
865000, 3826
870000, 3802
875000, 3790
880000, 3771
885000, 3799
890000, 3804
895000, 3752
900000, 3774
905000, 3710
910000, 3879
915000, 3880
920000, 3708
925000, 3824
930000, 3876
935000, 3866
940000, 3739
945000, 3784
950000, 3736
955000, 3881
960000, 3859
965000, 3704
970000, 3748
975000, 3786
980000, 3844
985000, 3769
990000, 3831
995000, 3820
1000000, 3741
1005000, 3789
1010000, 3797
1015000, 3780
1020000, 3710
1025000, 3743
1030000, 3761
1035000, 3829
1040000, 3780
1045000, 3701
1050000, 3729
1055000, 3880
1060000, 3842
1065000, 3797
1070000, 3896
1075000, 3716
1080000, 3818
1085000, 3712
1090000, 3889
1095000, 3852
1100000, 3747
1105000, 3721
1110000, 3777
1115000, 3753
1120000, 3804
1125000, 3771
1130000, 3812
1135000, 3858
1140000, 3893
1145000, 3838
1150000, 3893
1155000, 3760
1160000, 3700
1165000, 3831
1170000, 3898
1175000, 3798
1180000, 3804
1185000, 3713
1190000, 3876
1195000, 3760
1200000, 3840
1205000, 3809
1210000, 3790
1215000, 3764
1220000, 3844
1225000, 3819
1230000, 3733
1235000, 3838
1240000, 3748
1245000, 3883
1250000, 3895
1255000, 3859
1260000, 3748
1265000, 3767
1270000, 3817
1275000, 3826
1280000, 3724
1285000, 3894
1290000, 3729
1295000, 3819
1300000, 3781
1305000, 3733
1310000, 3711
1315000, 3766
1320000, 3770
1325000, 3801
1330000, 3887
1335000, 3814
1340000, 3724
1345000, 3764
1350000, 3751
1355000, 3833
1360000, 3742
1365000, 3835
1370000, 3827
1375000, 3788
1380000, 3778
1385000, 3862
1390000, 3892
1395000, 3766
1400000, 3848
1405000, 3703
1410000, 3718
1415000, 3798
1420000, 3836
1425000, 3734
1430000, 3739
1435000, 3841
1440000, 3742
1445000, 3789
1450000, 3882
1455000, 3843
1460000, 3786
1465000, 3777
1470000, 3836
1475000, 3848
1480000, 3894
1485000, 3841
1490000, 3870
1495000, 3755
1500000, 3796
1505000, 3730
1510000, 3876
1515000, 3894
1520000, 3730
1525000, 3842
1530000, 3819
1535000, 3818
1540000, 3722
1545000, 3731
1550000, 3733
1555000, 3751
1560000, 3735
1565000, 3732
1570000, 3735
1575000, 3879
1580000, 3899
1585000, 3810
1590000, 3765
1595000, 3867
1600000, 3834
1605000, 3884
1610000, 3728
1615000, 3738
1620000, 3755
1625000, 3821
1630000, 3785
1635000, 3723
1640000, 3715
1645000, 3818
1650000, 3723
1655000, 3716
1660000, 3884
1665000, 3771
1670000, 3888
1675000, 3730
1680000, 3869
1685000, 3778
1690000, 3819
1695000, 3737
1700000, 3829
1705000, 3709
1710000, 3773
1715000, 3825
1720000, 3707
1725000, 3812
1730000, 3747
1735000, 3877
1740000, 3757
1745000, 3759
1750000, 3804
1755000, 3728
1760000, 3706
1765000, 3800
1770000, 3825
1775000, 3870
1780000, 3705
1785000, 3868
1790000, 3845
1795000, 3880
