temperature (C)
90000, 2075
100000, 1915
110000, 1969
120000, 2011
130000, 1903
140000, 1942
150000, 2095
160000, 1904
170000, 1918
180000, 2015
190000, 1995
200000, 2066
210000, 2092
220000, 2066
230000, 1920
240000, 1972
250000, 1951
260000, 1917
270000, 1966
280000, 1936
290000, 1932
300000, 1981
310000, 2073
320000, 2072
330000, 2076
340000, 2071
350000, 1999
360000, 2062
370000, 1907
380000, 2038
390000, 1909
400000, 1916
410000, 1978
420000, 2096
430000, 2034
440000, 2071
450000, 1964
460000, 2075
470000, 2048
480000, 1912
490000, 2063
500000, 2067
510000, 1920
520000, 1967
530000, 1989
540000, 1992
550000, 1932
560000, 2048
570000, 1966
580000, 1937
590000, 2096
600000, 1930
610000, 2022
620000, 2035
630000, 1965
640000, 1923
650000, 2015
660000, 2086
670000, 1980
680000, 2022
690000, 2011
700000, 2021
710000, 1956
720000, 2029
730000, 2093
740000, 1915
750000, 1902
760000, 2096
770000, 2023
780000, 1957
790000, 1909
800000, 2018
810000, 1919
820000, 1995
830000, 2017
840000, 1970
850000, 1906
860000, 2085
870000, 1921
880000, 2044
890000, 1972
900000, 2027
910000, 2060
920000, 2095
930000, 2066
940000, 2020
950000, 1904
960000, 1930
970000, 2089
980000, 2052
990000, 1920
1000000, 1905
1010000, 1901
1020000, 1999
1030000, 1964
1040000, 1936
1050000, 1925
1060000, 1935
1070000, 2054
1080000, 2092
1090000, 2028
1100000, 2053
1110000, 1972
1120000, 2019
1130000, 1970
1140000, 1900
1150000, 1979
1160000, 1976
1170000, 2088
1180000, 1981
1190000, 2020
1200000, 1970
1210000, 1943
1220000, 2062
1230000, 1901
1240000, 1930
1250000, 2009
1260000, 1934
1270000, 1937
1280000, 2014
1290000, 2038
1300000, 2037
1310000, 1951
1320000, 2017
1330000, 1914
1340000, 1965
1350000, 1930
1360000, 2018
1370000, 1997
1380000, 2054
1390000, 2073
1400000, 1984
1410000, 2065
1420000, 2074
1430000, 1978
1440000, 1927
1450000, 1960
1460000, 1981
1470000, 1904
1480000, 1993
1490000, 2048
1500000, 1902
1510000, 2069
1520000, 1968
1530000, 1955
1540000, 1971
1550000, 2007
1560000, 2074
1570000, 1993
1580000, 2037
1590000, 1926
1600000, 1991
1610000, 2060
1620000, 2094
1630000, 1979
1640000, 2084
1650000, 1937
1660000, 1952
1670000, 2027
1680000, 2078
1690000, 2068
1700000, 2061
1710000, 1932
1720000, 2088
1730000, 1961
1740000, 2083
1750000, 1942
1760000, 2050
1770000, 1923
1780000, 2068
1790000, 2033
