PH, moisture
82000, 61, 5124
84000, 79, 5118
86000, 72, 5099
88000, 63, 5039
90000, 74, 5035
92000, 65, 5032
94000, 72, 5054
96000, 74, 5197
98000, 78, 5021
100000, 64, 5048
102000, 69, 5006
104000, 62, 5007
106000, 68, 5066
108000, 60, 5043
110000, 65, 5032
112000, 78, 5141
114000, 79, 5106
116000, 74, 5117
118000, 76, 5055
120000, 61, 5119
122000, 75, 5040
124000, 61, 5028
126000, 70, 5107
128000, 76, 5150
130000, 76, 5030
132000, 75, 5009
134000, 78, 5056
136000, 70, 5102
138000, 79, 5162
140000, 76, 5119
142000, 62, 5149
144000, 72, 5036
146000, 70, 5012
148000, 70, 5009
150000, 65, 5030
152000, 60, 5184
154000, 66, 5173
156000, 78, 5110
158000, 67, 5105
160000, 72, 5101
162000, 60, 5036
164000, 69, 5167
166000, 72, 5035
168000, 72, 5133
170000, 65, 5100
172000, 75, 5024
174000, 66, 5112
176000, 70, 5061
178000, 74, 5156
180000, 70, 5009
182000, 69, 5185
184000, 70, 5136
186000, 73, 5107
188000, 63, 5022
190000, 75, 5127
192000, 66, 5115
194000, 78, 5150
196000, 77, 5189
198000, 77, 5083
200000, 77, 5141
202000, 64, 5150
204000, 76, 5178
206000, 77, 5154
208000, 63, 5152
210000, 75, 5107
212000, 65, 5041
214000, 72, 5001
216000, 72, 5104
218000, 67, 5171
220000, 78, 5100
222000, 78, 5088
224000, 70, 5182
226000, 78, 5008
228000, 77, 5017
230000, 68, 5012
232000, 73, 5116
234000, 62, 5148
236000, 65, 5119
238000, 69, 5178
240000, 69, 5159
242000, 66, 5165
244000, 63, 5119
246000, 60, 5104
248000, 63, 5015
250000, 75, 5168
252000, 65, 5103
254000, 60, 5096
256000, 60, 5021
258000, 70, 5164
260000, 67, 5189
262000, 70, 5188
264000, 72, 5188
266000, 77, 5121
268000, 71, 5158
270000, 61, 5148
272000, 60, 5004
274000, 69, 5135
276000, 60, 5111
278000, 71, 5155
280000, 72, 5180
282000, 72, 5036
284000, 65, 5107
286000, 67, 5130
288000, 73, 5033
290000, 77, 5044
292000, 75, 5097
294000, 64, 5181
296000, 78, 5079
298000, 72, 5098
300000, 63, 5189
302000, 73, 5124
304000, 70, 5186
306000, 75, 5152
308000, 68, 5027
310000, 60, 5080
312000, 60, 5126
314000, 61, 5126
316000, 62, 5184
318000, 72, 5085
320000, 76, 5155
322000, 67, 5103
324000, 77, 5082
326000, 65, 5008
328000, 75, 5117
330000, 63, 5111
332000, 68, 5153
334000, 73, 5157
336000, 68, 5171
338000, 69, 5033
340000, 75, 5059
342000, 68, 5001
344000, 62, 5173
346000, 69, 5117
348000, 78, 5083
350000, 79, 5165
352000, 65, 5155
354000, 75, 5069
356000, 78, 5172
358000, 78, 5028
360000, 71, 5141
362000, 73, 5040
364000, 64, 5128
366000, 79, 5191
368000, 65, 5179
370000, 79, 5137
372000, 67, 5104
374000, 75, 5036
376000, 61, 5104
378000, 65, 5004
380000, 75, 5131
382000, 74, 5180
384000, 61, 5115
386000, 76, 5003
388000, 69, 5104
390000, 60, 5026
392000, 73, 5199
394000, 69, 5030
396000, 63, 5004
398000, 73, 5116
400000, 72, 5158
402000, 76, 5162
404000, 70, 5109
406000, 61, 5138
408000, 66, 5134
410000, 69, 5124
412000, 66, 5031
414000, 73, 5141
416000, 79, 5190
418000, 73, 5177
420000, 66, 5194
422000, 72, 5011
424000, 75, 5003
426000, 67, 5090
428000, 72, 5052
430000, 69, 5166
432000, 60, 5135
434000, 63, 5002
436000, 72, 5023
438000, 64, 5136
440000, 74, 5036
442000, 61, 5156
444000, 76, 5086
446000, 76, 5137
448000, 61, 5021
450000, 65, 5121
452000, 71, 5078
454000, 67, 5081
456000, 62, 5084
458000, 61, 5045
460000, 60, 5128
462000, 68, 5153
464000, 74, 5193
466000, 71, 5092
468000, 74, 5130
470000, 60, 5081
472000, 71, 5152
474000, 63, 5107
476000, 72, 5176
478000, 63, 5013
480000, 79, 5185
482000, 69, 5012
484000, 62, 5193
486000, 68, 5154
488000, 73, 5040
490000, 73, 5070
492000, 67, 5056
494000, 79, 5175
496000, 60, 5006
498000, 66, 5112
500000, 79, 5100
502000, 60, 5066
504000, 66, 5073
506000, 63, 5094
508000, 65, 5026
510000, 78, 5137
512000, 65, 5073
514000, 66, 5124
516000, 69, 5168
518000, 66, 5068
520000, 64, 5147
522000, 67, 5123
524000, 67, 5153
526000, 61, 5009
528000, 66, 5115
530000, 69, 5119
532000, 70, 5136
534000, 71, 5192
536000, 79, 5168
538000, 64, 5055
540000, 72, 5064
542000, 79, 5184
544000, 60, 5109
546000, 76, 5033
548000, 72, 5064
550000, 60, 5009
552000, 75, 5116
554000, 77, 5019
556000, 74, 5034
558000, 62, 5109
560000, 61, 5071
562000, 62, 5083
564000, 66, 5034
566000, 60, 5106
568000, 67, 5014
570000, 67, 5199
572000, 72, 5039
574000, 74, 5178
576000, 75, 5075
578000, 66, 5031
580000, 63, 5140
582000, 63, 5134
584000, 68, 5152
586000, 77, 5015
588000, 75, 5117
590000, 74, 5154
592000, 67, 5185
594000, 69, 5096
596000, 63, 5178
598000, 63, 5033
600000, 62, 5171
602000, 61, 5144
604000, 65, 5152
606000, 71, 5100
608000, 79, 5134
610000, 60, 5027
612000, 74, 5025
614000, 74, 5122
616000, 77, 5098
618000, 76, 5141
620000, 66, 5193
622000, 74, 5070
624000, 76, 5160
626000, 65, 5133
628000, 74, 5110
630000, 68, 5011
632000, 69, 5145
634000, 78, 5158
636000, 60, 5179
638000, 73, 5134
640000, 64, 5115
642000, 74, 5072
644000, 77, 5198
646000, 62, 5139
648000, 78, 5161
650000, 62, 5074
652000, 67, 5068
654000, 68, 5082
656000, 75, 5005
658000, 72, 5118
660000, 65, 5030
662000, 78, 5102
664000, 75, 5158
666000, 61, 5000
668000, 65, 5163
670000, 73, 5169
672000, 75, 5113
674000, 63, 5070
676000, 67, 5103
678000, 64, 5146
680000, 62, 5028
682000, 76, 5149
684000, 69, 5136
686000, 60, 5052
688000, 76, 5073
690000, 74, 5143
692000, 74, 5161
694000, 73, 5117
696000, 60, 5066
698000, 68, 5164
700000, 73, 5106
702000, 63, 5085
704000, 78, 5144
706000, 70, 5185
708000, 67, 5014
710000, 65, 5193
712000, 75, 5174
714000, 63, 5143
716000, 70, 5059
718000, 74, 5007
720000, 64, 5067
722000, 64, 5021
724000, 73, 5012
726000, 79, 5026
728000, 61, 5005
730000, 62, 5123
732000, 79, 5191
734000, 77, 5116
736000, 75, 5094
738000, 66, 5019
740000, 67, 5080
742000, 77, 5070
744000, 62, 5199
746000, 73, 5003
748000, 64, 5009
750000, 73, 5038
752000, 76, 5041
754000, 73, 5074
756000, 69, 5097
758000, 71, 5150
760000, 67, 5014
762000, 72, 5119
764000, 67, 5174
766000, 62, 5136
768000, 69, 5036
770000, 72, 5055
772000, 68, 5053
774000, 71, 5070
776000, 65, 5098
778000, 78, 5162
780000, 63, 5095
782000, 75, 5065
784000, 61, 5150
786000, 66, 5178
788000, 70, 5051
790000, 60, 5032
792000, 63, 5194
794000, 73, 5145
796000, 75, 5092
798000, 69, 5052
800000, 71, 5181
802000, 67, 5079
804000, 76, 5090
806000, 65, 5032
808000, 73, 5100
810000, 68, 5183
812000, 67, 5055
814000, 68, 5073
816000, 77, 5145
818000, 63, 5162
820000, 70, 5174
822000, 62, 5070
824000, 68, 5179
826000, 73, 5066
828000, 74, 5082
830000, 61, 5024
832000, 66, 5136
834000, 69, 5197
836000, 62, 5065
838000, 78, 5157
840000, 62, 5144
842000, 78, 5026
844000, 78, 5054
846000, 71, 5064
848000, 61, 5029
850000, 78, 5139
852000, 76, 5106
854000, 77, 5141
856000, 76, 5187
858000, 72, 5151
860000, 76, 5004
862000, 61, 5161
864000, 68, 5088
866000, 70, 5130
868000, 77, 5159
870000, 61, 5188
872000, 61, 5100
874000, 62, 5193
876000, 74, 5093
878000, 74, 5047
880000, 71, 5046
882000, 76, 5089
884000, 70, 5115
886000, 66, 5044
888000, 61, 5172
890000, 66, 5079
892000, 76, 5008
894000, 77, 5109
896000, 62, 5044
898000, 77, 5195
900000, 71, 5038
902000, 70, 5054
904000, 77, 5071
906000, 64, 5094
908000, 75, 5127
910000, 65, 5074
912000, 69, 5118
914000, 70, 5104
916000, 79, 5088
918000, 66, 5035
920000, 68, 5146
922000, 71, 5117
924000, 66, 5065
926000, 64, 5081
928000, 64, 5052
930000, 75, 5077
932000, 74, 5089
934000, 67, 5063
936000, 69, 5091
938000, 71, 5142
940000, 63, 5179
942000, 74, 5017
944000, 71, 5047
946000, 66, 5072
948000, 68, 5163
950000, 63, 5005
952000, 67, 5104
954000, 73, 5182
956000, 73, 5151
958000, 75, 5185
960000, 68, 5043
962000, 79, 5074
964000, 60, 5014
966000, 66, 5152
968000, 63, 5170
970000, 68, 5009
972000, 73, 5144
974000, 70, 5099
976000, 61, 5171
978000, 78, 5067
980000, 73, 5183
982000, 64, 5044
984000, 63, 5199
986000, 70, 5013
988000, 72, 5177
990000, 77, 5061
992000, 65, 5082
994000, 73, 5094
996000, 67, 5169
998000, 75, 5179
1000000, 73, 5154
1002000, 67, 5076
1004000, 60, 5196
1006000, 78, 5075
1008000, 67, 5002
1010000, 72, 5181
1012000, 71, 5178
1014000, 69, 5066
1016000, 71, 5081
1018000, 77, 5103
1020000, 67, 5124
1022000, 67, 5130
1024000, 65, 5010
1026000, 66, 5099
1028000, 72, 5138
1030000, 61, 5114
1032000, 60, 5081
1034000, 72, 5160
1036000, 72, 5062
1038000, 67, 5110
1040000, 60, 5188
1042000, 76, 5040
1044000, 60, 5182
1046000, 65, 5128
1048000, 77, 5034
1050000, 75, 5129
1052000, 76, 5144
1054000, 70, 5021
1056000, 71, 5188
1058000, 74, 5047
1060000, 64, 5009
1062000, 66, 5051
1064000, 67, 5118
1066000, 71, 5158
1068000, 68, 5135
1070000, 71, 5054
1072000, 60, 5133
1074000, 61, 5100
1076000, 63, 5114
1078000, 68, 5111
1080000, 66, 5139
1082000, 72, 5172
1084000, 71, 5085
1086000, 64, 5008
1088000, 75, 5006
1090000, 71, 5199
1092000, 65, 5154
1094000, 63, 5117
1096000, 76, 5163
1098000, 67, 5101
1100000, 61, 5003
1102000, 73, 5107
1104000, 66, 5148
1106000, 73, 5190
1108000, 66, 5104
1110000, 70, 5034
1112000, 73, 5065
1114000, 61, 5155
1116000, 61, 5130
1118000, 69, 5101
1120000, 73, 5059
1122000, 72, 5057
1124000, 67, 5039
1126000, 69, 5080
1128000, 78, 5130
1130000, 78, 5173
1132000, 65, 5106
1134000, 75, 5079
1136000, 60, 5022
1138000, 70, 5141
1140000, 74, 5196
1142000, 69, 5033
1144000, 62, 5063
1146000, 74, 5000
1148000, 67, 5005
1150000, 73, 5075
1152000, 79, 5061
1154000, 69, 5024
1156000, 78, 5098
1158000, 65, 5043
1160000, 68, 5054
1162000, 68, 5079
1164000, 65, 5126
1166000, 74, 5192
1168000, 71, 5018
1170000, 71, 5073
1172000, 70, 5037
1174000, 64, 5035
1176000, 64, 5075
1178000, 70, 5039
1180000, 76, 5009
1182000, 62, 5117
1184000, 68, 5170
1186000, 69, 5070
1188000, 60, 5109
1190000, 67, 5052
1192000, 65, 5161
1194000, 60, 5015
1196000, 62, 5014
1198000, 60, 5095
1200000, 67, 5176
1202000, 77, 5017
1204000, 74, 5162
1206000, 67, 5081
1208000, 63, 5088
1210000, 65, 5103
1212000, 72, 5152
1214000, 73, 5012
1216000, 75, 5066
1218000, 78, 5121
1220000, 64, 5065
1222000, 73, 5195
1224000, 70, 5087
1226000, 75, 5056
1228000, 63, 5042
1230000, 73, 5175
1232000, 70, 5043
1234000, 60, 5016
1236000, 62, 5101
1238000, 77, 5196
1240000, 61, 5048
1242000, 76, 5080
1244000, 70, 5083
1246000, 60, 5048
1248000, 68, 5005
1250000, 61, 5161
1252000, 64, 5137
1254000, 71, 5099
1256000, 70, 5055
1258000, 67, 5018
1260000, 71, 5024
1262000, 60, 5030
1264000, 65, 5119
1266000, 70, 5022
1268000, 66, 5196
1270000, 67, 5195
1272000, 60, 5138
1274000, 71, 5029
1276000, 67, 5134
1278000, 79, 5053
1280000, 64, 5067
1282000, 71, 5047
1284000, 63, 5041
1286000, 62, 5067
1288000, 68, 5006
1290000, 69, 5143
1292000, 76, 5199
1294000, 74, 5081
1296000, 64, 5041
1298000, 64, 5075
1300000, 73, 5014
1302000, 75, 5137
1304000, 62, 5025
1306000, 77, 5084
1308000, 67, 5053
1310000, 65, 5185
1312000, 75, 5000
1314000, 73, 5028
1316000, 66, 5134
1318000, 74, 5092
1320000, 73, 5046
1322000, 65, 5064
1324000, 75, 5064
1326000, 72, 5153
1328000, 79, 5006
1330000, 79, 5017
1332000, 67, 5074
1334000, 64, 5073
1336000, 60, 5163
1338000, 70, 5160
1340000, 62, 5175
1342000, 61, 5116
1344000, 65, 5150
1346000, 69, 5057
1348000, 63, 5179
1350000, 64, 5038
1352000, 62, 5170
1354000, 77, 5189
1356000, 66, 5024
1358000, 74, 5111
1360000, 78, 5164
1362000, 73, 5022
1364000, 75, 5077
1366000, 68, 5085
1368000, 63, 5030
1370000, 77, 5035
1372000, 72, 5087
1374000, 76, 5019
1376000, 70, 5071
1378000, 66, 5097
1380000, 60, 5040
1382000, 67, 5113
1384000, 69, 5008
1386000, 74, 5097
1388000, 72, 5008
1390000, 67, 5173
1392000, 79, 5042
1394000, 79, 5156
1396000, 70, 5134
1398000, 69, 5178
1400000, 67, 5041
1402000, 64, 5083
1404000, 72, 5074
1406000, 62, 5046
1408000, 60, 5028
1410000, 62, 5045
1412000, 65, 5017
1414000, 64, 5196
1416000, 75, 5050
1418000, 61, 5140
1420000, 76, 5093
1422000, 75, 5058
1424000, 65, 5046
1426000, 64, 5182
1428000, 76, 5156
1430000, 74, 5100
1432000, 60, 5054
1434000, 60, 5039
1436000, 61, 5039
1438000, 73, 5084
1440000, 69, 5008
1442000, 60, 5174
1444000, 76, 5043
1446000, 66, 5117
1448000, 71, 5083
1450000, 64, 5165
1452000, 68, 5023
1454000, 74, 5139
1456000, 67, 5046
1458000, 69, 5147
1460000, 79, 5098
1462000, 73, 5089
1464000, 69, 5107
1466000, 64, 5081
1468000, 67, 5073
1470000, 64, 5107
1472000, 78, 5148
1474000, 69, 5006
1476000, 66, 5104
1478000, 73, 5157
1480000, 66, 5186
1482000, 73, 5112
1484000, 76, 5137
1486000, 63, 5082
1488000, 70, 5141
1490000, 74, 5140
1492000, 72, 5060
1494000, 75, 5014
1496000, 60, 5149
1498000, 69, 5052
1500000, 77, 5010
1502000, 71, 5074
1504000, 62, 5131
1506000, 62, 5165
1508000, 63, 5151
1510000, 77, 5044
1512000, 62, 5105
1514000, 62, 5083
1516000, 61, 5160
1518000, 76, 5199
1520000, 77, 5013
1522000, 60, 5142
1524000, 78, 5158
1526000, 64, 5120
1528000, 74, 5164
1530000, 68, 5127
1532000, 65, 5093
1534000, 61, 5099
1536000, 70, 5114
1538000, 72, 5075
1540000, 63, 5111
1542000, 61, 5153
1544000, 79, 5008
1546000, 60, 5141
1548000, 63, 5197
1550000, 71, 5137
1552000, 61, 5094
1554000, 71, 5187
1556000, 79, 5119
1558000, 63, 5162
1560000, 76, 5058
1562000, 60, 5137
1564000, 61, 5146
1566000, 60, 5151
1568000, 68, 5184
1570000, 70, 5097
1572000, 69, 5146
1574000, 77, 5047
1576000, 75, 5032
1578000, 75, 5169
1580000, 71, 5104
1582000, 78, 5114
1584000, 79, 5180
1586000, 74, 5075
1588000, 67, 5186
1590000, 79, 5184
1592000, 73, 5140
1594000, 76, 5142
1596000, 72, 5158
1598000, 71, 5069
1600000, 67, 5134
1602000, 67, 5190
1604000, 73, 5112
1606000, 69, 5081
1608000, 62, 5179
1610000, 77, 5091
1612000, 66, 5197
1614000, 61, 5108
1616000, 63, 5124
1618000, 65, 5167
1620000, 68, 5058
1622000, 63, 5007
1624000, 61, 5108
1626000, 76, 5056
1628000, 63, 5125
1630000, 66, 5003
1632000, 65, 5186
1634000, 78, 5069
1636000, 76, 5102
1638000, 69, 5061
1640000, 71, 5110
1642000, 63, 5058
1644000, 62, 5139
1646000, 75, 5096
1648000, 64, 5073
1650000, 63, 5144
1652000, 67, 5099
1654000, 76, 5155
1656000, 71, 5014
1658000, 73, 5061
1660000, 74, 5019
1662000, 78, 5016
1664000, 78, 5138
1666000, 73, 5157
1668000, 60, 5112
1670000, 74, 5105
1672000, 69, 5002
1674000, 60, 5180
1676000, 77, 5057
1678000, 63, 5076
1680000, 66, 5180
1682000, 77, 5014
1684000, 66, 5132
1686000, 68, 5035
1688000, 68, 5004
1690000, 67, 5160
1692000, 67, 5142
1694000, 70, 5005
1696000, 64, 5135
1698000, 76, 5162
1700000, 69, 5041
1702000, 63, 5100
1704000, 71, 5042
1706000, 68, 5193
1708000, 66, 5028
1710000, 65, 5042
1712000, 69, 5060
1714000, 65, 5124
1716000, 72, 5123
1718000, 72, 5121
1720000, 76, 5058
1722000, 62, 5063
1724000, 78, 5111
1726000, 61, 5097
1728000, 64, 5019
1730000, 61, 5066
1732000, 77, 5187
1734000, 72, 5037
1736000, 79, 5048
1738000, 67, 5145
1740000, 68, 5184
1742000, 75, 5160
1744000, 61, 5060
1746000, 70, 5190
1748000, 79, 5115
1750000, 78, 5030
1752000, 67, 5059
1754000, 70, 5084
1756000, 76, 5194
1758000, 67, 5002
1760000, 70, 5076
1762000, 77, 5177
1764000, 65, 5189
1766000, 74, 5092
1768000, 71, 5109
1770000, 73, 5121
1772000, 73, 5041
1774000, 60, 5192
1776000, 66, 5007
1778000, 71, 5132
1780000, 68, 5076
1782000, 65, 5069
1784000, 65, 5107
1786000, 61, 5146
1788000, 74, 5076
1790000, 79, 5099
1792000, 62, 5156
1794000, 79, 5088
1796000, 75, 5027
1798000, 76, 5155
