light
110000, 4466
140000, 4321
170000, 4391
200000, 4395
230000, 4458
260000, 4361
290000, 4322
320000, 4384
350000, 4442
380000, 4431
410000, 4396
440000, 4384
470000, 4376
500000, 4498
530000, 4341
560000, 4362
590000, 4399
620000, 4377
650000, 4341
680000, 4309
710000, 4446
740000, 4434
770000, 4401
800000, 4343
830000, 4403
860000, 4421
890000, 4451
920000, 4374
950000, 4326
980000, 4317
1010000, 4457
1040000, 4414
1070000, 4337
1100000, 4496
1130000, 4348
1160000, 4349
1190000, 4400
1220000, 4449
1250000, 4389
1280000, 4494
1310000, 4482
1340000, 4461
1370000, 4397
1400000, 4392
1430000, 4438
1460000, 4348
1490000, 4300
1520000, 4389
1550000, 4384
1580000, 4431
1610000, 4431
1640000, 4486
1670000, 4312
1700000, 4307
1730000, 4427
1760000, 4445
1790000, 4450
