moisture (%)
85000, 3779
90000, 3841
95000, 3809
100000, 3722
105000, 3704
110000, 3769
115000, 3794
120000, 3746
125000, 3762
130000, 3722
135000, 3741
140000, 3845
145000, 3850
150000, 3838
155000, 3803
160000, 3738
165000, 3707
170000, 3894
175000, 3786
180000, 3765
185000, 3816
190000, 3744
195000, 3847
200000, 3805
205000, 3851
210000, 3840
215000, 3861
220000, 3897
225000, 3774
230000, 3893
235000, 3756
240000, 3723
245000, 3840
250000, 3824
255000, 3794
260000, 3704
265000, 3747
270000, 3824
275000, 3802
280000, 3876
285000, 3789
290000, 3833
295000, 3812
300000, 3772
305000, 3717
310000, 3725
315000, 3703
320000, 3749
325000, 3835
330000, 3790
335000, 3836
340000, 3781
345000, 3747
350000, 3706
355000, 3708
360000, 3817
365000, 3729
370000, 3765
375000, 3860
380000, 3841
385000, 3845
390000, 3792
395000, 3896
400000, 3793
405000, 3868
410000, 3719
415000, 3755
420000, 3827
425000, 3891
430000, 3723
435000, 3743
440000, 3840
445000, 3792
450000, 3842
455000, 3825
460000, 3745
465000, 3707
470000, 3796
475000, 3826
480000, 3709
485000, 3846
490000, 3873
495000, 3857
500000, 3804
505000, 3787
510000, 3853
515000, 3741
520000, 3700
525000, 3799
530000, 3777
535000, 3730
540000, 3887
545000, 3733
550000, 3847
555000, 3705
560000, 3725
565000, 3824
570000, 3723
575000, 3743
580000, 3830
585000, 3769
590000, 3884
595000, 3867
600000, 3829
605000, 3819
610000, 3705
615000, 3760
620000, 3814
625000, 3894
630000, 3758
635000, 3820
640000, 3742
645000, 3716
650000, 3803
655000, 3865
660000, 3835
665000, 3884
670000, 3786
675000, 3810
680000, 3803
685000, 3828
690000, 3847
695000, 3798
700000, 3784
705000, 3816
710000, 3812
715000, 3811
720000, 3883
725000, 3728
730000, 3727
735000, 3899
740000, 3772
745000, 3799
750000, 3734
755000, 3796
760000, 3877
765000, 3836
770000, 3898
775000, 3794
780000, 3831
785000, 3853
790000, 3862
795000, 3742
800000, 3889
805000, 3780
810000, 3766
815000, 3855
820000, 3764
825000, 3745
830000, 3860
835000, 3710
840000, 3726
845000, 3732
850000, 3732
855000, 3746
860000, 3800
865000, 3894
870000, 3712
875000, 3738
880000, 3784
885000, 3702
890000, 3728
895000, 3831
900000, 3702
905000, 3750
910000, 3730
915000, 3778
920000, 3730
925000, 3898
930000, 3771
935000, 3863
940000, 3828
945000, 3887
950000, 3875
955000, 3802
960000, 3777
965000, 3834
970000, 3888
975000, 3889
980000, 3820
985000, 3759
990000, 3734
995000, 3842
1000000, 3774
1005000, 3885
1010000, 3857
1015000, 3840
1020000, 3756
1025000, 3760
1030000, 3882
1035000, 3892
1040000, 3831
1045000, 3838
1050000, 3727
1055000, 3706
1060000, 3813
1065000, 3803
1070000, 3778
1075000, 3896
1080000, 3768
1085000, 3863
1090000, 3893
1095000, 3736
1100000, 3843
1105000, 3778
1110000, 3801
1115000, 3818
1120000, 3766
1125000, 3801
1130000, 3852
1135000, 3808
1140000, 3885
1145000, 3811
1150000, 3717
1155000, 3827
1160000, 3778
1165000, 3706
1170000, 3862
1175000, 3779
1180000, 3798
1185000, 3721
1190000, 3831
1195000, 3714
1200000, 3803
1205000, 3754
1210000, 3852
1215000, 3809
1220000, 3744
1225000, 3839
1230000, 3795
1235000, 3712
1240000, 3710
1245000, 3737
1250000, 3845
1255000, 3760
1260000, 3801
1265000, 3741
1270000, 3838
1275000, 3810
1280000, 3880
1285000, 3796
1290000, 3746
1295000, 3784
1300000, 3745
1305000, 3743
1310000, 3756
1315000, 3848
1320000, 3757
1325000, 3882
1330000, 3743
1335000, 3865
1340000, 3819
1345000, 3862
1350000, 3887
1355000, 3848
1360000, 3792
1365000, 3758
1370000, 3715
1375000, 3704
1380000, 3722
1385000, 3702
1390000, 3834
1395000, 3879
1400000, 3874
1405000, 3720
1410000, 3822
1415000, 3740
1420000, 3823
1425000, 3848
1430000, 3745
1435000, 3740
1440000, 3746
1445000, 3771
1450000, 3891
1455000, 3745
1460000, 3838
1465000, 3760
1470000, 3700
1475000, 3787
1480000, 3845
1485000, 3893
1490000, 3821
1495000, 3819
1500000, 3716
1505000, 3822
1510000, 3702
1515000, 3734
1520000, 3728
1525000, 3885
1530000, 3867
1535000, 3817
1540000, 3798
1545000, 3722
1550000, 3764
1555000, 3700
1560000, 3749
1565000, 3882
1570000, 3750
1575000, 3810
1580000, 3733
1585000, 3848
1590000, 3741
1595000, 3872
1600000, 3888
1605000, 3828
1610000, 3849
1615000, 3757
1620000, 3863
1625000, 3730
1630000, 3812
1635000, 3797
1640000, 3775
1645000, 3794
1650000, 3868
1655000, 3787
1660000, 3717
1665000, 3817
1670000, 3898
1675000, 3888
1680000, 3767
1685000, 3831
1690000, 3819
1695000, 3859
1700000, 3762
1705000, 3785
1710000, 3870
1715000, 3756
1720000, 3847
1725000, 3813
1730000, 3764
1735000, 3733
1740000, 3781
1745000, 3873
1750000, 3792
1755000, 3884
1760000, 3899
1765000, 3723
1770000, 3752
1775000, 3744
1780000, 3838
1785000, 3772
1790000, 3748
1795000, 3718
