moisture (%)
85000, 3778
90000, 3852
95000, 3857
100000, 3807
105000, 3801
110000, 3827
115000, 3745
120000, 3887
125000, 3768
130000, 3766
135000, 3816
140000, 3711
145000, 3733
150000, 3763
155000, 3875
160000, 3742
165000, 3777
170000, 3775
175000, 3795
180000, 3797
185000, 3899
190000, 3850
195000, 3822
200000, 3766
205000, 3744
210000, 3742
215000, 3747
220000, 3885
225000, 3877
230000, 3843
235000, 3865
240000, 3879
245000, 3769
250000, 3791
255000, 3763
260000, 3829
265000, 3790
270000, 3887
275000, 3808
280000, 3854
285000, 3845
290000, 3758
295000, 3746
300000, 3826
305000, 3860
310000, 3866
315000, 3722
320000, 3734
325000, 3878
330000, 3748
335000, 3859
340000, 3747
345000, 3863
350000, 3747
355000, 3762
360000, 3885
365000, 3868
370000, 3752
375000, 3857
380000, 3781
385000, 3805
390000, 3764
395000, 3817
400000, 3880
405000, 3874
410000, 3814
415000, 3880
420000, 3896
425000, 3829
430000, 3827
435000, 3739
440000, 3704
445000, 3816
450000, 3874
455000, 3733
460000, 3738
465000, 3787
470000, 3874
475000, 3853
480000, 3875
485000, 3775
490000, 3859
495000, 3828
500000, 3759
505000, 3738
510000, 3716
515000, 3733
520000, 3802
525000, 3896
530000, 3766
535000, 3840
540000, 3733
545000, 3871
550000, 3895
555000, 3794
560000, 3759
565000, 3742
570000, 3882
575000, 3798
580000, 3771
585000, 3876
590000, 3789
595000, 3819
600000, 3850
605000, 3884
610000, 3742
615000, 3747
620000, 3711
625000, 3789
630000, 3743
635000, 3863
640000, 3875
645000, 3759
650000, 3842
655000, 3814
660000, 3883
665000, 3783
670000, 3871
675000, 3812
680000, 3894
685000, 3735
690000, 3734
695000, 3778
700000, 3847
705000, 3810
710000, 3874
715000, 3893
720000, 3736
725000, 3705
730000, 3789
735000, 3807
740000, 3708
745000, 3895
750000, 3773
755000, 3828
760000, 3789
765000, 3803
770000, 3749
775000, 3749
780000, 3883
785000, 3867
790000, 3859
795000, 3863
800000, 3788
805000, 3794
810000, 3713
815000, 3879
820000, 3704
825000, 3878
830000, 3776
835000, 3876
840000, 3851
845000, 3874
850000, 3711
855000, 3849
860000, 3811
865000, 3850
870000, 3712
875000, 3786
880000, 3717
885000, 3706
890000, 3821
895000, 3729
900000, 3855
905000, 3803
910000, 3876
915000, 3852
920000, 3831
925000, 3740
930000, 3863
935000, 3805
940000, 3796
945000, 3817
950000, 3748
955000, 3772
960000, 3823
965000, 3835
970000, 3729
975000, 3811
980000, 3752
985000, 3820
990000, 3810
995000, 3864
1000000, 3829
1005000, 3726
1010000, 3898
1015000, 3725
1020000, 3826
1025000, 3863
1030000, 3892
1035000, 3808
1040000, 3816
1045000, 3834
1050000, 3813
1055000, 3783
1060000, 3796
1065000, 3745
1070000, 3833
1075000, 3739
1080000, 3761
1085000, 3868
1090000, 3754
1095000, 3745
1100000, 3825
1105000, 3891
1110000, 3730
1115000, 3717
1120000, 3774
1125000, 3869
1130000, 3822
1135000, 3812
1140000, 3851
1145000, 3800
1150000, 3875
1155000, 3783
1160000, 3891
1165000, 3797
1170000, 3796
1175000, 3770
1180000, 3749
1185000, 3808
1190000, 3842
1195000, 3728
1200000, 3828
1205000, 3759
1210000, 3867
1215000, 3888
1220000, 3872
1225000, 3708
1230000, 3833
1235000, 3840
1240000, 3753
1245000, 3746
1250000, 3798
1255000, 3770
1260000, 3776
1265000, 3804
1270000, 3795
1275000, 3701
1280000, 3871
1285000, 3859
1290000, 3806
1295000, 3749
1300000, 3870
1305000, 3743
1310000, 3803
1315000, 3836
1320000, 3806
1325000, 3832
1330000, 3793
1335000, 3891
1340000, 3836
1345000, 3787
1350000, 3847
1355000, 3887
1360000, 3765
1365000, 3830
1370000, 3718
1375000, 3857
1380000, 3741
1385000, 3822
1390000, 3721
1395000, 3826
1400000, 3775
1405000, 3725
1410000, 3773
1415000, 3858
1420000, 3867
1425000, 3793
1430000, 3799
1435000, 3884
1440000, 3767
1445000, 3748
1450000, 3841
1455000, 3794
1460000, 3827
1465000, 3855
1470000, 3750
1475000, 3792
1480000, 3811
1485000, 3729
1490000, 3873
1495000, 3779
1500000, 3879
1505000, 3774
1510000, 3848
1515000, 3750
1520000, 3735
1525000, 3866
1530000, 3810
1535000, 3838
1540000, 3712
1545000, 3776
1550000, 3773
1555000, 3882
1560000, 3812
1565000, 3880
1570000, 3885
1575000, 3858
1580000, 3828
1585000, 3888
1590000, 3771
1595000, 3735
1600000, 3703
1605000, 3786
1610000, 3781
1615000, 3741
1620000, 3868
1625000, 3738
1630000, 3714
1635000, 3798
1640000, 3898
1645000, 3717
1650000, 3734
1655000, 3746
1660000, 3867
1665000, 3767
1670000, 3895
1675000, 3872
1680000, 3899
1685000, 3820
1690000, 3818
1695000, 3817
1700000, 3892
1705000, 3746
1710000, 3788
1715000, 3807
1720000, 3878
1725000, 3705
1730000, 3818
1735000, 3793
1740000, 3843
1745000, 3760
1750000, 3776
1755000, 3726
1760000, 3704
1765000, 3828
1770000, 3763
1775000, 3895
1780000, 3748
1785000, 3887
1790000, 3701
1795000, 3777
