moisture (%)
85000, 3869
90000, 3840
95000, 3847
100000, 3826
105000, 3866
110000, 3750
115000, 3898
120000, 3772
125000, 3852
130000, 3723
135000, 3765
140000, 3728
145000, 3720
150000, 3783
155000, 3864
160000, 3705
165000, 3855
170000, 3816
175000, 3870
180000, 3847
185000, 3773
190000, 3869
195000, 3802
200000, 3787
205000, 3850
210000, 3877
215000, 3898
220000, 3795
225000, 3794
230000, 3720
235000, 3869
240000, 3884
245000, 3791
250000, 3743
255000, 3835
260000, 3742
265000, 3885
270000, 3760
275000, 3713
280000, 3795
285000, 3764
290000, 3796
295000, 3823
300000, 3897
305000, 3710
310000, 3791
315000, 3872
320000, 3702
325000, 3859
330000, 3724
335000, 3768
340000, 3889
345000, 3752
350000, 3777
355000, 3824
360000, 3851
365000, 3772
370000, 3779
375000, 3722
380000, 3761
385000, 3785
390000, 3702
395000, 3879
400000, 3727
405000, 3777
410000, 3874
415000, 3734
420000, 3712
425000, 3764
430000, 3847
435000, 3790
440000, 3809
445000, 3703
450000, 3897
455000, 3849
460000, 3846
465000, 3727
470000, 3813
475000, 3701
480000, 3813
485000, 3865
490000, 3820
495000, 3720
500000, 3787
505000, 3843
510000, 3825
515000, 3827
520000, 3734
525000, 3831
530000, 3787
535000, 3742
540000, 3731
545000, 3895
550000, 3767
555000, 3750
560000, 3828
565000, 3767
570000, 3751
575000, 3712
580000, 3831
585000, 3823
590000, 3731
595000, 3861
600000, 3833
605000, 3825
610000, 3736
615000, 3891
620000, 3804
625000, 3821
630000, 3754
635000, 3835
640000, 3876
645000, 3730
650000, 3857
655000, 3835
660000, 3803
665000, 3775
670000, 3720
675000, 3772
680000, 3824
685000, 3731
690000, 3780
695000, 3720
700000, 3769
705000, 3720
710000, 3883
715000, 3838
720000, 3705
725000, 3718
730000, 3742
735000, 3806
740000, 3844
745000, 3747
750000, 3851
755000, 3778
760000, 3748
765000, 3827
770000, 3865
775000, 3765
780000, 3745
785000, 3710
790000, 3720
795000, 3868
800000, 3724
805000, 3731
810000, 3811
815000, 3774
820000, 3815
825000, 3876
830000, 3757
835000, 3706
840000, 3799
845000, 3700
850000, 3757
855000, 3706
860000, 3798
865000, 3848
870000, 3883
875000, 3773
880000, 3861
885000, 3816
890000, 3801
895000, 3702
900000, 3704
905000, 3804
910000, 3889
915000, 3721
920000, 3792
925000, 3735
930000, 3875
935000, 3742
940000, 3802
945000, 3827
950000, 3841
955000, 3897
960000, 3751
965000, 3840
970000, 3777
975000, 3784
980000, 3760
985000, 3774
990000, 3803
995000, 3816
1000000, 3890
1005000, 3820
1010000, 3801
1015000, 3774
1020000, 3837
1025000, 3705
1030000, 3807
1035000, 3722
1040000, 3768
1045000, 3701
1050000, 3810
1055000, 3773
1060000, 3750
1065000, 3895
1070000, 3705
1075000, 3774
1080000, 3886
1085000, 3887
1090000, 3850
1095000, 3824
1100000, 3849
1105000, 3770
1110000, 3772
1115000, 3754
1120000, 3877
1125000, 3809
1130000, 3809
1135000, 3814
1140000, 3702
1145000, 3773
1150000, 3750
1155000, 3755
1160000, 3797
1165000, 3761
1170000, 3858
1175000, 3714
1180000, 3850
1185000, 3847
1190000, 3775
1195000, 3848
1200000, 3743
1205000, 3859
1210000, 3896
1215000, 3773
1220000, 3743
1225000, 3862
1230000, 3863
1235000, 3892
1240000, 3730
1245000, 3890
1250000, 3843
1255000, 3805
1260000, 3869
1265000, 3840
1270000, 3742
1275000, 3754
1280000, 3757
1285000, 3769
1290000, 3850
1295000, 3767
1300000, 3865
1305000, 3723
1310000, 3864
1315000, 3782
1320000, 3828
1325000, 3869
1330000, 3838
1335000, 3724
1340000, 3762
1345000, 3826
1350000, 3806
1355000, 3769
1360000, 3880
1365000, 3723
1370000, 3728
1375000, 3833
1380000, 3856
1385000, 3824
1390000, 3780
1395000, 3890
1400000, 3708
1405000, 3738
1410000, 3797
1415000, 3811
1420000, 3873
1425000, 3706
1430000, 3855
1435000, 3866
1440000, 3784
1445000, 3852
1450000, 3720
1455000, 3850
1460000, 3738
1465000, 3719
1470000, 3773
1475000, 3730
1480000, 3891
1485000, 3775
1490000, 3763
1495000, 3745
1500000, 3840
1505000, 3738
1510000, 3807
1515000, 3876
1520000, 3743
1525000, 3891
1530000, 3783
1535000, 3795
1540000, 3799
1545000, 3728
1550000, 3726
1555000, 3743
1560000, 3789
1565000, 3770
1570000, 3817
1575000, 3756
1580000, 3752
1585000, 3800
1590000, 3848
1595000, 3863
1600000, 3838
1605000, 3723
1610000, 3739
1615000, 3811
1620000, 3899
1625000, 3897
1630000, 3865
1635000, 3836
1640000, 3824
1645000, 3839
1650000, 3735
1655000, 3827
1660000, 3817
1665000, 3854
1670000, 3792
1675000, 3837
1680000, 3701
1685000, 3730
1690000, 3741
1695000, 3803
1700000, 3852
1705000, 3789
1710000, 3761
1715000, 3702
1720000, 3896
1725000, 3713
1730000, 3860
1735000, 3854
1740000, 3876
1745000, 3769
1750000, 3857
1755000, 3719
1760000, 3886
1765000, 3734
1770000, 3897
1775000, 3824
1780000, 3855
1785000, 3828
1790000, 3727
1795000, 3810
