light
110000, 4430
140000, 4460
170000, 4492
200000, 4392
230000, 4383
260000, 4484
290000, 4351
320000, 4356
350000, 4417
380000, 4328
410000, 4375
440000, 4383
470000, 4322
500000, 4359
530000, 4321
560000, 4330
590000, 4330
620000, 4388
650000, 4451
680000, 4377
710000, 4302
740000, 4431
770000, 4423
800000, 4341
830000, 4442
860000, 4366
890000, 4415
920000, 4474
950000, 4364
980000, 4447
1010000, 4337
1040000, 4379
1070000, 4411
1100000, 4493
1130000, 4368
1160000, 4435
1190000, 4465
1220000, 4491
1250000, 4478
1280000, 4474
1310000, 4365
1340000, 4314
1370000, 4320
1400000, 4329
1430000, 4437
1460000, 4369
1490000, 4379
1520000, 4407
1550000, 4498
1580000, 4344
1610000, 4484
1640000, 4324
1670000, 4342
1700000, 4419
1730000, 4390
1760000, 4378
1790000, 4355
