moisture (%)
85000, 3743
90000, 3750
95000, 3709
100000, 3873
105000, 3860
110000, 3808
115000, 3734
120000, 3808
125000, 3842
130000, 3818
135000, 3897
140000, 3863
145000, 3877
150000, 3890
155000, 3794
160000, 3753
165000, 3879
170000, 3840
175000, 3794
180000, 3764
185000, 3843
190000, 3827
195000, 3707
200000, 3830
205000, 3846
210000, 3841
215000, 3884
220000, 3757
225000, 3896
230000, 3706
235000, 3751
240000, 3858
245000, 3750
250000, 3835
255000, 3726
260000, 3844
265000, 3761
270000, 3739
275000, 3734
280000, 3739
285000, 3833
290000, 3853
295000, 3758
300000, 3828
305000, 3849
310000, 3740
315000, 3802
320000, 3810
325000, 3758
330000, 3745
335000, 3817
340000, 3730
345000, 3824
350000, 3793
355000, 3824
360000, 3768
365000, 3804
370000, 3721
375000, 3779
380000, 3730
385000, 3820
390000, 3761
395000, 3863
400000, 3716
405000, 3891
410000, 3717
415000, 3751
420000, 3800
425000, 3856
430000, 3818
435000, 3794
440000, 3826
445000, 3786
450000, 3716
455000, 3838
460000, 3710
465000, 3813
470000, 3862
475000, 3833
480000, 3770
485000, 3870
490000, 3891
495000, 3843
500000, 3804
505000, 3842
510000, 3792
515000, 3883
520000, 3815
525000, 3831
530000, 3878
535000, 3704
540000, 3891
545000, 3873
550000, 3865
555000, 3735
560000, 3835
565000, 3738
570000, 3754
575000, 3880
580000, 3713
585000, 3876
590000, 3805
595000, 3842
600000, 3818
605000, 3768
610000, 3763
615000, 3877
620000, 3743
625000, 3776
630000, 3754
635000, 3800
640000, 3792
645000, 3711
650000, 3715
655000, 3898
660000, 3786
665000, 3867
670000, 3798
675000, 3774
680000, 3834
685000, 3768
690000, 3890
695000, 3704
700000, 3730
705000, 3754
710000, 3838
715000, 3707
720000, 3734
725000, 3747
730000, 3787
735000, 3773
740000, 3784
745000, 3819
750000, 3715
755000, 3793
760000, 3860
765000, 3882
770000, 3884
775000, 3717
780000, 3762
785000, 3830
790000, 3737
795000, 3793
800000, 3740
805000, 3773
810000, 3723
815000, 3835
820000, 3739
825000, 3705
830000, 3896
835000, 3865
840000, 3858
845000, 3704
850000, 3798
855000, 3743
860000, 3846
865000, 3711
870000, 3700
875000, 3794
880000, 3886
885000, 3815
890000, 3796
895000, 3867
900000, 3837
905000, 3787
910000, 3832
915000, 3758
920000, 3868
925000, 3853
930000, 3789
935000, 3824
940000, 3789
945000, 3715
950000, 3850
955000, 3700
960000, 3838
965000, 3734
970000, 3850
975000, 3750
980000, 3720
985000, 3706
990000, 3768
995000, 3781
1000000, 3890
1005000, 3810
1010000, 3710
1015000, 3831
1020000, 3822
1025000, 3880
1030000, 3839
1035000, 3774
1040000, 3860
1045000, 3865
1050000, 3845
1055000, 3886
1060000, 3844
1065000, 3814
1070000, 3720
1075000, 3810
1080000, 3803
1085000, 3831
1090000, 3759
1095000, 3826
1100000, 3813
1105000, 3710
1110000, 3843
1115000, 3783
1120000, 3712
1125000, 3865
1130000, 3871
1135000, 3863
1140000, 3844
1145000, 3799
1150000, 3772
1155000, 3742
1160000, 3760
1165000, 3790
1170000, 3821
1175000, 3782
1180000, 3715
1185000, 3763
1190000, 3741
1195000, 3815
1200000, 3826
1205000, 3724
1210000, 3707
1215000, 3732
1220000, 3704
1225000, 3784
1230000, 3831
1235000, 3798
1240000, 3872
1245000, 3746
1250000, 3711
1255000, 3801
1260000, 3745
1265000, 3844
1270000, 3725
1275000, 3797
1280000, 3885
1285000, 3713
1290000, 3743
1295000, 3741
1300000, 3702
1305000, 3866
1310000, 3843
1315000, 3728
1320000, 3777
1325000, 3737
1330000, 3801
1335000, 3859
1340000, 3706
1345000, 3785
1350000, 3884
1355000, 3739
1360000, 3732
1365000, 3899
1370000, 3708
1375000, 3859
1380000, 3866
1385000, 3742
1390000, 3800
1395000, 3791
1400000, 3731
1405000, 3808
1410000, 3718
1415000, 3880
1420000, 3831
1425000, 3741
1430000, 3705
1435000, 3736
1440000, 3782
1445000, 3737
1450000, 3776
1455000, 3863
1460000, 3798
1465000, 3768
1470000, 3720
1475000, 3875
1480000, 3745
1485000, 3811
1490000, 3832
1495000, 3762
1500000, 3792
1505000, 3744
1510000, 3710
1515000, 3791
1520000, 3823
1525000, 3739
1530000, 3867
1535000, 3765
1540000, 3769
1545000, 3850
1550000, 3762
1555000, 3791
1560000, 3769
1565000, 3877
1570000, 3757
1575000, 3851
1580000, 3850
1585000, 3725
1590000, 3848
1595000, 3865
1600000, 3780
1605000, 3858
1610000, 3819
1615000, 3774
1620000, 3714
1625000, 3844
1630000, 3793
1635000, 3807
1640000, 3762
1645000, 3845
1650000, 3884
1655000, 3733
1660000, 3870
1665000, 3879
1670000, 3727
1675000, 3883
1680000, 3886
1685000, 3722
1690000, 3752
1695000, 3767
1700000, 3746
1705000, 3742
1710000, 3731
1715000, 3814
1720000, 3733
1725000, 3795
1730000, 3809
1735000, 3876
1740000, 3898
1745000, 3822
1750000, 3885
1755000, 3773
1760000, 3740
1765000, 3887
1770000, 3725
1775000, 3701
1780000, 3860
1785000, 3864
1790000, 3779
1795000, 3766
