moisture (%)
85000, 3735
90000, 3823
95000, 3838
100000, 3839
105000, 3821
110000, 3755
115000, 3768
120000, 3830
125000, 3835
130000, 3803
135000, 3779
140000, 3738
145000, 3746
150000, 3807
155000, 3877
160000, 3768
165000, 3852
170000, 3803
175000, 3727
180000, 3819
185000, 3738
190000, 3854
195000, 3899
200000, 3780
205000, 3747
210000, 3830
215000, 3793
220000, 3760
225000, 3714
230000, 3879
235000, 3822
240000, 3832
245000, 3723
250000, 3891
255000, 3751
260000, 3892
265000, 3847
270000, 3785
275000, 3876
280000, 3802
285000, 3847
290000, 3730
295000, 3731
300000, 3813
305000, 3780
310000, 3858
315000, 3833
320000, 3834
325000, 3865
330000, 3858
335000, 3890
340000, 3779
345000, 3717
350000, 3814
355000, 3722
360000, 3859
365000, 3877
370000, 3702
375000, 3801
380000, 3821
385000, 3869
390000, 3866
395000, 3705
400000, 3820
405000, 3760
410000, 3857
415000, 3858
420000, 3713
425000, 3772
430000, 3865
435000, 3809
440000, 3839
445000, 3746
450000, 3789
455000, 3866
460000, 3780
465000, 3766
470000, 3840
475000, 3753
480000, 3813
485000, 3870
490000, 3839
495000, 3703
500000, 3852
505000, 3761
510000, 3752
515000, 3880
520000, 3871
525000, 3705
530000, 3835
535000, 3718
540000, 3840
545000, 3744
550000, 3883
555000, 3838
560000, 3702
565000, 3795
570000, 3716
575000, 3805
580000, 3809
585000, 3781
590000, 3779
595000, 3894
600000, 3751
605000, 3887
610000, 3731
615000, 3811
620000, 3823
625000, 3805
630000, 3726
635000, 3753
640000, 3727
645000, 3700
650000, 3797
655000, 3846
660000, 3759
665000, 3718
670000, 3764
675000, 3741
680000, 3882
685000, 3743
690000, 3736
695000, 3708
700000, 3817
705000, 3812
710000, 3741
715000, 3819
720000, 3739
725000, 3802
730000, 3800
735000, 3740
740000, 3796
745000, 3748
750000, 3700
755000, 3810
760000, 3785
765000, 3878
770000, 3854
775000, 3834
780000, 3809
785000, 3878
790000, 3769
795000, 3701
800000, 3742
805000, 3738
810000, 3785
815000, 3825
820000, 3715
825000, 3840
830000, 3754
835000, 3820
840000, 3785
845000, 3841
850000, 3709
855000, 3770
860000, 3825
865000, 3896
870000, 3839
875000, 3748
880000, 3721
885000, 3864
890000, 3733
895000, 3700
900000, 3738
905000, 3857
910000, 3736
915000, 3874
920000, 3813
925000, 3846
930000, 3839
935000, 3855
940000, 3756
945000, 3738
950000, 3765
955000, 3862
960000, 3782
965000, 3803
970000, 3790
975000, 3739
980000, 3880
985000, 3789
990000, 3886
995000, 3754
1000000, 3783
1005000, 3780
1010000, 3800
1015000, 3843
1020000, 3823
1025000, 3753
1030000, 3746
1035000, 3783
1040000, 3818
1045000, 3888
1050000, 3760
1055000, 3870
1060000, 3864
1065000, 3880
1070000, 3771
1075000, 3893
1080000, 3782
1085000, 3811
1090000, 3762
1095000, 3876
1100000, 3753
1105000, 3892
1110000, 3784
1115000, 3845
1120000, 3865
1125000, 3749
1130000, 3833
1135000, 3862
1140000, 3701
1145000, 3814
1150000, 3720
1155000, 3802
1160000, 3783
1165000, 3766
1170000, 3731
1175000, 3732
1180000, 3809
1185000, 3730
1190000, 3890
1195000, 3734
1200000, 3705
1205000, 3759
1210000, 3827
1215000, 3722
1220000, 3818
1225000, 3730
1230000, 3759
1235000, 3781
1240000, 3796
1245000, 3883
1250000, 3779
1255000, 3849
1260000, 3872
1265000, 3842
1270000, 3808
1275000, 3768
1280000, 3897
1285000, 3825
1290000, 3805
1295000, 3864
1300000, 3719
1305000, 3712
1310000, 3700
1315000, 3865
1320000, 3764
1325000, 3808
1330000, 3803
1335000, 3822
1340000, 3856
1345000, 3744
1350000, 3792
1355000, 3747
1360000, 3773
1365000, 3815
1370000, 3821
1375000, 3893
1380000, 3783
1385000, 3829
1390000, 3864
1395000, 3783
1400000, 3720
1405000, 3873
1410000, 3748
1415000, 3714
1420000, 3774
1425000, 3782
1430000, 3744
1435000, 3837
1440000, 3708
1445000, 3725
1450000, 3856
1455000, 3784
1460000, 3831
1465000, 3816
1470000, 3752
1475000, 3799
1480000, 3734
1485000, 3801
1490000, 3719
1495000, 3822
1500000, 3783
1505000, 3785
1510000, 3766
1515000, 3753
1520000, 3793
1525000, 3759
1530000, 3725
1535000, 3818
1540000, 3807
1545000, 3836
1550000, 3753
1555000, 3714
1560000, 3752
1565000, 3851
1570000, 3887
1575000, 3845
1580000, 3727
1585000, 3822
1590000, 3894
1595000, 3814
1600000, 3845
1605000, 3728
1610000, 3812
1615000, 3754
1620000, 3735
1625000, 3853
1630000, 3715
1635000, 3705
1640000, 3827
1645000, 3720
1650000, 3796
1655000, 3882
1660000, 3752
1665000, 3767
1670000, 3762
1675000, 3762
1680000, 3753
1685000, 3744
1690000, 3747
1695000, 3895
1700000, 3850
1705000, 3825
1710000, 3790
1715000, 3849
1720000, 3888
1725000, 3708
1730000, 3869
1735000, 3863
1740000, 3808
1745000, 3790
1750000, 3801
1755000, 3857
1760000, 3782
1765000, 3827
1770000, 3725
1775000, 3881
1780000, 3820
1785000, 3750
1790000, 3711
1795000, 3707
