temperature (C)
90000, 2052
100000, 2055
110000, 2078
120000, 2053
130000, 1953
140000, 2038
150000, 2035
160000, 2013
170000, 1912
180000, 1981
190000, 2049
200000, 2045
210000, 2029
220000, 1949
230000, 2030
240000, 1950
250000, 1989
260000, 1925
270000, 1999
280000, 1991
290000, 2034
300000, 2081
310000, 2082
320000, 1930
330000, 1962
340000, 1958
350000, 1954
360000, 2000
370000, 2018
380000, 2073
390000, 1957
400000, 1953
410000, 2073
420000, 1995
430000, 2021
440000, 2049
450000, 1973
460000, 2037
470000, 2048
480000, 1924
490000, 1995
500000, 2055
510000, 1957
520000, 1939
530000, 2081
540000, 1948
550000, 2091
560000, 2072
570000, 2055
580000, 1974
590000, 1991
600000, 2061
610000, 2064
620000, 2060
630000, 2043
640000, 1994
650000, 1914
660000, 2010
670000, 1987
680000, 1991
690000, 2072
700000, 2087
710000, 1932
720000, 1989
730000, 2035
740000, 2051
750000, 2063
760000, 2093
770000, 2027
780000, 2029
790000, 1962
800000, 2030
810000, 2080
820000, 1980
830000, 2015
840000, 2034
850000, 2018
860000, 2051
870000, 1937
880000, 1919
890000, 2099
900000, 1980
910000, 1971
920000, 1964
930000, 1922
940000, 2067
950000, 2010
960000, 2058
970000, 2032
980000, 1982
990000, 2016
1000000, 2033
1010000, 1973
1020000, 2057
1030000, 1979
1040000, 1998
1050000, 1915
1060000, 2016
1070000, 2059
1080000, 2070
1090000, 2013
1100000, 1994
1110000, 1953
1120000, 1901
1130000, 1941
1140000, 1919
1150000, 2003
1160000, 1993
1170000, 2040
1180000, 1930
1190000, 2019
1200000, 2038
1210000, 2064
1220000, 2078
1230000, 1915
1240000, 1981
1250000, 1938
1260000, 2024
1270000, 1902
1280000, 2035
1290000, 1942
1300000, 2095
1310000, 1931
1320000, 1930
1330000, 2082
1340000, 1945
1350000, 2053
1360000, 2008
1370000, 2032
1380000, 1974
1390000, 2028
1400000, 1927
1410000, 1949
1420000, 1944
1430000, 2058
1440000, 1918
1450000, 2066
1460000, 2044
1470000, 2057
1480000, 2099
1490000, 2053
1500000, 2060
1510000, 1959
1520000, 2037
1530000, 1921
1540000, 1910
1550000, 1909
1560000, 2007
1570000, 2030
1580000, 1979
1590000, 2004
1600000, 1917
1610000, 2089
1620000, 1928
1630000, 2029
1640000, 2064
1650000, 2009
1660000, 1933
1670000, 1932
1680000, 1930
1690000, 1927
1700000, 1967
1710000, 2033
1720000, 1975
1730000, 1931
1740000, 1901
1750000, 2035
1760000, 2051
1770000, 2035
1780000, 2014
1790000, 2021
