moisture (%)
85000, 3781
90000, 3721
95000, 3785
100000, 3721
105000, 3899
110000, 3724
115000, 3744
120000, 3732
125000, 3777
130000, 3811
135000, 3892
140000, 3732
145000, 3873
150000, 3718
155000, 3829
160000, 3801
165000, 3843
170000, 3727
175000, 3712
180000, 3720
185000, 3884
190000, 3742
195000, 3845
200000, 3784
205000, 3755
210000, 3715
215000, 3820
220000, 3845
225000, 3802
230000, 3793
235000, 3804
240000, 3838
245000, 3710
250000, 3854
255000, 3756
260000, 3821
265000, 3890
270000, 3771
275000, 3750
280000, 3710
285000, 3820
290000, 3830
295000, 3784
300000, 3792
305000, 3879
310000, 3817
315000, 3757
320000, 3830
325000, 3786
330000, 3804
335000, 3759
340000, 3833
345000, 3742
350000, 3887
355000, 3758
360000, 3823
365000, 3859
370000, 3788
375000, 3722
380000, 3806
385000, 3813
390000, 3743
395000, 3776
400000, 3856
405000, 3755
410000, 3841
415000, 3849
420000, 3723
425000, 3848
430000, 3827
435000, 3812
440000, 3812
445000, 3708
450000, 3739
455000, 3760
460000, 3751
465000, 3819
470000, 3819
475000, 3726
480000, 3860
485000, 3820
490000, 3746
495000, 3885
500000, 3804
505000, 3780
510000, 3734
515000, 3872
520000, 3701
525000, 3791
530000, 3731
535000, 3705
540000, 3749
545000, 3850
550000, 3807
555000, 3713
560000, 3778
565000, 3728
570000, 3719
575000, 3755
580000, 3841
585000, 3815
590000, 3705
595000, 3867
600000, 3821
605000, 3841
610000, 3831
615000, 3829
620000, 3771
625000, 3711
630000, 3807
635000, 3760
640000, 3744
645000, 3843
650000, 3827
655000, 3825
660000, 3882
665000, 3720
670000, 3764
675000, 3702
680000, 3798
685000, 3892
690000, 3721
695000, 3872
700000, 3806
705000, 3732
710000, 3832
715000, 3738
720000, 3895
725000, 3829
730000, 3847
735000, 3828
740000, 3715
745000, 3756
750000, 3721
755000, 3728
760000, 3821
765000, 3717
770000, 3784
775000, 3739
780000, 3820
785000, 3700
790000, 3708
795000, 3718
800000, 3761
805000, 3746
810000, 3708
815000, 3707
820000, 3834
825000, 3812
830000, 3825
835000, 3724
840000, 3850
845000, 3774
850000, 3770
855000, 3812
860000, 3795
865000, 3879
870000, 3864
875000, 3788
880000, 3775
885000, 3847
890000, 3820
895000, 3787
900000, 3792
905000, 3763
910000, 3859
915000, 3730
920000, 3728
925000, 3815
930000, 3844
935000, 3804
940000, 3843
945000, 3844
950000, 3812
955000, 3705
960000, 3722
965000, 3706
970000, 3892
975000, 3724
980000, 3705
985000, 3757
990000, 3883
995000, 3827
1000000, 3848
1005000, 3795
1010000, 3795
1015000, 3884
1020000, 3762
1025000, 3886
1030000, 3723
1035000, 3704
1040000, 3759
1045000, 3759
1050000, 3885
1055000, 3802
1060000, 3838
1065000, 3792
1070000, 3886
1075000, 3714
1080000, 3744
1085000, 3887
1090000, 3751
1095000, 3812
1100000, 3712
1105000, 3700
1110000, 3875
1115000, 3704
1120000, 3834
1125000, 3823
1130000, 3723
1135000, 3878
1140000, 3836
1145000, 3715
1150000, 3856
1155000, 3717
1160000, 3725
1165000, 3714
1170000, 3872
1175000, 3868
1180000, 3849
1185000, 3791
1190000, 3804
1195000, 3726
1200000, 3713
1205000, 3755
1210000, 3842
1215000, 3720
1220000, 3741
1225000, 3818
1230000, 3786
1235000, 3743
1240000, 3872
1245000, 3740
1250000, 3723
1255000, 3849
1260000, 3709
1265000, 3814
1270000, 3863
1275000, 3776
1280000, 3785
1285000, 3808
1290000, 3764
1295000, 3755
1300000, 3796
1305000, 3877
1310000, 3732
1315000, 3776
1320000, 3774
1325000, 3765
1330000, 3785
1335000, 3869
1340000, 3711
1345000, 3865
1350000, 3893
1355000, 3882
1360000, 3792
1365000, 3769
1370000, 3817
1375000, 3731
1380000, 3751
1385000, 3829
1390000, 3718
1395000, 3835
1400000, 3741
1405000, 3826
1410000, 3882
1415000, 3798
1420000, 3768
1425000, 3730
1430000, 3761
1435000, 3860
1440000, 3823
1445000, 3730
1450000, 3882
1455000, 3869
1460000, 3853
1465000, 3773
1470000, 3822
1475000, 3860
1480000, 3811
1485000, 3766
1490000, 3888
1495000, 3804
1500000, 3790
1505000, 3725
1510000, 3870
1515000, 3832
1520000, 3859
1525000, 3825
1530000, 3832
1535000, 3822
1540000, 3848
1545000, 3737
1550000, 3877
1555000, 3730
1560000, 3801
1565000, 3811
1570000, 3736
1575000, 3785
1580000, 3838
1585000, 3765
1590000, 3783
1595000, 3716
1600000, 3898
1605000, 3706
1610000, 3732
1615000, 3842
1620000, 3744
1625000, 3717
1630000, 3889
1635000, 3876
1640000, 3789
1645000, 3821
1650000, 3862
1655000, 3739
1660000, 3806
1665000, 3710
1670000, 3840
1675000, 3705
1680000, 3715
1685000, 3871
1690000, 3893
1695000, 3851
1700000, 3885
1705000, 3795
1710000, 3739
1715000, 3894
1720000, 3745
1725000, 3867
1730000, 3849
1735000, 3844
1740000, 3823
1745000, 3840
1750000, 3714
1755000, 3705
1760000, 3715
1765000, 3764
1770000, 3809
1775000, 3833
1780000, 3706
1785000, 3805
1790000, 3741
1795000, 3802
