95729 3883
101306 3742
105923 3717
110926 3748
120693 3721
130651 3793
136128 3741
141234 3730
151299 3873
165626 3844
171411 3747
181076 3730
186265 3705
190818 3825
196126 3891
210876 3835
215844 3849
225782 3825
240843 3728
276017 3730
286285 3835
291094 3843
295548 3809
300980 3717
315772 3701
320788 3798
325787 3716
331003 3753
335939 3863
340785 3855
355693 3866
361111 3843
366040 3880
380776 3800
385956 3709
406071 3712
411248 3819
415910 3767
420748 3855
425827 3761
440858 3894
450557 3768
455718 3757
465932 3892
475972 3877
485876 3713
495885 3730
506001 3749
511051 3763
515945 3898
520836 3857
525798 3876
535890 3814
546023 3713
551001 3877
555932 3708
560799 3809
565982 3800
571175 3711
580783 3820
586074 3859
596023 3895
605869 3701
610764 3787
615776 3791
626007 3746
630745 3896
635814 3738
641081 3794
650895 3787
656057 3710
660584 3893
670984 3881
681034 3888
685758 3809
690817 3863
695967 3715
701049 3835
705784 3755
715776 3814
720961 3751
725987 3766
730813 3712
740708 3840
750797 3709
755826 3765
761000 3808
765676 3786
770898 3777
785806 3838
790793 3747
801197 3802
805934 3801
815968 3895
830658 3866
840867 3758
845835 3709
861143 3723
875744 3710
890775 3792
910933 3764
915651 3750
920680 3770
936022 3859
955871 3812
960949 3722
965827 3703
970975 3737
980986 3753
990858 3842
1001082 3769
1005900 3776
1010917 3849
1020998 3803
1025833 3712
1030613 3769
1035872 3785
1040760 3788
1045948 3778
1050851 3715
1056020 3897
1066036 3774
1080819 3864
1085861 3709
1090779 3736
1096045 3800
1101031 3844
1105837 3847
1111040 3896
1121039 3849
1125942 3770
1130876 3838
1135946 3796
1140628 3764
1145570 3886
1150877 3713
1155747 3803
1165779 3876
1171127 3716
1175847 3865
1180771 3876
1185731 3777
1190979 3858
1201101 3807
1216022 3822
1221055 3874
1225903 3704
1231055 3761
1235853 3860
1245955 3776
1250867 3757
1255993 3760
1260723 3727
1270987 3742
1275686 3827
1315729 3718
1320775 3706
1331161 3879
1335994 3766
1350896 3863
1355785 3821
1360895 3733
1365809 3774
1370909 3881
1375970 3802
1380707 3797
1390829 3837
1395829 3727
1400958 3757
1405737 3878
1410972 3742
1415710 3742
1420661 3815
1425817 3754
1430952 3777
1436001 3898
1445826 3895
1455980 3704
1460830 3744
1465941 3853
1471004 3882
1475674 3705
1480915 3789
1491043 3890
1495892 3796
1505997 3795
1511057 3786
1515916 3852
1520895 3712
1525665 3896
1530980 3766
1535999 3863
1541159 3730
1546053 3722
1550991 3874
1555780 3752
1560802 3827
1570806 3859
1575740 3868
1580998 3710
1590973 3872
1596008 3792
1600964 3837
1605841 3757
1610925 3861
1615985 3754
1620795 3815
1635803 3859
1641066 3703
1650866 3708
1655795 3767
1665832 3721
1675896 3816
1685769 3855
1690821 3889
1705683 3862
1710721 3859
1716031 3778
1720889 3736
1725968 3709
1730817 3727
1740906 3827
1745914 3732
1750988 3775
1755982 3845
1760903 3783
1770856 3741
1775971 3841
1785849 3895
