88858 73, 5099
91013 60, 5046
93194 67, 5090
95289 60, 5061
99035 78, 5139
100859 62, 5132
103466 70, 5049
107484 60, 5018
109029 71, 5088
111006 66, 5198
112717 67, 5049
115064 75, 5133
116930 67, 5106
120812 78, 5135
122980 69, 5126
127023 74, 5198
128747 76, 5021
130994 69, 5076
133056 69, 5055
136817 76, 5034
141054 62, 5114
143155 70, 5091
145124 63, 5026
147002 75, 5160
149121 62, 5140
151108 72, 5076
152940 69, 5195
154868 66, 5183
156827 68, 5082
158817 61, 5165
161144 66, 5140
163135 73, 5179
164658 72, 5196
166816 68, 5076
169092 77, 5139
171471 74, 5137
178912 68, 5133
180695 79, 5113
185071 71, 5042
189026 74, 5060
191183 69, 5159
194728 60, 5071
196951 73, 5063
199046 73, 5041
200824 70, 5061
202963 63, 5132
207193 63, 5187
208838 69, 5090
210913 74, 5036
213129 60, 5097
215033 67, 5027
216587 75, 5138
218845 69, 5033
224990 74, 5189
227517 68, 5166
228693 67, 5067
230961 75, 5116
233001 66, 5081
234680 64, 5025
236662 61, 5164
239189 65, 5178
241032 76, 5031
243099 68, 5146
244940 70, 5192
246898 76, 5106
248850 79, 5070
250707 71, 5175
252564 78, 5163
254802 64, 5180
256716 78, 5146
258635 63, 5000
261180 68, 5180
263136 67, 5050
264809 73, 5051
266992 79, 5194
268734 76, 5048
271000 67, 5189
273220 66, 5184
274897 79, 5154
276953 79, 5191
281063 75, 5102
282790 71, 5011
285083 65, 5058
288930 72, 5082
291047 61, 5099
293116 61, 5031
294806 77, 5055
297122 65, 5030
298921 64, 5102
301015 75, 5066
303082 77, 5195
304910 79, 5013
310859 69, 5000
312905 65, 5088
314732 70, 5075
318888 78, 5167
323205 70, 5158
324939 71, 5191
329025 79, 5037
330789 69, 5109
339285 64, 5016
343195 68, 5018
344717 63, 5083
346889 67, 5165
348906 68, 5134
350832 76, 5034
352770 60, 5075
357229 74, 5028
358865 62, 5172
360924 71, 5052
364956 62, 5118
366764 76, 5104
368941 62, 5008
370843 68, 5051
372943 76, 5078
374991 68, 5073
376878 66, 5169
380807 60, 5062
382583 71, 5162
384829 62, 5021
388782 72, 5188
391119 77, 5029
393104 78, 5176
394885 69, 5033
397062 65, 5034
398933 61, 5017
404988 73, 5015
406777 68, 5151
408740 60, 5101
411184 75, 5146
412802 79, 5077
414948 64, 5073
417205 78, 5108
418997 63, 5165
420880 63, 5108
428997 74, 5082
430940 79, 5181
432944 64, 5020
436667 68, 5032
440958 71, 5135
447036 60, 5032
450889 62, 5115
452867 67, 5096
456729 62, 5188
458935 60, 5054
461143 77, 5130
462687 60, 5099
465006 76, 5015
467023 78, 5046
468668 61, 5041
472684 73, 5142
475033 79, 5029
476544 69, 5113
479084 78, 5005
481029 65, 5164
484916 78, 5077
486561 61, 5003
490796 75, 5073
492826 79, 5088
496648 79, 5018
502659 61, 5073
505070 75, 5023
506929 63, 5178
509044 64, 5097
510845 68, 5141
514750 78, 5052
520765 64, 5084
522888 62, 5104
526883 74, 5180
529098 79, 5125
531073 73, 5084
532727 63, 5182
536831 71, 5021
539165 76, 5016
540858 73, 5120
544937 74, 5168
546857 64, 5064
552751 61, 5142
554895 70, 5005
556883 60, 5109
558742 69, 5172
560834 68, 5143
563197 73, 5014
568786 72, 5065
570967 68, 5058
572761 74, 5011
583130 62, 5060
584745 61, 5086
589003 67, 5083
591095 67, 5145
594991 61, 5017
596781 70, 5144
599006 68, 5198
600797 70, 5094
604996 73, 5052
607221 71, 5192
608982 62, 5129
611072 61, 5174
613138 64, 5091
614980 64, 5046
618976 64, 5093
621030 79, 5034
624920 64, 5007
628693 71, 5193
630900 70, 5051
632975 63, 5184
634803 73, 5074
636885 69, 5178
638891 63, 5019
640930 68, 5002
644812 78, 5118
652852 70, 5162
654602 73, 5149
656915 62, 5154
658872 65, 5193
661056 71, 5005
664892 75, 5171
668966 72, 5097
670961 74, 5138
677165 79, 5139
681062 61, 5168
686828 69, 5143
689009 72, 5020
694995 69, 5053
697102 77, 5119
698997 60, 5058
700965 73, 5101
703306 70, 5041
707018 62, 5101
708951 76, 5131
710721 78, 5145
714998 65, 5108
716730 73, 5003
718857 66, 5151
721005 63, 5068
722711 74, 5071
724822 74, 5176
727014 79, 5081
729168 61, 5096
732789 75, 5197
736939 79, 5158
739132 76, 5178
742890 66, 5147
744803 77, 5160
746747 66, 5015
748999 63, 5195
750777 65, 5136
754897 72, 5190
757164 69, 5101
758883 78, 5189
762875 64, 5122
765023 69, 5025
766747 64, 5022
768840 61, 5034
774790 74, 5114
776869 74, 5022
779026 74, 5130
782750 72, 5064
785009 63, 5171
787251 61, 5077
788961 68, 5193
790994 77, 5190
792954 64, 5064
794853 77, 5171
796795 62, 5122
798710 63, 5067
802848 69, 5120
806920 78, 5043
809007 64, 5035
810952 64, 5035
812885 62, 5046
815223 69, 5098
818976 78, 5161
822708 64, 5085
825059 63, 5021
829051 71, 5180
830950 72, 5147
835136 71, 5103
840850 64, 5108
843030 79, 5164
844977 69, 5060
846813 71, 5116
850922 77, 5123
852675 70, 5147
854754 76, 5191
856878 76, 5050
858896 64, 5017
861225 62, 5125
862909 76, 5145
865111 78, 5003
866822 70, 5135
870739 73, 5172
880943 70, 5028
883242 62, 5071
884826 61, 5176
886739 68, 5164
890888 66, 5086
894870 70, 5036
897036 65, 5144
899013 61, 5071
900806 63, 5060
902934 79, 5083
904885 78, 5064
906785 70, 5052
910875 63, 5023
913036 65, 5048
914904 62, 5107
916844 61, 5084
918836 67, 5179
921058 61, 5067
922806 63, 5081
924965 60, 5193
927233 77, 5079
928553 62, 5106
931001 76, 5123
933121 70, 5145
936637 74, 5135
938998 64, 5041
940911 65, 5082
942852 61, 5090
944900 73, 5131
946860 67, 5007
948833 68, 5116
952847 79, 5110
956707 72, 5122
958935 79, 5119
960674 68, 5199
964655 72, 5096
969075 64, 5188
970777 78, 5091
972772 76, 5091
975052 74, 5065
977181 73, 5049
978928 77, 5087
981194 76, 5110
983171 75, 5009
985153 68, 5064
987050 66, 5042
988849 74, 5056
990889 70, 5193
994947 61, 5137
998969 68, 5070
1001003 74, 5176
1002935 65, 5094
1006954 72, 5110
1008905 62, 5028
1010928 68, 5061
1012775 79, 5026
1014743 73, 5119
1016843 65, 5061
1018921 68, 5143
1022603 74, 5024
1024755 68, 5128
1029070 71, 5038
1030916 67, 5194
1034839 60, 5079
1040954 71, 5104
1047147 75, 5097
1049081 64, 5109
1051126 69, 5052
1052961 76, 5010
1054744 61, 5048
1056796 63, 5042
1058928 73, 5141
1060694 70, 5161
1067208 60, 5033
1068960 71, 5167
1071021 66, 5099
1073020 61, 5153
1074764 60, 5180
1076843 67, 5118
1078876 73, 5135
1080732 60, 5168
1082825 71, 5021
1087074 69, 5090
1088869 69, 5085
1090963 60, 5001
1092811 76, 5116
1095047 60, 5068
1098942 63, 5034
1100949 70, 5130
1104716 70, 5177
1108896 72, 5083
1115017 73, 5033
1116862 63, 5036
1118816 76, 5023
1120872 77, 5059
1122970 79, 5169
1124884 74, 5118
1129109 71, 5099
1130960 79, 5075
1134948 67, 5088
1138955 65, 5056
1140855 61, 5155
1142822 65, 5091
1150821 76, 5162
1152886 71, 5133
1156928 74, 5055
1160691 75, 5049
1162940 77, 5066
1164775 68, 5095
1166862 74, 5044
1168911 75, 5088
1170866 70, 5125
1172768 64, 5010
1175136 75, 5166
1176805 62, 5142
1181016 60, 5101
1182822 72, 5181
1185119 62, 5049
1186726 76, 5140
1188749 61, 5194
1190829 60, 5120
1192959 69, 5078
1196798 62, 5022
1198942 72, 5131
1200723 71, 5147
1203102 79, 5048
1204754 61, 5162
1207050 79, 5056
1216786 66, 5193
1218824 61, 5142
1220813 76, 5151
1222899 73, 5129
1224745 72, 5135
1226776 62, 5073
1228907 66, 5090
1230962 65, 5009
1232832 69, 5118
1234938 68, 5082
1236921 68, 5032
1241063 70, 5028
1242902 72, 5152
1244546 60, 5105
1246687 72, 5191
1248892 79, 5161
1252888 72, 5051
1254790 72, 5056
1256782 69, 5157
1258899 64, 5067
1262781 64, 5108
1265128 70, 5059
1266762 64, 5136
1268887 77, 5015
1272914 68, 5019
1274860 75, 5104
1279004 75, 5029
1280885 75, 5053
1282839 62, 5015
1286903 73, 5005
1288996 68, 5001
1290706 65, 5054
1292861 72, 5062
1294952 71, 5126
1296774 64, 5027
1302753 67, 5196
1304934 77, 5062
1306755 74, 5136
1308965 78, 5014
1310823 72, 5031
1312767 65, 5056
1314898 79, 5100
1317099 77, 5143
1319184 76, 5175
1322901 73, 5154
1324944 75, 5072
1326850 66, 5105
1328884 65, 5046
1330963 73, 5123
1332728 71, 5159
1334894 64, 5058
1336682 79, 5183
1339036 66, 5179
1342687 78, 5143
1344752 66, 5010
1347057 68, 5173
1348896 62, 5187
1352993 75, 5087
1356960 73, 5161
1361019 70, 5070
1362866 75, 5140
1364903 78, 5038
1366967 78, 5029
1369038 67, 5107
1372926 64, 5098
1376979 73, 5179
1378704 77, 5146
1382868 75, 5139
1384834 69, 5089
1386744 71, 5153
1388856 60, 5031
1390740 64, 5169
1392889 79, 5131
1394721 73, 5065
1399093 75, 5041
1403064 70, 5024
1404761 65, 5029
1406672 63, 5160
1408797 61, 5044
1410840 75, 5138
1412809 60, 5161
1416997 65, 5163
1420912 69, 5016
1424688 78, 5129
1426723 66, 5194
1428978 74, 5029
1431043 70, 5000
1434863 79, 5103
1436911 75, 5058
1438943 65, 5179
1440761 68, 5000
1443074 68, 5122
1444951 64, 5150
1446945 66, 5159
1448754 69, 5124
1452861 70, 5076
1454879 64, 5048
1456841 60, 5065
1458884 66, 5151
1460818 68, 5053
1462919 72, 5126
1464846 68, 5009
1469000 65, 5167
1472680 66, 5125
1476747 61, 5025
1478807 63, 5198
1480786 76, 5191
1482822 68, 5025
1484868 69, 5185
1487358 64, 5044
1490916 75, 5004
1492895 75, 5006
1495124 78, 5029
1498881 70, 5079
1500724 79, 5068
1502884 65, 5001
1506795 60, 5186
1508896 64, 5048
1510851 65, 5156
1513084 74, 5027
1514780 67, 5153
1516960 71, 5114
1518970 70, 5051
1525104 63, 5087
1531112 61, 5165
1532897 74, 5097
1536807 72, 5169
1540908 66, 5128
1542882 62, 5185
1545079 73, 5055
1546752 78, 5056
1548999 78, 5166
1550986 74, 5068
1552822 70, 5165
1554798 69, 5063
1558597 74, 5064
1560856 74, 5087
1562695 64, 5058
1564878 77, 5027
1568787 76, 5088
1575001 72, 5058
1576973 60, 5172
1584924 64, 5114
1586990 70, 5037
1589022 79, 5125
1593096 60, 5078
1596785 60, 5148
1607016 78, 5086
1608537 71, 5133
1610765 66, 5017
1612796 79, 5023
1614840 79, 5110
1616980 74, 5003
1619012 65, 5034
1624973 61, 5069
1628968 77, 5053
1630882 76, 5015
1632603 61, 5165
1635018 70, 5109
1636824 68, 5173
1639035 75, 5023
1640795 67, 5164
1644687 65, 5142
1650904 62, 5107
1652824 65, 5031
1655106 74, 5000
1656930 71, 5027
1662821 65, 5177
1664741 60, 5046
1667195 68, 5162
1669040 76, 5175
1671018 68, 5050
1674852 74, 5175
1676885 79, 5003
1682788 71, 5189
1684881 66, 5179
1687118 65, 5113
1688703 78, 5028
1690650 68, 5027
1692768 63, 5034
1694821 72, 5145
1696898 62, 5012
1698693 61, 5128
1703051 64, 5155
1704746 68, 5068
1709167 67, 5135
1714855 66, 5031
1716722 76, 5001
1718850 61, 5110
1720874 65, 5085
1724820 78, 5081
1726953 74, 5094
1728872 73, 5163
1730915 70, 5191
1732703 72, 5112
1734801 68, 5147
1736966 72, 5106
1739024 61, 5184
1740851 79, 5150
1742993 77, 5139
1750967 71, 5197
1753020 73, 5170
1756785 77, 5184
1758908 65, 5198
1760924 65, 5035
1766837 66, 5017
1769007 68, 5082
1770767 61, 5158
1774726 69, 5048
1776905 75, 5045
1781072 70, 5018
1782794 63, 5199
1786781 68, 5012
1788802 72, 5077
1790756 61, 5022
1792826 77, 5087
1794746 67, 5119
1797010 62, 5157
1798984 64, 5061
