101285 1991
111027 1983
120848 2070
131508 1971
150760 2041
200747 1959
230691 2016
261128 1994
280952 2036
290926 1972
300827 2029
340814 2000
360866 1969
381216 2009
390980 1913
400696 2054
411204 2048
420834 2082
430819 1911
441044 1911
450992 2084
461172 2055
480784 2014
490801 2011
500749 2057
510940 2071
530951 1967
540547 2030
551210 2051
560659 1945
571167 2087
590977 2096
601029 1990
620907 2032
631118 2067
640921 1981
650986 1938
661044 1982
671083 1900
680861 1927
700796 2024
710812 1971
730972 1982
750879 2084
780893 1939
790841 2069
801090 2090
810806 2079
830875 1991
840769 2078
870750 2004
881033 2014
900644 1998
920841 1999
931072 2077
940885 1943
951237 1929
960663 2022
970818 1985
980743 2066
990873 1944
1001074 2078
1030827 1961
1050976 2085
1080895 1937
1090942 1948
1110610 1950
1120926 2065
1130637 2020
1140912 1959
1151011 1986
1170826 1937
1180587 1950
1190968 1927
1210810 2049
1221155 2003
1230849 2009
1240923 1963
1280751 2016
1310972 1940
1331039 2091
1340851 2084
1360741 2085
1371094 2029
1380863 1973
1401272 1958
1411048 2094
1420806 1942
1430694 1902
1440779 2046
1451182 1940
1480952 2065
1500881 2043
1520725 2089
1530893 2018
1540943 1940
1570756 2031
1580860 2084
1590731 2001
1600753 2093
1611065 2010
1630993 2090
1640770 1962
1651096 1955
1670948 2003
1680799 1993
1690981 1956
1720861 1986
1730778 1995
1740550 1969
1750896 2042
1770722 1909
1780941 1909
1790688 1951
