91092 1949
101620 2078
111154 1971
121124 1930
131435 1925
141062 2070
151291 2005
161213 2023
171544 2087
180983 2098
191236 2081
201046 1911
211015 1941
221049 2021
241204 1926
251177 2040
261328 1911
281136 2011
301023 1969
310988 2004
321024 2033
331148 2053
341423 1976
351203 1962
361075 1928
371135 1942
381513 1981
391440 2086
400984 1960
411230 1930
420975 2017
431189 1937
451159 2075
461251 2060
470964 2092
480932 1975
491176 1931
500876 1911
511093 2069
520986 2027
531114 2055
540959 1902
560914 1929
611125 2068
621066 1911
631187 1909
640910 2039
681136 2098
690922 1950
700954 2067
731051 2093
741455 1988
771077 2002
791251 2036
801027 2031
811168 1965
821097 1976
841109 2032
851030 1908
861221 1975
881058 2098
891069 1918
900979 2088
911010 1907
921097 2092
930842 1983
940701 1944
951378 2041
960913 1987
971026 1983
981126 1993
991155 1982
1001103 2050
1011026 1940
1020883 1900
1031098 2092
1041048 2047
1051094 1916
1061124 1956
1071039 2053
1081080 2046
1090971 1948
1101148 1910
1111057 2005
1131005 2021
1141027 2013
1151156 1910
1161206 1974
1170994 2080
1181076 2007
1201059 1985
1210903 2079
1221129 2045
1231112 2040
1240899 2005
1261047 2068
1271113 2040
1281123 2030
1291013 1998
1311004 2053
1320989 1993
1331153 2009
1341273 1939
1361117 1999
1371146 1917
1380928 2084
1390944 2047
1401372 2033
1411074 1966
1421039 2002
1431172 2072
1441192 1938
1451120 1983
1461063 1910
1471212 2068
1480965 2045
1491270 2060
1501082 1912
1510975 2084
1521061 1950
1531067 2052
1551166 2072
1561029 2011
1571059 1963
1581124 1931
1591151 1974
1601136 2079
1630916 1911
1640815 2096
1651164 2049
1661136 1911
1681026 1967
1691148 2071
1700880 1951
1710892 1999
1721046 2007
1750875 1965
1781067 1982
1790964 2039
