110636 4337
140584 4493
200632 4344
290510 4390
380571 4400
410626 4404
500549 4378
530696 4384
620504 4302
650616 4377
680620 4350
710504 4495
800510 4348
830629 4380
860504 4420
890645 4398
1010588 4333
1040562 4357
1100549 4353
1130504 4380
1160504 4335
1190504 4481
1220587 4417
1250533 4358
1280642 4427
1310635 4444
1340603 4460
1370510 4304
1400555 4451
1430668 4399
1460555 4483
1490619 4348
1520568 4484
1580594 4445
1610510 4334
1640504 4467
1670555 4365
1700523 4383
1730619 4432
1760533 4385
