90632 2027
100510 2077
110584 1941
120565 2053
130504 1946
140632 2048
150542 1984
160536 1953
180504 1913
190561 2055
200639 1955
210616 2033
220510 1982
240587 2029
250648 2083
260517 2062
270600 2021
280607 1934
290510 1904
300545 1903
310565 1983
320510 1982
330542 1997
340504 1939
350558 1977
360619 2001
370545 1999
380639 2042
390510 2087
400690 2086
410635 2091
420510 2010
430510 1999
440562 2039
450594 1927
460552 1960
480655 1925
490587 1993
500517 2085
510504 2085
520654 2060
530539 1975
540552 2023
550565 1921
590510 1939
600510 1996
610546 2052
620533 1962
630504 2087
640504 2027
650642 2050
660504 1901
670651 1945
680504 2069
700546 1959
710552 1986
720632 2091
730539 2012
740555 1962
750565 1942
760606 1966
770610 2057
790552 2096
800684 1960
810545 1925
820600 1980
840658 1965
850545 1978
860510 2076
870558 2052
880565 1996
890555 1949
900610 1979
910504 1962
920600 2011
930552 1982
940610 2056
950684 2014
960590 1914
970642 2034
980536 1928
990607 2095
1000587 2051
1010655 2040
1030654 2065
1040562 2085
1050587 1968
1060610 1919
1070510 2079
1090517 1933
1100571 1904
1110584 1940
1120510 1993
1130514 1940
1140507 2020
1150661 1967
1160661 2091
1170597 1985
1180510 1959
1190510 1992
1200555 2001
1210584 1904
1230504 2004
1240549 2043
1260510 2070
1270677 1947
1280595 2022
1290645 2053
1300533 2070
1310510 2055
1320561 2024
1330587 1939
1350510 2035
1360504 1928
1370510 1932
1390517 1910
1400623 2036
1410555 2035
1420578 1929
1430620 2042
1450510 2033
1460555 1915
1470510 1972
1480510 2001
1500526 1962
1510552 2070
1520558 2037
1530606 1974
1540504 1912
1550542 1982
1560594 2055
1570545 2014
1580510 2096
1590603 1968
1600504 2020
1610626 1906
1620504 2074
1630510 1902
1640504 1905
1650549 2042
1660510 2059
1670588 1907
1680510 1986
1690549 2093
1700523 2024
1710613 1973
1720565 2075
1730555 2067
1740642 2016
1750616 2042
1760623 1973
1770526 2096
1780504 2035
