90581 1964
100626 2083
110616 1985
120565 2038
130504 2092
140510 2053
160574 1985
170655 1902
180568 1969
190712 2047
200620 1960
230526 1950
240504 1961
270555 2008
280606 2048
290533 2042
310603 1985
320616 2048
330674 1963
340504 1959
360619 1981
370664 2039
380732 1904
400626 1957
410510 1936
420517 1991
460504 2078
470616 2008
480667 2067
490661 1964
500594 1960
510529 1927
520504 2099
550545 2015
560600 1991
580504 2006
600619 2050
630546 2087
640510 1978
650578 1942
660510 2088
670632 2051
690510 2090
700510 1924
730603 2088
740616 2043
760613 1983
780549 2043
790606 1957
810504 2021
820510 1972
840607 1916
860642 1987
870529 1910
900561 2078
910571 2043
920571 1992
930600 2038
960552 2047
990549 2028
1010504 1909
1030530 2079
1040620 1967
1050616 2050
1060504 1968
1070562 1930
1080619 2044
1100510 2079
1110504 1985
1120590 1963
1130504 1908
1150610 2032
1160510 1912
1170651 2038
1180504 1959
1190510 2065
1200594 1951
1230606 2036
1240629 1973
1260504 1935
1270594 1906
1280526 1978
1290594 1998
1300510 1965
1310511 1924
1340504 2048
1360578 1937
1370578 1980
1380699 2064
1390635 1960
1400623 2067
1410597 1982
1420504 2025
1430719 1956
1440658 2062
1450584 1904
1460696 2095
1480562 1989
1490578 2082
1500706 2072
1510552 2040
1520658 1925
1530510 1912
1550510 1923
1580510 2026
1590603 2033
1600619 1917
1610530 2013
1620504 1989
1630626 1956
1650584 1954
1680510 1953
1690504 1958
1700642 2031
1710629 1962
1720616 2077
1730555 2016
1750632 1965
1760504 2029
1780600 1935
1790504 2028
