84506 77, 5069
86548 79, 5095
88593 64, 5100
90552 74, 5012
92593 68, 5025
96542 69, 5013
98555 75, 5093
102696 64, 5165
104648 71, 5071
106526 72, 5102
108510 65, 5184
110616 72, 5064
112664 69, 5047
114522 70, 5036
116503 74, 5196
118503 75, 5051
120581 66, 5119
124622 69, 5096
128510 69, 5182
130568 60, 5172
132503 73, 5026
136529 69, 5128
138510 75, 5143
140680 74, 5115
142510 63, 5091
144529 72, 5142
148616 63, 5073
150635 67, 5063
152539 77, 5136
154692 64, 5042
156542 62, 5071
160529 68, 5138
162529 72, 5006
164510 65, 5118
168503 70, 5116
172574 74, 5134
174587 75, 5121
176664 69, 5015
178548 76, 5091
180590 71, 5186
182506 76, 5195
184622 63, 5079
186506 66, 5144
190504 79, 5189
192526 69, 5171
194622 61, 5114
196574 60, 5024
198510 62, 5152
204603 75, 5005
206503 70, 5071
208561 65, 5159
210571 72, 5179
214644 67, 5040
216516 72, 5103
218584 60, 5093
220510 66, 5000
222555 62, 5095
224532 71, 5034
226519 66, 5074
230588 79, 5162
232625 65, 5053
234644 66, 5148
236526 66, 5152
240600 71, 5021
242532 62, 5064
244510 61, 5196
246539 66, 5011
248574 77, 5056
250504 61, 5145
252622 68, 5093
254606 68, 5140
256503 64, 5090
258555 62, 5051
260536 60, 5199
262536 77, 5030
264522 64, 5148
266628 64, 5049
268568 79, 5080
272587 67, 5101
274616 79, 5135
278628 69, 5071
280523 60, 5030
284596 71, 5008
286503 79, 5080
288542 68, 5022
292686 65, 5059
294510 75, 5008
296660 68, 5138
300507 62, 5105
302625 77, 5008
304625 69, 5105
308667 60, 5049
310642 76, 5111
312519 74, 5175
314503 73, 5029
316651 71, 5022
318625 61, 5172
320642 66, 5062
322616 60, 5004
324510 60, 5109
326551 73, 5036
330578 62, 5050
332529 73, 5130
334503 67, 5184
336503 62, 5049
338596 68, 5162
340504 64, 5046
342510 79, 5088
344503 76, 5020
346510 71, 5002
348503 71, 5159
352580 76, 5111
356516 71, 5046
358526 77, 5136
360606 72, 5083
362510 77, 5023
364548 76, 5117
366503 71, 5112
370558 72, 5001
372556 77, 5160
374616 74, 5044
376619 67, 5010
378648 70, 5187
380572 60, 5192
384574 65, 5147
386571 67, 5152
388667 61, 5189
390504 76, 5152
392510 78, 5164
396503 72, 5151
398692 71, 5154
400619 74, 5017
402548 66, 5025
404513 63, 5134
406603 65, 5083
408555 66, 5155
410658 73, 5149
412503 73, 5112
414522 63, 5048
416628 74, 5160
418558 62, 5196
420690 67, 5120
422510 70, 5133
424632 61, 5149
426510 79, 5025
428548 75, 5194
430504 67, 5181
432503 72, 5108
434503 71, 5180
440645 73, 5191
442568 64, 5171
444548 63, 5001
446574 69, 5105
448558 78, 5174
450568 72, 5011
452510 61, 5045
454503 78, 5183
456641 71, 5142
458510 65, 5083
460552 71, 5128
464510 67, 5119
470517 63, 5024
472648 65, 5167
476555 60, 5173
478558 75, 5192
480600 61, 5181
482561 78, 5041
484641 66, 5085
490703 72, 5024
492564 64, 5107
494513 69, 5104
498503 65, 5015
500600 72, 5109
506529 63, 5166
508644 78, 5035
510626 66, 5072
514510 75, 5175
518510 64, 5129
520504 63, 5185
522516 79, 5146
524692 64, 5093
528510 64, 5193
530623 75, 5180
534503 78, 5023
538523 72, 5159
540510 63, 5176
542510 75, 5041
544590 75, 5002
546503 67, 5174
548506 75, 5098
550699 64, 5033
554503 60, 5064
558648 74, 5047
560680 64, 5199
562561 67, 5107
564558 60, 5129
566567 72, 5039
570510 78, 5138
572632 77, 5098
576510 73, 5080
578841 75, 5196
582632 70, 5030
584619 67, 5093
590504 72, 5002
592600 65, 5085
594644 76, 5128
596584 78, 5056
598567 69, 5018
600526 66, 5089
604619 69, 5052
606529 74, 5145
610504 71, 5139
612568 74, 5036
614510 67, 5091
616593 62, 5056
618625 60, 5100
620504 75, 5006
622644 73, 5003
624522 74, 5087
626568 76, 5076
628635 76, 5118
630504 75, 5121
632564 76, 5103
638510 74, 5037
642510 75, 5131
644596 69, 5126
646625 72, 5190
648503 70, 5048
650555 71, 5104
656510 70, 5093
658600 76, 5004
660504 79, 5140
664510 72, 5118
666628 67, 5098
668503 61, 5028
670658 68, 5080
672510 61, 5072
674519 62, 5051
676692 62, 5028
678510 72, 5036
682548 61, 5147
686568 62, 5057
688616 60, 5158
690510 64, 5040
692545 70, 5042
694574 74, 5102
696503 67, 5097
700590 74, 5024
706503 78, 5153
710504 70, 5150
712629 61, 5184
716510 76, 5110
718574 69, 5151
720571 68, 5128
722596 62, 5115
724609 67, 5164
726503 65, 5135
728648 65, 5061
730510 76, 5144
732558 66, 5108
734548 69, 5104
736657 75, 5019
738510 76, 5062
740504 71, 5197
742503 61, 5054
744648 64, 5036
748568 79, 5126
750638 78, 5050
752638 78, 5142
754513 62, 5090
756545 74, 5009
758510 62, 5091
760561 78, 5142
762510 75, 5005
764609 60, 5181
766503 68, 5119
768555 78, 5037
770568 63, 5171
772657 62, 5043
774548 79, 5074
776510 73, 5009
778632 71, 5061
780622 77, 5181
782510 69, 5131
784596 76, 5081
786632 76, 5108
788503 74, 5109
790510 60, 5085
794548 65, 5197
798523 77, 5179
800636 73, 5024
804574 69, 5085
806619 69, 5045
808638 76, 5003
810545 76, 5071
812753 66, 5108
814503 77, 5110
816510 61, 5004
824503 72, 5160
826548 60, 5001
828551 61, 5013
830674 62, 5079
832503 78, 5050
834503 69, 5112
836571 65, 5013
838683 75, 5170
840613 66, 5135
842510 72, 5160
846803 75, 5110
848510 76, 5120
850504 67, 5031
852510 61, 5089
854648 73, 5041
860607 60, 5142
862532 74, 5079
864510 76, 5039
868609 61, 5008
870619 76, 5174
872625 67, 5031
874644 68, 5083
876535 71, 5165
878619 77, 5077
880517 64, 5060
886503 76, 5082
888654 60, 5068
890652 67, 5013
894587 65, 5139
896510 78, 5103
900555 69, 5015
906603 68, 5017
908603 74, 5028
910523 69, 5113
912503 64, 5111
914519 72, 5148
916503 67, 5038
918564 61, 5033
920578 72, 5180
922535 68, 5168
924548 66, 5165
928510 74, 5161
932574 73, 5078
934567 60, 5189
936503 67, 5015
938503 68, 5160
942510 79, 5170
944596 71, 5080
946590 71, 5148
948561 68, 5003
950504 61, 5122
954606 63, 5129
956587 68, 5029
958503 65, 5079
960648 67, 5083
962571 67, 5069
964686 64, 5100
972702 71, 5143
976519 74, 5160
978545 76, 5078
980699 67, 5018
982670 66, 5069
984529 67, 5027
986510 72, 5068
988510 60, 5064
990606 74, 5183
996510 70, 5109
1000581 61, 5196
1002680 74, 5160
1006503 60, 5146
1008545 63, 5043
1010510 74, 5079
1012644 67, 5009
1014580 67, 5098
1016503 79, 5088
1020510 69, 5058
1022699 68, 5132
1024503 63, 5125
1026622 67, 5026
1028558 63, 5068
1030504 64, 5030
1032548 78, 5164
1034577 76, 5183
1036657 74, 5098
1038574 65, 5114
1042667 66, 5083
1044529 62, 5018
1046548 78, 5124
1050510 66, 5004
1052577 63, 5093
1054548 61, 5059
1056676 70, 5100
1058635 68, 5040
1060571 68, 5160
1062596 65, 5076
1064555 71, 5196
1066638 62, 5034
1068664 65, 5199
1072654 79, 5075
1074503 71, 5071
1076542 74, 5067
1078619 78, 5141
1080610 72, 5108
1084619 79, 5105
1086503 69, 5092
1088673 72, 5106
1090510 73, 5117
1094574 64, 5028
1098744 79, 5039
1102606 75, 5037
1104564 67, 5001
1106522 61, 5079
1108561 65, 5182
1112612 67, 5057
1114574 72, 5195
1116756 70, 5031
1118503 65, 5048
1120504 67, 5024
1122686 67, 5032
1126628 68, 5173
1128616 64, 5059
1132568 65, 5079
1134510 71, 5179
1136510 60, 5163
1138529 75, 5086
1140651 61, 5075
1142699 69, 5092
1144510 68, 5158
1146664 69, 5044
1150510 71, 5147
1152551 76, 5166
1154503 71, 5171
1158529 68, 5125
1160504 71, 5132
1162503 77, 5156
1164510 61, 5181
1166548 72, 5193
1168625 62, 5074
1170558 68, 5048
1172635 74, 5083
1174516 70, 5105
1176522 65, 5047
1180600 76, 5150
1182628 75, 5061
1184625 72, 5163
1186510 61, 5150
1188503 79, 5090
1192503 66, 5151
1196580 72, 5038
1200626 77, 5027
1202555 61, 5140
1204625 65, 5148
1206568 77, 5011
1208548 78, 5056
1210725 66, 5060
1212510 68, 5168
1214503 72, 5141
1216619 62, 5115
1218616 76, 5197
1226587 72, 5023
1228503 60, 5101
1232529 75, 5078
1234609 77, 5196
1236510 72, 5078
1238568 75, 5064
1240610 60, 5040
1242628 70, 5181
1246503 75, 5164
1248571 76, 5055
1250504 64, 5162
1252503 63, 5169
1254510 60, 5162
1256548 64, 5128
1258548 78, 5060
1260581 76, 5084
1264606 70, 5095
1266692 79, 5003
1268510 75, 5118
1272503 72, 5005
1274503 61, 5067
1278680 77, 5122
1282638 74, 5085
1284529 73, 5151
1286692 76, 5016
1288526 66, 5184
1290635 75, 5043
1292526 66, 5028
1294510 62, 5119
1296612 69, 5179
1300510 73, 5007
1304510 72, 5051
1306510 61, 5082
1308510 72, 5060
1310591 77, 5173
1312510 63, 5167
1314503 61, 5049
1316510 79, 5143
1320575 62, 5087
1324686 66, 5072
1326593 63, 5004
1328555 74, 5175
1332657 74, 5181
1334542 65, 5045
1336545 66, 5092
1338542 65, 5052
1340655 65, 5194
1342622 79, 5067
1344561 69, 5039
1346503 64, 5178
1348612 63, 5112
1350578 72, 5087
1352503 63, 5043
1356603 61, 5171
1358555 75, 5074
1360510 68, 5116
1362635 77, 5053
1368548 60, 5027
1370728 66, 5150
1372510 74, 5053
1374648 74, 5037
1376503 69, 5178
1378529 61, 5160
1380517 76, 5198
1382593 78, 5187
1384702 66, 5069
1386561 67, 5055
1388676 62, 5122
1390590 72, 5037
1392558 75, 5090
1396503 72, 5065
1398625 70, 5126
1400510 60, 5030
1402510 63, 5089
1404510 77, 5005
1406510 78, 5137
1408510 73, 5022
1410655 63, 5093
1412503 70, 5085
1414510 73, 5138
1416593 74, 5180
1418600 60, 5169
1420504 67, 5055
1422609 69, 5055
1424680 75, 5117
1426555 65, 5187
1428510 60, 5186
1436616 75, 5109
1438548 75, 5008
1440571 62, 5066
1444683 71, 5117
1448619 69, 5110
1452513 70, 5035
1454564 62, 5043
1456571 77, 5088
1458510 64, 5041
1460619 77, 5088
1462503 62, 5029
1464568 76, 5066
1466593 63, 5140
1468660 69, 5080
1470555 74, 5197
1472503 72, 5085
1474529 69, 5175
1476635 60, 5155
1478548 76, 5190
1480510 65, 5187
1482510 61, 5030
1484619 69, 5108
1486619 62, 5028
1488603 73, 5082
1490555 74, 5020
1492510 62, 5094
1494529 60, 5189
1496503 78, 5052
1498503 60, 5110
1500555 73, 5077
1502503 63, 5038
1504510 70, 5024
1508510 60, 5022
1512638 64, 5122
1514644 61, 5129
1516526 61, 5047
1518503 69, 5124
1520504 67, 5125
1522503 65, 5048
1526571 65, 5039
1530600 78, 5042
1534603 70, 5138
1536644 66, 5091
1538503 65, 5063
1540552 72, 5126
1544510 66, 5165
1546548 63, 5193
1548612 70, 5085
1550693 64, 5000
1552510 65, 5169
1554635 78, 5192
1556558 66, 5159
1558686 78, 5176
1560651 63, 5009
1562548 69, 5048
1564503 78, 5113
1568529 75, 5095
1570639 78, 5058
1574568 63, 5132
1576596 66, 5156
1578609 68, 5162
1580562 68, 5153
1584503 61, 5087
1586619 79, 5118
1588510 65, 5039
1590565 69, 5040
1596603 74, 5081
1598628 65, 5151
1600504 63, 5162
1602680 62, 5042
1606529 74, 5046
1608510 64, 5045
1610504 60, 5171
1612580 79, 5012
1614644 69, 5140
1616510 62, 5118
1618567 79, 5124
1620658 64, 5120
1622548 74, 5166
1624529 66, 5135
1628503 61, 5091
1630545 68, 5179
1632503 64, 5188
1634529 78, 5116
1636571 76, 5059
1638510 65, 5025
1640648 79, 5172
1642510 67, 5113
1644628 76, 5188
1650510 66, 5074
1654535 65, 5059
1656551 64, 5198
1658616 72, 5198
1662686 63, 5016
1664535 78, 5165
1666708 74, 5169
1670562 71, 5037
1672529 79, 5027
1674571 63, 5059
1678657 63, 5192
1680696 63, 5140
1682506 67, 5173
1684625 78, 5101
1686510 65, 5116
1688503 72, 5111
1690549 71, 5081
1692664 66, 5183
1694689 60, 5038
1696510 76, 5144
1698510 74, 5107
1704622 71, 5178
1706567 78, 5009
1708526 78, 5139
1716568 74, 5049
1718622 68, 5149
1720552 60, 5191
1724503 68, 5176
1728510 77, 5128
1730636 73, 5069
1734600 71, 5149
1736503 71, 5198
1738600 65, 5152
1742510 63, 5102
1744510 68, 5033
1746564 70, 5062
1748612 70, 5173
1750510 75, 5031
1754555 61, 5017
1756609 69, 5147
1758551 74, 5022
1762676 74, 5073
1766600 65, 5044
1770581 75, 5001
1772503 68, 5079
1778555 78, 5004
1782580 66, 5136
1788510 66, 5191
1790533 65, 5164
1792510 61, 5184
1794510 77, 5187
1798503 69, 5027
