85506 3835
90607 3745
95660 3783
100510 3785
105609 3831
110823 3732
125571 3704
130552 3747
135689 3719
140504 3874
145516 3745
155510 3796
160504 3793
165503 3716
170620 3879
175526 3842
180562 3838
185558 3781
190600 3801
195503 3832
200555 3730
205558 3762
210545 3799
215638 3879
220510 3894
225599 3790
230504 3738
235676 3762
240626 3782
245510 3795
250613 3862
270510 3824
275692 3864
280616 3768
290668 3730
295603 3810
300507 3704
305510 3785
310504 3862
315667 3793
320556 3806
325587 3746
330648 3820
335503 3898
340510 3798
345583 3889
355510 3843
360542 3836
375503 3712
380661 3717
385587 3887
390510 3866
395503 3810
400690 3782
405503 3744
410671 3784
415654 3894
420728 3828
425503 3818
430568 3884
445522 3775
450568 3715
455619 3794
460642 3729
465510 3782
470568 3822
475651 3707
480545 3859
485551 3812
490715 3849
495580 3728
505529 3818
525532 3885
530591 3815
535510 3758
540504 3703
545622 3715
550706 3781
555699 3769
560600 3876
565587 3712
575558 3789
590636 3847
595503 3871
600561 3848
605567 3728
615600 3783
620664 3722
630648 3782
640571 3866
650668 3732
655555 3888
660504 3726
665609 3804
670578 3754
675510 3718
680562 3762
685526 3719
690561 3757
700565 3704
710565 3721
715532 3762
720536 3730
725503 3890
730674 3755
735631 3806
740504 3752
745702 3888
750517 3891
755503 3789
760510 3778
770597 3754
775622 3724
780661 3799
790590 3894
795577 3856
800696 3800
805622 3833
810594 3846
815529 3799
820504 3879
825689 3899
830510 3813
835603 3873
840510 3828
845585 3798
860703 3854
865625 3817
875622 3779
880529 3786
885506 3856
890504 3798
895676 3840
900664 3741
905545 3826
915564 3885
920559 3863
930504 3879
935641 3739
940504 3784
950626 3872
955510 3839
965561 3882
970610 3897
975555 3737
980690 3821
985628 3874
990664 3855
1005510 3714
1010533 3854
1015503 3878
1030510 3754
1035503 3726
1040555 3781
1045510 3859
1055574 3791
1060603 3865
1065503 3742
1070629 3833
1075532 3733
1080504 3811
1090510 3866
1100549 3844
1105551 3875
1145510 3730
1150626 3782
1155615 3711
1160510 3738
1175510 3899
1180510 3874
1185532 3868
1190510 3702
1195625 3708
1200555 3738
1205603 3840
1210555 3788
1215635 3844
1220607 3742
1225510 3742
1230587 3705
1235593 3882
1240504 3847
1245574 3810
1250603 3878
1255510 3887
1260510 3766
1265510 3710
1270594 3763
1275510 3886
1280619 3879
1285558 3739
1295503 3750
1300510 3749
1305510 3767
1320613 3862
1330565 3795
1340504 3785
1345593 3876
1350510 3729
1360584 3894
1365673 3764
1370607 3897
1375561 3752
1390510 3750
1395657 3855
1400504 3773
1410504 3885
1415503 3744
1425532 3800
1430504 3749
1435619 3889
1440642 3722
1450642 3747
1455503 3888
1460555 3716
1465606 3881
1470504 3813
1475708 3819
1480635 3817
1485510 3744
1490504 3724
1495564 3795
1500526 3869
1505561 3821
1510545 3823
1515510 3792
1520581 3763
1530629 3894
1535728 3876
1540552 3885
1545503 3899
1550562 3831
1555702 3846
1560616 3702
1565603 3715
1570581 3814
1580552 3757
1585696 3872
1590504 3880
1600504 3815
1605708 3839
1610568 3803
1615596 3748
1625510 3867
1630545 3794
1635510 3867
1645632 3842
1650565 3833
1655510 3798
1660510 3857
1665638 3836
1670555 3747
1675567 3799
1685503 3895
1695596 3871
1705510 3733
1715539 3797
1720571 3890
1730504 3750
1740558 3876
1745593 3875
1750504 3814
1755548 3751
1760575 3806
1765510 3808
1775522 3733
1780719 3798
1790664 3750
