86329 3803
101557 3869
106200 3744
111139 3824
121103 3819
126275 3851
136399 3785
141190 3701
146083 3711
156207 3751
161313 3800
166075 3831
171575 3826
175909 3892
196234 3784
201110 3781
210957 3846
216346 3727
221110 3847
226465 3858
231101 3891
236207 3870
241088 3836
246091 3874
251275 3765
261337 3778
265849 3780
271268 3873
296068 3857
301160 3765
306007 3853
311058 3832
321049 3885
331127 3869
336102 3851
346038 3865
351243 3846
355941 3850
361322 3781
365967 3712
371315 3885
376240 3702
381029 3890
386138 3729
391225 3865
395979 3833
411100 3789
416043 3853
420901 3836
431178 3879
436104 3737
441279 3879
446189 3740
451118 3888
461372 3772
470997 3724
476010 3721
481253 3846
486018 3720
500837 3807
506115 3821
526140 3857
536088 3899
546058 3774
556090 3704
581064 3836
596184 3840
601147 3849
606074 3808
611098 3855
621057 3841
626256 3830
636176 3750
640986 3814
656071 3774
661073 3883
666059 3798
676082 3899
681331 3718
685997 3882
690875 3867
701134 3728
706009 3725
716102 3818
726058 3814
736082 3736
746125 3816
751246 3795
756028 3763
761116 3787
766022 3709
771217 3894
776152 3815
786041 3783
795978 3877
801182 3863
806144 3784
816020 3837
821086 3754
826041 3702
830980 3899
836143 3824
841142 3890
845895 3849
856110 3886
861309 3758
866054 3747
876072 3832
881116 3873
885991 3793
896436 3795
906243 3817
910992 3736
916044 3848
921154 3780
925895 3733
931138 3797
936269 3749
941006 3770
946120 3763
951299 3800
960965 3724
965926 3809
976220 3729
981177 3782
985782 3825
991132 3791
1001132 3803
1005809 3728
1011002 3791
1021061 3870
1026033 3816
1031071 3803
1041189 3857
1046075 3812
1051199 3874
1061132 3751
1066145 3839
1071100 3787
1086018 3864
1091089 3792
1096117 3862
1101080 3720
1105936 3708
1111110 3749
1116252 3786
1131044 3814
1136101 3899
1146141 3816
1151232 3876
1156006 3888
1161107 3817
1166124 3751
1171050 3760
1176129 3822
1191126 3703
1195998 3825
1206146 3806
1211053 3812
1215904 3798
1226109 3814
1231086 3816
1236111 3885
1241094 3761
1251190 3849
1256081 3880
1260974 3808
1265926 3729
1271084 3839
1275993 3854
1281227 3779
1286150 3807
1291124 3773
1301050 3801
1306125 3834
1311190 3820
1316076 3793
1325947 3859
1331190 3805
1336022 3830
1341067 3802
1346047 3709
1350981 3795
1356072 3801
1361162 3862
1366044 3716
1371161 3879
1376153 3814
1386060 3728
1396072 3752
1401393 3745
1406091 3814
1411082 3755
1416042 3882
1421012 3862
1425870 3875
1431211 3770
1435952 3888
1441150 3709
1446023 3877
1451145 3739
1456215 3832
1466147 3883
1471177 3859
1475970 3811
1486052 3711
1491255 3828
1495993 3831
1500991 3874
1505990 3878
1511126 3802
1516097 3740
1521093 3806
1526006 3797
1536136 3736
1546152 3802
1555984 3833
1565871 3801
1575994 3818
1581100 3876
1586148 3723
1591128 3721
1601141 3893
1606208 3898
1611201 3835
1616104 3811
1621151 3888
1626123 3844
1631097 3712
1636028 3804
1651056 3830
1661153 3770
1666011 3771
1671076 3800
1681062 3780
1685972 3852
1696174 3838
1700996 3800
1706066 3710
1716086 3836
1726016 3704
1731005 3743
1736077 3864
1741044 3872
1751015 3721
1756159 3785
1761303 3840
1766219 3709
1781205 3880
1786045 3735
1791037 3792
1796213 3751
