85590 3886
90507 3894
95519 3837
100606 3791
110539 3741
115532 3836
120613 3783
125503 3883
135609 3702
140597 3823
150526 3800
155568 3891
160510 3891
165503 3834
175510 3893
185596 3797
190651 3884
195692 3836
205532 3851
210504 3803
215510 3863
220510 3703
225510 3708
230723 3831
240504 3844
245603 3817
250629 3715
255503 3828
260507 3895
270639 3852
280523 3773
290504 3774
300552 3893
305558 3817
315510 3786
320584 3712
325551 3757
335555 3872
340510 3776
350504 3817
355503 3839
360504 3820
365510 3877
370635 3705
380504 3751
385503 3818
390504 3872
400648 3898
405625 3732
410635 3861
415503 3759
420510 3737
430699 3792
435595 3764
445522 3859
450504 3792
455542 3849
460545 3810
465503 3830
470568 3773
475503 3772
480632 3866
485676 3752
490520 3757
495622 3825
500594 3767
510510 3814
515506 3727
520510 3888
525510 3817
540552 3805
545503 3774
555596 3719
565551 3842
570558 3890
575564 3711
585571 3877
590510 3742
600683 3724
610504 3742
615532 3899
625503 3754
630709 3799
640504 3831
645638 3701
650510 3800
655555 3786
665567 3762
670504 3858
675510 3749
680555 3887
685510 3807
695590 3783
700504 3827
705510 3798
710536 3847
715510 3778
720504 3800
730639 3844
745532 3886
750510 3805
755619 3719
765510 3761
775503 3834
780616 3821
785612 3799
790568 3801
795551 3759
800504 3894
815503 3799
820561 3816
825555 3774
835603 3830
855503 3805
860565 3887
865503 3754
870529 3828
875503 3746
880690 3742
885506 3851
890613 3801
905580 3704
910510 3738
915503 3843
920655 3830
925587 3797
930545 3710
935545 3868
940504 3729
945603 3792
950504 3751
960687 3850
975510 3843
980504 3847
995510 3787
1000552 3822
1005551 3705
1010533 3819
1015503 3796
1020558 3813
1025590 3861
1035510 3761
1040504 3717
1045593 3863
1050654 3707
1055593 3822
1060603 3715
1065551 3711
1070504 3810
1075577 3867
1080568 3809
1085510 3771
1090626 3813
1095644 3762
1105606 3815
1110549 3826
1115532 3820
1120504 3892
1125510 3755
1130552 3802
1135551 3839
1145503 3882
1155641 3773
1160510 3787
1165635 3879
1170510 3791
1175510 3807
1180658 3788
1185503 3868
1190504 3803
1195513 3873
1200542 3742
1205558 3766
1215551 3794
1220642 3803
1225510 3736
1230638 3722
1235555 3882
1245612 3750
1250648 3872
1255596 3787
1260613 3833
1265503 3701
1270664 3718
1280626 3857
1285660 3889
1290587 3888
1295532 3707
1300622 3770
1305632 3778
1310600 3757
1315644 3783
1325503 3716
1330671 3761
1335606 3746
1340510 3857
1345510 3880
1350661 3749
1355510 3858
1360623 3843
1370578 3843
1375561 3846
1380517 3710
1385657 3712
1390603 3774
1395510 3721
1400571 3782
1405555 3822
1410687 3753
1420542 3884
1425561 3815
1430533 3736
1435503 3893
1445603 3821
1450731 3790
1455503 3748
1460510 3793
1465571 3863
1470571 3803
1475574 3794
1480510 3734
1485564 3805
1500565 3785
1510571 3780
1515526 3810
1530642 3836
1535551 3756
1540539 3824
1545503 3735
1550597 3856
1555532 3791
1560510 3745
1565503 3829
1570526 3817
1580504 3788
1585568 3790
1590581 3837
1600545 3850
1615596 3767
1620558 3772
1625580 3730
1630545 3713
1635644 3897
1640559 3796
1645612 3809
1650504 3876
1655580 3742
1660510 3815
1665545 3781
1670510 3865
1675510 3885
1680545 3834
1685510 3852
1695503 3759
1700667 3880
1705503 3816
1710613 3830
1715571 3798
1720510 3718
1725539 3818
1735583 3796
1740504 3717
1750587 3708
1755580 3898
1760581 3877
1765590 3792
1770526 3712
1775545 3840
1780594 3878
1790504 3710
