101264 1955
140727 2009
171010 2076
180925 2040
191188 1940
200974 1990
210896 2089
231008 1955
240830 1946
250822 2055
280938 2073
301051 1971
320842 1977
330666 1973
340761 2097
351099 2043
360900 2055
370888 1974
380959 2029
391151 2022
400860 2014
411222 2016
430811 2063
440982 1964
450870 1933
460681 2000
470847 2047
481097 1972
500817 1957
510911 2056
520788 2072
531082 2024
551228 1966
560894 1914
581056 1970
590913 1978
600954 2041
620880 2062
630689 2050
660843 1975
670784 2055
680906 1993
690608 1933
720892 1982
730790 1937
741411 2017
760557 2077
770707 2016
780918 1937
801135 2048
811118 1902
820533 2000
840966 2090
860780 1983
880914 1921
890968 1933
900658 1996
910585 1983
920887 1951
930869 1914
950955 1962
960866 1982
970801 1985
981052 2098
1001008 1932
1010703 2021
1020936 1975
1040989 2043
1051131 1904
1061011 1917
1080854 2021
1130844 1937
1150789 2020
1170813 2027
1201000 1949
1210712 2026
1220781 2023
1230976 1963
1250856 1945
1260895 1987
1271005 1964
1281170 2003
1291053 2047
1300882 2059
1310888 2022
1320862 1905
1330871 1978
1340768 2047
1350801 2064
1361005 2017
1371108 1969
1401329 2005
1410941 1987
1420672 1917
1460790 2083
1470766 2068
1480688 1944
1491174 1902
1500794 1992
1510964 2042
1521002 2087
1540932 2022
1550841 2041
1570551 1989
1581003 1923
1590869 1941
1601023 1983
1610851 1992
1620887 1977
1630961 2055
1640731 2082
1650988 1918
1661033 1930
1670980 2042
1680810 2094
1690967 1955
1710925 1991
1721037 2081
1730945 1915
1740875 2023
1751011 1936
1770868 2009
1780972 2071
