PH, moisture
82000, 70, 5002
84000, 70, 5012
86000, 64, 5171
88000, 79, 5144
90000, 69, 5137
92000, 69, 5114
94000, 64, 5160
96000, 63, 5037
98000, 62, 5195
100000, 77, 5020
102000, 79, 5008
104000, 67, 5078
106000, 61, 5116
108000, 62, 5027
110000, 67, 5077
112000, 76, 5175
114000, 65, 5110
116000, 70, 5143
118000, 74, 5089
120000, 79, 5102
122000, 67, 5014
124000, 78, 5171
126000, 67, 5168
128000, 69, 5137
130000, 75, 5046
132000, 60, 5044
134000, 73, 5133
136000, 66, 5141
138000, 62, 5003
140000, 62, 5041
142000, 62, 5149
144000, 76, 5103
146000, 69, 5140
148000, 60, 5081
150000, 79, 5092
152000, 70, 5184
154000, 65, 5103
156000, 60, 5159
158000, 73, 5073
160000, 78, 5187
162000, 79, 5011
164000, 73, 5079
166000, 65, 5035
168000, 72, 5050
170000, 65, 5086
172000, 70, 5097
174000, 66, 5072
176000, 78, 5192
178000, 73, 5167
180000, 66, 5087
182000, 70, 5001
184000, 73, 5175
186000, 64, 5060
188000, 69, 5153
190000, 79, 5135
192000, 66, 5067
194000, 70, 5151
196000, 69, 5051
198000, 63, 5112
200000, 65, 5166
202000, 77, 5024
204000, 66, 5176
206000, 60, 5019
208000, 66, 5150
210000, 75, 5102
212000, 71, 5129
214000, 74, 5151
216000, 71, 5136
218000, 65, 5147
220000, 67, 5075
222000, 70, 5153
224000, 74, 5100
226000, 61, 5149
228000, 66, 5055
230000, 62, 5189
232000, 75, 5082
234000, 78, 5122
236000, 67, 5142
238000, 62, 5168
240000, 64, 5170
242000, 64, 5018
244000, 72, 5035
246000, 70, 5154
248000, 61, 5161
250000, 75, 5120
252000, 72, 5160
254000, 75, 5046
256000, 71, 5014
258000, 67, 5060
260000, 72, 5134
262000, 72, 5083
264000, 78, 5052
266000, 67, 5049
268000, 78, 5084
270000, 68, 5098
272000, 63, 5134
274000, 60, 5170
276000, 66, 5123
278000, 62, 5058
280000, 73, 5135
282000, 78, 5150
284000, 60, 5178
286000, 79, 5165
288000, 76, 5153
290000, 69, 5037
292000, 60, 5043
294000, 79, 5163
296000, 66, 5130
298000, 65, 5114
300000, 72, 5015
302000, 66, 5118
304000, 63, 5156
306000, 73, 5114
308000, 60, 5089
310000, 76, 5185
312000, 63, 5017
314000, 70, 5118
316000, 69, 5148
318000, 71, 5056
320000, 77, 5095
322000, 76, 5164
324000, 60, 5169
326000, 68, 5080
328000, 72, 5104
330000, 77, 5194
332000, 65, 5176
334000, 65, 5006
336000, 64, 5164
338000, 61, 5132
340000, 60, 5018
342000, 60, 5012
344000, 74, 5020
346000, 69, 5165
348000, 60, 5166
350000, 60, 5163
352000, 75, 5179
354000, 65, 5117
356000, 74, 5112
358000, 72, 5106
360000, 72, 5003
362000, 78, 5161
364000, 73, 5059
366000, 65, 5119
368000, 75, 5103
370000, 74, 5056
372000, 69, 5149
374000, 72, 5088
376000, 73, 5172
378000, 76, 5030
380000, 72, 5128
382000, 75, 5028
384000, 73, 5177
386000, 73, 5068
388000, 70, 5069
390000, 67, 5088
392000, 60, 5112
394000, 65, 5127
396000, 74, 5096
398000, 67, 5107
400000, 79, 5110
402000, 75, 5002
404000, 76, 5071
406000, 71, 5057
408000, 78, 5015
410000, 75, 5022
412000, 76, 5097
414000, 64, 5103
416000, 64, 5110
418000, 67, 5156
420000, 78, 5046
422000, 78, 5009
424000, 60, 5145
426000, 67, 5125
428000, 60, 5115
430000, 75, 5124
432000, 77, 5010
434000, 67, 5001
436000, 72, 5130
438000, 65, 5164
440000, 74, 5180
442000, 65, 5123
444000, 66, 5025
446000, 64, 5001
448000, 71, 5017
450000, 63, 5087
452000, 73, 5098
454000, 65, 5119
456000, 77, 5146
458000, 71, 5009
460000, 71, 5132
462000, 60, 5192
464000, 68, 5177
466000, 60, 5106
468000, 67, 5073
470000, 70, 5188
472000, 62, 5137
474000, 74, 5195
476000, 64, 5031
478000, 75, 5153
480000, 63, 5034
482000, 61, 5045
484000, 72, 5167
486000, 78, 5032
488000, 69, 5158
490000, 79, 5145
492000, 74, 5178
494000, 67, 5133
496000, 64, 5069
498000, 75, 5047
500000, 60, 5057
502000, 61, 5069
504000, 62, 5196
506000, 76, 5124
508000, 77, 5158
510000, 76, 5009
512000, 73, 5026
514000, 60, 5114
516000, 65, 5034
518000, 68, 5193
520000, 72, 5131
522000, 68, 5097
524000, 60, 5024
526000, 61, 5151
528000, 72, 5027
530000, 70, 5053
532000, 69, 5191
534000, 77, 5090
536000, 68, 5077
538000, 62, 5182
540000, 73, 5160
542000, 78, 5059
544000, 61, 5006
546000, 74, 5065
548000, 66, 5104
550000, 79, 5098
552000, 63, 5104
554000, 63, 5137
556000, 73, 5048
558000, 71, 5154
560000, 74, 5115
562000, 76, 5087
564000, 67, 5140
566000, 75, 5042
568000, 63, 5083
570000, 60, 5124
572000, 77, 5061
574000, 69, 5001
576000, 70, 5084
578000, 78, 5006
580000, 65, 5139
582000, 75, 5127
584000, 72, 5108
586000, 79, 5080
588000, 78, 5157
590000, 66, 5111
592000, 72, 5043
594000, 72, 5198
596000, 75, 5063
598000, 70, 5113
600000, 78, 5195
602000, 66, 5180
604000, 70, 5126
606000, 78, 5182
608000, 77, 5153
610000, 74, 5182
612000, 78, 5162
614000, 60, 5089
616000, 63, 5077
618000, 76, 5142
620000, 61, 5105
622000, 60, 5128
624000, 72, 5175
626000, 67, 5156
628000, 74, 5083
630000, 73, 5041
632000, 77, 5162
634000, 62, 5026
636000, 79, 5065
638000, 73, 5048
640000, 65, 5074
642000, 77, 5133
644000, 69, 5080
646000, 69, 5085
648000, 63, 5031
650000, 69, 5129
652000, 79, 5074
654000, 74, 5001
656000, 66, 5107
658000, 61, 5133
660000, 68, 5169
662000, 72, 5152
664000, 63, 5195
666000, 65, 5031
668000, 77, 5160
670000, 66, 5182
672000, 69, 5018
674000, 74, 5060
676000, 62, 5082
678000, 67, 5045
680000, 77, 5067
682000, 68, 5089
684000, 63, 5035
686000, 63, 5181
688000, 70, 5135
690000, 79, 5039
692000, 77, 5085
694000, 63, 5189
696000, 72, 5056
698000, 72, 5198
700000, 71, 5195
702000, 79, 5156
704000, 75, 5117
706000, 77, 5120
708000, 68, 5053
710000, 66, 5040
712000, 76, 5097
714000, 75, 5131
716000, 77, 5074
718000, 63, 5194
720000, 61, 5172
722000, 67, 5084
724000, 65, 5154
726000, 68, 5046
728000, 77, 5097
730000, 67, 5134
732000, 65, 5070
734000, 70, 5040
736000, 79, 5097
738000, 74, 5195
740000, 70, 5088
742000, 71, 5046
744000, 79, 5038
746000, 65, 5155
748000, 74, 5156
750000, 64, 5048
752000, 72, 5184
754000, 65, 5185
756000, 62, 5119
758000, 78, 5152
760000, 66, 5174
762000, 67, 5039
764000, 72, 5007
766000, 73, 5051
768000, 61, 5088
770000, 68, 5011
772000, 79, 5168
774000, 78, 5091
776000, 63, 5075
778000, 79, 5180
780000, 67, 5178
782000, 77, 5184
784000, 76, 5096
786000, 63, 5075
788000, 75, 5197
790000, 79, 5182
792000, 61, 5156
794000, 74, 5064
796000, 75, 5141
798000, 79, 5060
800000, 68, 5121
802000, 67, 5166
804000, 65, 5140
806000, 75, 5159
808000, 78, 5000
810000, 74, 5059
812000, 65, 5192
814000, 68, 5085
816000, 66, 5056
818000, 74, 5087
820000, 64, 5061
822000, 77, 5092
824000, 62, 5031
826000, 78, 5184
828000, 77, 5181
830000, 79, 5142
832000, 75, 5016
834000, 68, 5169
836000, 64, 5076
838000, 77, 5053
840000, 63, 5066
842000, 62, 5080
844000, 61, 5043
846000, 66, 5178
848000, 66, 5066
850000, 62, 5187
852000, 61, 5113
854000, 65, 5054
856000, 63, 5069
858000, 73, 5104
860000, 76, 5073
862000, 65, 5177
864000, 76, 5138
866000, 69, 5003
868000, 62, 5080
870000, 71, 5086
872000, 62, 5187
874000, 70, 5015
876000, 74, 5170
878000, 79, 5125
880000, 64, 5167
882000, 61, 5075
884000, 72, 5149
886000, 64, 5108
888000, 72, 5194
890000, 71, 5017
892000, 74, 5156
894000, 77, 5086
896000, 60, 5002
898000, 70, 5118
900000, 68, 5132
902000, 66, 5002
904000, 66, 5002
906000, 69, 5044
908000, 68, 5028
910000, 73, 5108
912000, 79, 5199
914000, 66, 5140
916000, 69, 5052
918000, 77, 5167
920000, 62, 5093
922000, 77, 5100
924000, 64, 5157
926000, 74, 5038
928000, 68, 5099
930000, 64, 5085
932000, 73, 5158
934000, 70, 5148
936000, 77, 5143
938000, 64, 5026
940000, 61, 5078
942000, 70, 5154
944000, 62, 5141
946000, 66, 5057
948000, 64, 5111
950000, 74, 5029
952000, 68, 5139
954000, 76, 5051
956000, 60, 5107
958000, 67, 5043
960000, 77, 5087
962000, 77, 5037
964000, 69, 5193
966000, 74, 5195
968000, 66, 5091
970000, 64, 5047
972000, 68, 5017
974000, 63, 5184
976000, 66, 5103
978000, 70, 5195
980000, 63, 5155
982000, 67, 5197
984000, 64, 5126
986000, 73, 5027
988000, 68, 5067
990000, 73, 5086
992000, 72, 5106
994000, 75, 5140
996000, 67, 5118
998000, 69, 5030
1000000, 75, 5148
1002000, 68, 5169
1004000, 60, 5095
1006000, 79, 5016
1008000, 77, 5012
1010000, 68, 5141
1012000, 73, 5019
1014000, 78, 5133
1016000, 60, 5091
1018000, 73, 5084
1020000, 65, 5176
1022000, 79, 5008
1024000, 72, 5131
1026000, 72, 5031
1028000, 75, 5176
1030000, 72, 5115
1032000, 66, 5079
1034000, 72, 5153
1036000, 73, 5033
1038000, 74, 5158
1040000, 62, 5130
1042000, 72, 5074
1044000, 62, 5137
1046000, 70, 5180
1048000, 63, 5125
1050000, 69, 5070
1052000, 64, 5125
1054000, 62, 5125
1056000, 70, 5003
1058000, 70, 5045
1060000, 67, 5137
1062000, 74, 5184
1064000, 64, 5027
1066000, 79, 5018
1068000, 67, 5172
1070000, 70, 5177
1072000, 60, 5017
1074000, 72, 5105
1076000, 74, 5150
1078000, 75, 5070
1080000, 76, 5186
1082000, 69, 5005
1084000, 67, 5124
1086000, 61, 5135
1088000, 71, 5139
1090000, 70, 5035
1092000, 70, 5065
1094000, 61, 5055
1096000, 79, 5076
1098000, 73, 5036
1100000, 73, 5199
1102000, 69, 5124
1104000, 67, 5057
1106000, 72, 5150
1108000, 63, 5033
1110000, 63, 5015
1112000, 63, 5021
1114000, 64, 5154
1116000, 64, 5008
1118000, 62, 5169
1120000, 78, 5167
1122000, 60, 5085
1124000, 76, 5117
1126000, 65, 5071
1128000, 75, 5027
1130000, 73, 5179
1132000, 75, 5126
1134000, 70, 5107
1136000, 62, 5171
1138000, 60, 5008
1140000, 62, 5159
1142000, 61, 5056
1144000, 73, 5132
1146000, 62, 5079
1148000, 78, 5118
1150000, 70, 5150
1152000, 72, 5130
1154000, 78, 5036
1156000, 69, 5121
1158000, 70, 5166
1160000, 77, 5081
1162000, 67, 5101
1164000, 61, 5175
1166000, 63, 5190
1168000, 66, 5062
1170000, 64, 5020
1172000, 75, 5019
1174000, 61, 5166
1176000, 69, 5102
1178000, 69, 5045
1180000, 61, 5154
1182000, 64, 5195
1184000, 71, 5117
1186000, 78, 5157
1188000, 67, 5109
1190000, 70, 5118
1192000, 65, 5105
1194000, 77, 5071
1196000, 68, 5084
1198000, 61, 5074
1200000, 63, 5102
1202000, 76, 5093
1204000, 79, 5058
1206000, 76, 5017
1208000, 63, 5170
1210000, 60, 5179
1212000, 65, 5047
1214000, 61, 5102
1216000, 61, 5071
1218000, 74, 5153
1220000, 62, 5014
1222000, 77, 5135
1224000, 77, 5010
1226000, 69, 5088
1228000, 78, 5085
1230000, 67, 5053
1232000, 67, 5091
1234000, 66, 5052
1236000, 65, 5071
1238000, 72, 5122
1240000, 65, 5076
1242000, 70, 5139
1244000, 72, 5049
1246000, 67, 5045
1248000, 73, 5119
1250000, 61, 5062
1252000, 68, 5020
1254000, 65, 5051
1256000, 66, 5063
1258000, 72, 5178
1260000, 69, 5033
1262000, 75, 5142
1264000, 60, 5007
1266000, 76, 5117
1268000, 65, 5112
1270000, 70, 5139
1272000, 64, 5147
1274000, 64, 5174
1276000, 73, 5093
1278000, 72, 5060
1280000, 67, 5135
1282000, 73, 5196
1284000, 70, 5187
1286000, 77, 5043
1288000, 66, 5179
1290000, 79, 5194
1292000, 60, 5115
1294000, 66, 5094
1296000, 77, 5108
1298000, 77, 5119
1300000, 79, 5079
1302000, 74, 5134
1304000, 78, 5166
1306000, 79, 5083
1308000, 64, 5100
1310000, 78, 5016
1312000, 77, 5118
1314000, 79, 5100
1316000, 62, 5126
1318000, 64, 5077
1320000, 62, 5052
1322000, 76, 5098
1324000, 69, 5074
1326000, 78, 5077
1328000, 69, 5178
1330000, 72, 5003
1332000, 77, 5091
1334000, 78, 5072
1336000, 74, 5034
1338000, 68, 5014
1340000, 74, 5095
1342000, 68, 5084
1344000, 71, 5133
1346000, 73, 5068
1348000, 73, 5122
1350000, 63, 5013
1352000, 66, 5034
1354000, 68, 5146
1356000, 61, 5078
1358000, 77, 5091
1360000, 60, 5178
1362000, 65, 5102
1364000, 75, 5078
1366000, 71, 5123
1368000, 74, 5022
1370000, 60, 5056
1372000, 65, 5113
1374000, 62, 5084
1376000, 60, 5104
1378000, 72, 5047
1380000, 70, 5150
1382000, 67, 5062
1384000, 76, 5071
1386000, 60, 5180
1388000, 65, 5028
1390000, 60, 5050
1392000, 65, 5078
1394000, 68, 5141
1396000, 68, 5175
1398000, 79, 5176
1400000, 70, 5136
1402000, 60, 5087
1404000, 65, 5127
1406000, 69, 5052
1408000, 65, 5056
1410000, 67, 5141
1412000, 73, 5113
1414000, 76, 5154
1416000, 67, 5051
1418000, 71, 5126
1420000, 64, 5142
1422000, 70, 5189
1424000, 62, 5010
1426000, 67, 5110
1428000, 70, 5155
1430000, 78, 5028
1432000, 68, 5182
1434000, 76, 5030
1436000, 66, 5042
1438000, 60, 5178
1440000, 79, 5168
1442000, 67, 5178
1444000, 74, 5063
1446000, 74, 5043
1448000, 71, 5199
1450000, 63, 5140
1452000, 77, 5065
1454000, 79, 5048
1456000, 72, 5126
1458000, 62, 5184
1460000, 70, 5160
1462000, 61, 5025
1464000, 61, 5054
1466000, 77, 5124
1468000, 68, 5127
1470000, 75, 5082
1472000, 69, 5100
1474000, 60, 5151
1476000, 72, 5060
1478000, 77, 5114
1480000, 65, 5122
1482000, 67, 5196
1484000, 68, 5100
1486000, 64, 5012
1488000, 67, 5162
1490000, 78, 5108
1492000, 75, 5078
1494000, 77, 5193
1496000, 71, 5133
1498000, 75, 5104
1500000, 64, 5126
1502000, 77, 5125
1504000, 79, 5028
1506000, 75, 5082
1508000, 74, 5089
1510000, 61, 5126
1512000, 63, 5153
1514000, 73, 5107
1516000, 75, 5132
1518000, 69, 5065
1520000, 72, 5019
1522000, 77, 5158
1524000, 65, 5109
1526000, 62, 5035
1528000, 74, 5024
1530000, 79, 5017
1532000, 67, 5128
1534000, 70, 5167
1536000, 60, 5008
1538000, 63, 5164
1540000, 78, 5104
1542000, 68, 5049
1544000, 73, 5189
1546000, 71, 5077
1548000, 74, 5199
1550000, 67, 5125
1552000, 76, 5177
1554000, 60, 5178
1556000, 79, 5180
1558000, 71, 5189
1560000, 61, 5154
1562000, 72, 5139
1564000, 60, 5010
1566000, 79, 5076
1568000, 60, 5051
1570000, 74, 5019
1572000, 64, 5042
1574000, 60, 5186
1576000, 79, 5087
1578000, 67, 5144
1580000, 67, 5128
1582000, 63, 5188
1584000, 78, 5177
1586000, 75, 5068
1588000, 73, 5155
1590000, 61, 5174
1592000, 72, 5033
1594000, 64, 5130
1596000, 63, 5103
1598000, 77, 5011
1600000, 73, 5084
1602000, 66, 5164
1604000, 70, 5053
1606000, 64, 5120
1608000, 64, 5020
1610000, 66, 5089
1612000, 65, 5167
1614000, 64, 5198
1616000, 79, 5099
1618000, 78, 5105
1620000, 73, 5107
1622000, 71, 5046
1624000, 75, 5047
1626000, 64, 5006
1628000, 72, 5053
1630000, 73, 5001
1632000, 65, 5007
1634000, 75, 5156
1636000, 73, 5177
1638000, 69, 5166
1640000, 71, 5062
1642000, 62, 5119
1644000, 75, 5060
1646000, 61, 5153
1648000, 61, 5165
1650000, 70, 5012
1652000, 72, 5143
1654000, 75, 5149
1656000, 79, 5171
1658000, 68, 5018
1660000, 79, 5000
1662000, 66, 5097
1664000, 73, 5043
1666000, 79, 5174
1668000, 63, 5035
1670000, 76, 5031
1672000, 65, 5035
1674000, 75, 5016
1676000, 64, 5145
1678000, 75, 5136
1680000, 77, 5053
1682000, 65, 5009
1684000, 68, 5180
1686000, 72, 5151
1688000, 75, 5109
1690000, 67, 5092
1692000, 76, 5144
1694000, 78, 5166
1696000, 65, 5015
1698000, 74, 5121
1700000, 64, 5003
1702000, 67, 5147
1704000, 63, 5152
1706000, 79, 5047
1708000, 79, 5147
1710000, 68, 5112
1712000, 66, 5053
1714000, 61, 5050
1716000, 68, 5000
1718000, 67, 5103
1720000, 74, 5184
1722000, 74, 5105
1724000, 63, 5133
1726000, 78, 5090
1728000, 61, 5077
1730000, 73, 5143
1732000, 61, 5188
1734000, 62, 5189
1736000, 63, 5033
1738000, 63, 5120
1740000, 66, 5095
1742000, 63, 5071
1744000, 60, 5097
1746000, 64, 5133
1748000, 73, 5032
1750000, 60, 5110
1752000, 76, 5127
1754000, 71, 5085
1756000, 70, 5107
1758000, 75, 5119
1760000, 63, 5140
1762000, 74, 5118
1764000, 66, 5160
1766000, 65, 5078
1768000, 77, 5097
1770000, 78, 5169
1772000, 73, 5004
1774000, 68, 5004
1776000, 76, 5081
1778000, 72, 5181
1780000, 73, 5142
1782000, 61, 5126
1784000, 72, 5150
1786000, 76, 5115
1788000, 67, 5001
1790000, 65, 5037
1792000, 69, 5160
1794000, 71, 5051
1796000, 72, 5052
1798000, 60, 5022
