PH, moisture
82000, 74, 5013
84000, 70, 5116
86000, 76, 5124
88000, 78, 5038
90000, 63, 5095
92000, 74, 5022
94000, 78, 5037
96000, 60, 5136
98000, 65, 5006
100000, 71, 5130
102000, 73, 5025
104000, 62, 5064
106000, 65, 5054
108000, 78, 5035
110000, 60, 5080
112000, 77, 5137
114000, 63, 5158
116000, 75, 5044
118000, 79, 5198
120000, 77, 5183
122000, 71, 5102
124000, 76, 5116
126000, 66, 5059
128000, 61, 5015
130000, 70, 5107
132000, 73, 5134
134000, 60, 5158
136000, 73, 5073
138000, 75, 5154
140000, 63, 5115
142000, 75, 5054
144000, 77, 5100
146000, 61, 5075
148000, 71, 5109
150000, 61, 5105
152000, 69, 5116
154000, 66, 5182
156000, 64, 5085
158000, 65, 5187
160000, 79, 5181
162000, 70, 5172
164000, 63, 5175
166000, 79, 5064
168000, 64, 5133
170000, 75, 5111
172000, 77, 5063
174000, 77, 5116
176000, 66, 5131
178000, 68, 5115
180000, 61, 5139
182000, 60, 5051
184000, 79, 5041
186000, 63, 5192
188000, 70, 5044
190000, 63, 5085
192000, 76, 5072
194000, 68, 5023
196000, 79, 5076
198000, 63, 5106
200000, 75, 5060
202000, 79, 5176
204000, 64, 5195
206000, 64, 5133
208000, 75, 5067
210000, 66, 5002
212000, 61, 5052
214000, 63, 5177
216000, 78, 5046
218000, 77, 5044
220000, 75, 5127
222000, 69, 5004
224000, 61, 5119
226000, 61, 5051
228000, 73, 5190
230000, 61, 5071
232000, 77, 5014
234000, 70, 5115
236000, 66, 5026
238000, 68, 5019
240000, 63, 5050
242000, 75, 5034
244000, 65, 5041
246000, 62, 5034
248000, 64, 5000
250000, 73, 5066
252000, 77, 5070
254000, 76, 5083
256000, 62, 5109
258000, 63, 5044
260000, 60, 5050
262000, 71, 5117
264000, 70, 5053
266000, 72, 5069
268000, 66, 5046
270000, 66, 5178
272000, 66, 5107
274000, 75, 5165
276000, 77, 5147
278000, 63, 5080
280000, 79, 5090
282000, 66, 5156
284000, 75, 5141
286000, 61, 5060
288000, 76, 5162
290000, 79, 5057
292000, 76, 5131
294000, 71, 5056
296000, 74, 5008
298000, 64, 5023
300000, 61, 5063
302000, 75, 5010
304000, 69, 5199
306000, 60, 5067
308000, 73, 5126
310000, 78, 5143
312000, 61, 5081
314000, 74, 5000
316000, 71, 5000
318000, 79, 5170
320000, 77, 5119
322000, 64, 5140
324000, 76, 5162
326000, 76, 5150
328000, 62, 5158
330000, 69, 5115
332000, 74, 5021
334000, 78, 5155
336000, 68, 5012
338000, 70, 5096
340000, 66, 5124
342000, 61, 5010
344000, 72, 5107
346000, 70, 5176
348000, 77, 5159
350000, 69, 5011
352000, 62, 5057
354000, 69, 5010
356000, 73, 5016
358000, 66, 5068
360000, 71, 5170
362000, 66, 5014
364000, 79, 5087
366000, 64, 5112
368000, 64, 5044
370000, 69, 5077
372000, 69, 5060
374000, 76, 5195
376000, 74, 5024
378000, 62, 5167
380000, 71, 5128
382000, 75, 5119
384000, 70, 5029
386000, 69, 5042
388000, 67, 5067
390000, 77, 5031
392000, 78, 5005
394000, 69, 5156
396000, 68, 5022
398000, 70, 5065
400000, 69, 5191
402000, 67, 5149
404000, 65, 5060
406000, 75, 5071
408000, 78, 5143
410000, 74, 5190
412000, 71, 5193
414000, 75, 5028
416000, 74, 5129
418000, 70, 5037
420000, 70, 5114
422000, 75, 5072
424000, 69, 5043
426000, 77, 5002
428000, 61, 5030
430000, 71, 5175
432000, 77, 5152
434000, 68, 5086
436000, 71, 5055
438000, 71, 5165
440000, 76, 5167
442000, 68, 5043
444000, 60, 5122
446000, 79, 5102
448000, 69, 5040
450000, 72, 5162
452000, 73, 5161
454000, 70, 5058
456000, 70, 5087
458000, 77, 5082
460000, 69, 5147
462000, 67, 5028
464000, 68, 5037
466000, 62, 5104
468000, 67, 5155
470000, 71, 5052
472000, 65, 5078
474000, 68, 5166
476000, 61, 5012
478000, 71, 5055
480000, 75, 5060
482000, 73, 5112
484000, 71, 5030
486000, 66, 5000
488000, 61, 5087
490000, 72, 5115
492000, 60, 5175
494000, 63, 5075
496000, 73, 5137
498000, 78, 5164
500000, 67, 5005
502000, 65, 5163
504000, 66, 5046
506000, 60, 5143
508000, 78, 5016
510000, 69, 5170
512000, 68, 5115
514000, 72, 5096
516000, 78, 5082
518000, 77, 5075
520000, 66, 5058
522000, 69, 5163
524000, 69, 5046
526000, 72, 5062
528000, 64, 5038
530000, 77, 5119
532000, 69, 5126
534000, 77, 5188
536000, 74, 5046
538000, 76, 5009
540000, 60, 5167
542000, 78, 5109
544000, 74, 5124
546000, 75, 5150
548000, 67, 5183
550000, 76, 5021
552000, 76, 5110
554000, 61, 5033
556000, 64, 5115
558000, 77, 5085
560000, 69, 5092
562000, 75, 5180
564000, 70, 5189
566000, 78, 5145
568000, 63, 5183
570000, 67, 5002
572000, 75, 5067
574000, 79, 5189
576000, 75, 5083
578000, 72, 5179
580000, 76, 5032
582000, 67, 5109
584000, 77, 5045
586000, 76, 5162
588000, 62, 5003
590000, 68, 5155
592000, 61, 5092
594000, 66, 5083
596000, 62, 5123
598000, 65, 5050
600000, 65, 5002
602000, 77, 5103
604000, 61, 5059
606000, 64, 5084
608000, 69, 5062
610000, 75, 5179
612000, 73, 5072
614000, 75, 5052
616000, 72, 5198
618000, 65, 5181
620000, 75, 5120
622000, 69, 5030
624000, 75, 5155
626000, 60, 5113
628000, 65, 5175
630000, 68, 5199
632000, 61, 5039
634000, 74, 5084
636000, 65, 5071
638000, 74, 5042
640000, 77, 5079
642000, 76, 5199
644000, 62, 5053
646000, 64, 5114
648000, 71, 5194
650000, 67, 5096
652000, 79, 5062
654000, 77, 5101
656000, 68, 5018
658000, 66, 5100
660000, 63, 5017
662000, 66, 5095
664000, 64, 5096
666000, 74, 5053
668000, 77, 5115
670000, 67, 5104
672000, 68, 5014
674000, 62, 5103
676000, 61, 5175
678000, 71, 5121
680000, 79, 5193
682000, 73, 5161
684000, 64, 5034
686000, 69, 5062
688000, 70, 5177
690000, 72, 5025
692000, 68, 5189
694000, 72, 5055
696000, 79, 5014
698000, 77, 5019
700000, 65, 5144
702000, 64, 5182
704000, 65, 5089
706000, 66, 5046
708000, 76, 5125
710000, 60, 5158
712000, 60, 5192
714000, 63, 5146
716000, 70, 5123
718000, 70, 5181
720000, 61, 5026
722000, 76, 5097
724000, 62, 5106
726000, 71, 5116
728000, 68, 5109
730000, 64, 5018
732000, 77, 5128
734000, 62, 5158
736000, 76, 5028
738000, 68, 5199
740000, 79, 5068
742000, 60, 5128
744000, 78, 5132
746000, 65, 5198
748000, 69, 5079
750000, 64, 5004
752000, 76, 5164
754000, 79, 5021
756000, 77, 5160
758000, 66, 5046
760000, 72, 5021
762000, 66, 5009
764000, 64, 5104
766000, 68, 5063
768000, 78, 5153
770000, 64, 5085
772000, 78, 5195
774000, 70, 5137
776000, 68, 5145
778000, 67, 5024
780000, 71, 5106
782000, 60, 5104
784000, 75, 5075
786000, 79, 5170
788000, 75, 5081
790000, 60, 5137
792000, 67, 5177
794000, 71, 5044
796000, 76, 5073
798000, 71, 5109
800000, 64, 5156
802000, 64, 5084
804000, 70, 5144
806000, 78, 5083
808000, 72, 5109
810000, 67, 5089
812000, 66, 5165
814000, 64, 5151
816000, 64, 5191
818000, 72, 5110
820000, 69, 5093
822000, 71, 5107
824000, 67, 5101
826000, 74, 5098
828000, 75, 5193
830000, 61, 5046
832000, 75, 5188
834000, 71, 5158
836000, 65, 5121
838000, 77, 5181
840000, 67, 5018
842000, 67, 5026
844000, 69, 5149
846000, 71, 5027
848000, 65, 5163
850000, 78, 5158
852000, 79, 5031
854000, 67, 5133
856000, 63, 5057
858000, 73, 5031
860000, 75, 5112
862000, 62, 5049
864000, 68, 5118
866000, 79, 5030
868000, 62, 5197
870000, 77, 5104
872000, 68, 5043
874000, 73, 5039
876000, 64, 5173
878000, 65, 5153
880000, 79, 5087
882000, 76, 5167
884000, 77, 5069
886000, 62, 5121
888000, 75, 5114
890000, 76, 5137
892000, 73, 5095
894000, 69, 5112
896000, 61, 5095
898000, 64, 5030
900000, 79, 5011
902000, 69, 5123
904000, 74, 5097
906000, 66, 5118
908000, 65, 5142
910000, 75, 5075
912000, 79, 5102
914000, 78, 5062
916000, 77, 5145
918000, 61, 5176
920000, 71, 5105
922000, 65, 5061
924000, 77, 5061
926000, 75, 5042
928000, 66, 5091
930000, 77, 5126
932000, 79, 5126
934000, 70, 5180
936000, 70, 5063
938000, 63, 5135
940000, 70, 5168
942000, 79, 5092
944000, 61, 5098
946000, 64, 5006
948000, 76, 5101
950000, 70, 5118
952000, 63, 5191
954000, 64, 5110
956000, 78, 5142
958000, 64, 5102
960000, 73, 5024
962000, 78, 5191
964000, 66, 5045
966000, 63, 5023
968000, 65, 5057
970000, 64, 5069
972000, 76, 5106
974000, 62, 5162
976000, 76, 5125
978000, 77, 5184
980000, 66, 5078
982000, 67, 5037
984000, 68, 5040
986000, 73, 5040
988000, 66, 5123
990000, 60, 5055
992000, 63, 5169
994000, 79, 5045
996000, 62, 5034
998000, 65, 5060
1000000, 75, 5111
1002000, 72, 5046
1004000, 78, 5074
1006000, 64, 5048
1008000, 72, 5007
1010000, 67, 5094
1012000, 68, 5053
1014000, 70, 5055
1016000, 65, 5149
1018000, 68, 5119
1020000, 65, 5170
1022000, 63, 5122
1024000, 75, 5160
1026000, 74, 5055
1028000, 65, 5006
1030000, 62, 5057
1032000, 79, 5153
1034000, 79, 5003
1036000, 70, 5104
1038000, 72, 5117
1040000, 64, 5017
1042000, 60, 5158
1044000, 68, 5080
1046000, 73, 5154
1048000, 73, 5186
1050000, 67, 5114
1052000, 76, 5117
1054000, 69, 5028
1056000, 75, 5161
1058000, 64, 5028
1060000, 61, 5149
1062000, 60, 5177
1064000, 78, 5070
1066000, 67, 5076
1068000, 74, 5123
1070000, 77, 5028
1072000, 71, 5095
1074000, 67, 5154
1076000, 71, 5042
1078000, 77, 5189
1080000, 67, 5103
1082000, 75, 5004
1084000, 63, 5054
1086000, 72, 5073
1088000, 72, 5071
1090000, 77, 5046
1092000, 61, 5118
1094000, 79, 5160
1096000, 64, 5098
1098000, 67, 5007
1100000, 70, 5023
1102000, 73, 5075
1104000, 69, 5178
1106000, 67, 5058
1108000, 76, 5000
1110000, 67, 5091
1112000, 62, 5025
1114000, 66, 5066
1116000, 73, 5119
1118000, 63, 5042
1120000, 62, 5133
1122000, 60, 5029
1124000, 76, 5156
1126000, 74, 5026
1128000, 72, 5161
1130000, 61, 5070
1132000, 68, 5187
1134000, 78, 5097
1136000, 74, 5052
1138000, 65, 5019
1140000, 72, 5065
1142000, 68, 5171
1144000, 78, 5075
1146000, 60, 5085
1148000, 70, 5082
1150000, 64, 5196
1152000, 71, 5177
1154000, 60, 5110
1156000, 79, 5004
1158000, 63, 5123
1160000, 68, 5180
1162000, 71, 5052
1164000, 70, 5025
1166000, 62, 5149
1168000, 66, 5010
1170000, 67, 5023
1172000, 78, 5190
1174000, 63, 5054
1176000, 75, 5021
1178000, 67, 5025
1180000, 73, 5002
1182000, 72, 5114
1184000, 76, 5063
1186000, 75, 5090
1188000, 79, 5012
1190000, 76, 5114
1192000, 79, 5006
1194000, 61, 5013
1196000, 72, 5166
1198000, 77, 5035
1200000, 66, 5100
1202000, 68, 5048
1204000, 60, 5069
1206000, 73, 5153
1208000, 70, 5001
1210000, 71, 5130
1212000, 63, 5024
1214000, 66, 5170
1216000, 67, 5066
1218000, 63, 5038
1220000, 76, 5032
1222000, 60, 5179
1224000, 69, 5015
1226000, 72, 5038
1228000, 72, 5183
1230000, 77, 5003
1232000, 74, 5043
1234000, 70, 5141
1236000, 77, 5105
1238000, 63, 5190
1240000, 66, 5193
1242000, 65, 5025
1244000, 78, 5191
1246000, 70, 5161
1248000, 63, 5133
1250000, 73, 5147
1252000, 71, 5135
1254000, 75, 5026
1256000, 61, 5063
1258000, 71, 5127
1260000, 64, 5064
1262000, 63, 5085
1264000, 74, 5103
1266000, 78, 5144
1268000, 70, 5010
1270000, 77, 5023
1272000, 72, 5100
1274000, 66, 5081
1276000, 75, 5127
1278000, 63, 5159
1280000, 79, 5073
1282000, 60, 5062
1284000, 79, 5074
1286000, 77, 5129
1288000, 71, 5019
1290000, 75, 5116
1292000, 65, 5168
1294000, 67, 5113
1296000, 72, 5080
1298000, 75, 5054
1300000, 78, 5005
1302000, 73, 5043
1304000, 71, 5095
1306000, 64, 5184
1308000, 64, 5058
1310000, 71, 5083
1312000, 69, 5131
1314000, 77, 5029
1316000, 72, 5070
1318000, 61, 5017
1320000, 68, 5116
1322000, 61, 5166
1324000, 78, 5080
1326000, 69, 5097
1328000, 63, 5197
1330000, 76, 5166
1332000, 64, 5089
1334000, 65, 5170
1336000, 75, 5104
1338000, 70, 5107
1340000, 69, 5170
1342000, 75, 5024
1344000, 62, 5170
1346000, 61, 5188
1348000, 73, 5061
1350000, 76, 5146
1352000, 68, 5103
1354000, 76, 5177
1356000, 67, 5029
1358000, 65, 5092
1360000, 72, 5157
1362000, 64, 5163
1364000, 77, 5165
1366000, 68, 5112
1368000, 63, 5058
1370000, 79, 5197
1372000, 68, 5048
1374000, 65, 5126
1376000, 79, 5094
1378000, 73, 5109
1380000, 71, 5173
1382000, 66, 5086
1384000, 66, 5181
1386000, 61, 5014
1388000, 74, 5186
1390000, 68, 5163
1392000, 69, 5024
1394000, 73, 5157
1396000, 60, 5018
1398000, 60, 5045
1400000, 72, 5050
1402000, 61, 5038
1404000, 61, 5007
1406000, 64, 5172
1408000, 70, 5025
1410000, 64, 5099
1412000, 61, 5038
1414000, 61, 5117
1416000, 67, 5032
1418000, 71, 5147
1420000, 68, 5092
1422000, 63, 5199
1424000, 66, 5086
1426000, 63, 5077
1428000, 70, 5098
1430000, 68, 5086
1432000, 74, 5156
1434000, 69, 5127
1436000, 77, 5114
1438000, 73, 5085
1440000, 69, 5147
1442000, 70, 5077
1444000, 67, 5001
1446000, 74, 5186
1448000, 76, 5024
1450000, 74, 5047
1452000, 75, 5093
1454000, 74, 5136
1456000, 65, 5116
1458000, 60, 5106
1460000, 72, 5137
1462000, 66, 5180
1464000, 73, 5057
1466000, 70, 5115
1468000, 75, 5064
1470000, 66, 5146
1472000, 78, 5047
1474000, 77, 5165
1476000, 61, 5082
1478000, 60, 5034
1480000, 72, 5142
1482000, 71, 5153
1484000, 66, 5097
1486000, 78, 5091
1488000, 74, 5143
1490000, 75, 5044
1492000, 63, 5181
1494000, 64, 5069
1496000, 67, 5091
1498000, 76, 5072
1500000, 64, 5007
1502000, 73, 5026
1504000, 63, 5092
1506000, 74, 5072
1508000, 62, 5107
1510000, 65, 5074
1512000, 67, 5058
1514000, 77, 5162
1516000, 64, 5015
1518000, 71, 5156
1520000, 72, 5048
1522000, 73, 5150
1524000, 64, 5049
1526000, 62, 5023
1528000, 63, 5167
1530000, 74, 5107
1532000, 74, 5198
1534000, 74, 5107
1536000, 60, 5042
1538000, 72, 5097
1540000, 75, 5008
1542000, 66, 5173
1544000, 60, 5083
1546000, 63, 5020
1548000, 64, 5089
1550000, 61, 5034
1552000, 62, 5116
1554000, 71, 5167
1556000, 61, 5078
1558000, 61, 5101
1560000, 74, 5138
1562000, 76, 5137
1564000, 77, 5172
1566000, 79, 5029
1568000, 69, 5184
1570000, 62, 5129
1572000, 77, 5082
1574000, 67, 5171
1576000, 61, 5124
1578000, 65, 5131
1580000, 70, 5075
1582000, 72, 5070
1584000, 66, 5126
1586000, 70, 5117
1588000, 61, 5072
1590000, 68, 5045
1592000, 78, 5039
1594000, 65, 5124
1596000, 60, 5125
1598000, 63, 5081
1600000, 67, 5140
1602000, 76, 5043
1604000, 73, 5028
1606000, 65, 5048
1608000, 60, 5062
1610000, 77, 5099
1612000, 74, 5197
1614000, 66, 5165
1616000, 73, 5075
1618000, 72, 5033
1620000, 64, 5180
1622000, 68, 5003
1624000, 62, 5029
1626000, 76, 5000
1628000, 76, 5014
1630000, 65, 5060
1632000, 67, 5077
1634000, 60, 5013
1636000, 68, 5009
1638000, 70, 5075
1640000, 79, 5121
1642000, 75, 5139
1644000, 76, 5186
1646000, 66, 5199
1648000, 66, 5017
1650000, 66, 5148
1652000, 78, 5094
1654000, 61, 5131
1656000, 75, 5175
1658000, 71, 5102
1660000, 68, 5152
1662000, 75, 5109
1664000, 63, 5000
1666000, 77, 5083
1668000, 62, 5120
1670000, 72, 5191
1672000, 74, 5161
1674000, 76, 5013
1676000, 77, 5158
1678000, 78, 5014
1680000, 71, 5145
1682000, 75, 5188
1684000, 75, 5102
1686000, 75, 5056
1688000, 66, 5057
1690000, 73, 5198
1692000, 76, 5181
1694000, 68, 5183
1696000, 76, 5054
1698000, 79, 5118
1700000, 76, 5029
1702000, 68, 5129
1704000, 61, 5122
1706000, 76, 5045
1708000, 69, 5142
1710000, 62, 5057
1712000, 77, 5123
1714000, 68, 5058
1716000, 71, 5024
1718000, 73, 5046
1720000, 75, 5139
1722000, 75, 5171
1724000, 67, 5106
1726000, 63, 5032
1728000, 73, 5121
1730000, 61, 5182
1732000, 69, 5131
1734000, 63, 5138
1736000, 73, 5003
1738000, 77, 5173
1740000, 68, 5030
1742000, 77, 5021
1744000, 73, 5178
1746000, 78, 5026
1748000, 69, 5169
1750000, 67, 5099
1752000, 76, 5138
1754000, 65, 5166
1756000, 66, 5162
1758000, 72, 5122
1760000, 65, 5040
1762000, 68, 5184
1764000, 60, 5127
1766000, 73, 5094
1768000, 78, 5058
1770000, 69, 5094
1772000, 77, 5079
1774000, 62, 5180
1776000, 76, 5047
1778000, 77, 5093
1780000, 74, 5131
1782000, 78, 5017
1784000, 76, 5091
1786000, 76, 5146
1788000, 67, 5171
1790000, 70, 5008
1792000, 65, 5033
1794000, 79, 5133
1796000, 70, 5074
1798000, 60, 5039
