PH, moisture
82000, 74, 5168
84000, 64, 5112
86000, 66, 5065
88000, 76, 5029
90000, 67, 5183
92000, 71, 5153
94000, 70, 5006
96000, 77, 5056
98000, 67, 5047
100000, 73, 5190
102000, 61, 5131
104000, 79, 5042
106000, 70, 5014
108000, 67, 5115
110000, 75, 5012
112000, 62, 5055
114000, 62, 5147
116000, 65, 5080
118000, 67, 5171
120000, 61, 5148
122000, 77, 5129
124000, 77, 5099
126000, 77, 5058
128000, 76, 5090
130000, 74, 5006
132000, 62, 5124
134000, 61, 5087
136000, 65, 5006
138000, 62, 5025
140000, 66, 5189
142000, 66, 5019
144000, 60, 5051
146000, 75, 5167
148000, 64, 5007
150000, 79, 5151
152000, 79, 5123
154000, 61, 5120
156000, 75, 5140
158000, 71, 5154
160000, 66, 5162
162000, 74, 5002
164000, 78, 5131
166000, 63, 5063
168000, 67, 5094
170000, 60, 5020
172000, 78, 5050
174000, 71, 5071
176000, 76, 5087
178000, 73, 5183
180000, 62, 5033
182000, 75, 5145
184000, 68, 5061
186000, 73, 5138
188000, 79, 5107
190000, 60, 5179
192000, 67, 5181
194000, 77, 5138
196000, 68, 5042
198000, 64, 5158
200000, 62, 5143
202000, 60, 5102
204000, 68, 5129
206000, 75, 5042
208000, 60, 5148
210000, 66, 5073
212000, 64, 5167
214000, 76, 5123
216000, 75, 5119
218000, 71, 5062
220000, 63, 5149
222000, 69, 5096
224000, 77, 5100
226000, 77, 5114
228000, 72, 5120
230000, 76, 5179
232000, 67, 5102
234000, 69, 5037
236000, 75, 5027
238000, 74, 5164
240000, 63, 5133
242000, 60, 5173
244000, 65, 5104
246000, 62, 5125
248000, 60, 5147
250000, 77, 5026
252000, 69, 5125
254000, 69, 5057
256000, 79, 5155
258000, 79, 5087
260000, 69, 5163
262000, 67, 5025
264000, 79, 5035
266000, 73, 5186
268000, 76, 5189
270000, 67, 5112
272000, 64, 5062
274000, 62, 5135
276000, 77, 5027
278000, 73, 5112
280000, 78, 5170
282000, 64, 5063
284000, 60, 5126
286000, 77, 5175
288000, 69, 5113
290000, 61, 5198
292000, 62, 5033
294000, 62, 5190
296000, 61, 5186
298000, 77, 5110
300000, 62, 5074
302000, 60, 5174
304000, 62, 5026
306000, 72, 5032
308000, 79, 5132
310000, 63, 5089
312000, 70, 5004
314000, 64, 5090
316000, 79, 5006
318000, 72, 5077
320000, 61, 5038
322000, 65, 5101
324000, 72, 5185
326000, 74, 5062
328000, 77, 5152
330000, 74, 5117
332000, 74, 5125
334000, 76, 5070
336000, 60, 5123
338000, 63, 5021
340000, 73, 5006
342000, 74, 5025
344000, 75, 5082
346000, 74, 5187
348000, 79, 5005
350000, 60, 5078
352000, 61, 5057
354000, 73, 5055
356000, 74, 5015
358000, 75, 5093
360000, 72, 5124
362000, 70, 5017
364000, 77, 5113
366000, 73, 5045
368000, 64, 5062
370000, 63, 5003
372000, 76, 5035
374000, 79, 5163
376000, 66, 5080
378000, 60, 5198
380000, 70, 5179
382000, 78, 5093
384000, 68, 5002
386000, 71, 5091
388000, 77, 5141
390000, 73, 5003
392000, 69, 5134
394000, 65, 5108
396000, 71, 5167
398000, 75, 5011
400000, 73, 5182
402000, 69, 5196
404000, 72, 5136
406000, 62, 5003
408000, 64, 5122
410000, 70, 5030
412000, 71, 5120
414000, 60, 5157
416000, 66, 5149
418000, 77, 5183
420000, 61, 5081
422000, 72, 5156
424000, 75, 5021
426000, 62, 5198
428000, 73, 5103
430000, 65, 5113
432000, 68, 5190
434000, 69, 5173
436000, 65, 5128
438000, 61, 5108
440000, 60, 5151
442000, 65, 5167
444000, 76, 5124
446000, 69, 5196
448000, 67, 5047
450000, 60, 5095
452000, 73, 5079
454000, 60, 5104
456000, 61, 5079
458000, 64, 5029
460000, 68, 5000
462000, 70, 5036
464000, 70, 5046
466000, 66, 5090
468000, 60, 5140
470000, 69, 5069
472000, 65, 5014
474000, 77, 5048
476000, 64, 5139
478000, 79, 5135
480000, 71, 5126
482000, 65, 5189
484000, 72, 5021
486000, 61, 5007
488000, 73, 5182
490000, 66, 5039
492000, 67, 5065
494000, 62, 5080
496000, 79, 5043
498000, 61, 5188
500000, 62, 5098
502000, 77, 5117
504000, 61, 5040
506000, 79, 5056
508000, 72, 5143
510000, 60, 5108
512000, 61, 5178
514000, 70, 5077
516000, 78, 5115
518000, 61, 5065
520000, 73, 5094
522000, 60, 5107
524000, 63, 5193
526000, 69, 5076
528000, 67, 5105
530000, 69, 5052
532000, 67, 5074
534000, 68, 5199
536000, 67, 5022
538000, 78, 5033
540000, 77, 5074
542000, 64, 5071
544000, 69, 5064
546000, 64, 5020
548000, 64, 5139
550000, 78, 5198
552000, 70, 5049
554000, 65, 5148
556000, 79, 5098
558000, 76, 5068
560000, 72, 5120
562000, 66, 5019
564000, 60, 5127
566000, 77, 5179
568000, 79, 5073
570000, 74, 5076
572000, 63, 5042
574000, 68, 5019
576000, 66, 5045
578000, 69, 5151
580000, 76, 5092
582000, 60, 5037
584000, 74, 5001
586000, 76, 5117
588000, 64, 5109
590000, 60, 5050
592000, 65, 5179
594000, 60, 5091
596000, 70, 5044
598000, 67, 5081
600000, 79, 5016
602000, 67, 5076
604000, 70, 5180
606000, 61, 5146
608000, 76, 5098
610000, 64, 5009
612000, 74, 5034
614000, 72, 5017
616000, 79, 5041
618000, 62, 5026
620000, 79, 5189
622000, 75, 5008
624000, 62, 5091
626000, 77, 5187
628000, 65, 5111
630000, 63, 5087
632000, 73, 5136
634000, 67, 5174
636000, 60, 5072
638000, 72, 5032
640000, 72, 5091
642000, 73, 5065
644000, 67, 5101
646000, 72, 5168
648000, 79, 5055
650000, 60, 5025
652000, 76, 5040
654000, 76, 5069
656000, 63, 5051
658000, 72, 5189
660000, 68, 5129
662000, 78, 5171
664000, 72, 5111
666000, 71, 5068
668000, 77, 5093
670000, 63, 5176
672000, 69, 5076
674000, 61, 5032
676000, 71, 5157
678000, 79, 5003
680000, 79, 5022
682000, 77, 5161
684000, 61, 5025
686000, 79, 5145
688000, 71, 5180
690000, 74, 5188
692000, 78, 5139
694000, 70, 5172
696000, 60, 5064
698000, 79, 5197
700000, 63, 5109
702000, 63, 5086
704000, 63, 5099
706000, 71, 5160
708000, 77, 5145
710000, 66, 5016
712000, 78, 5125
714000, 74, 5092
716000, 78, 5061
718000, 63, 5054
720000, 61, 5024
722000, 66, 5146
724000, 76, 5070
726000, 75, 5031
728000, 79, 5139
730000, 63, 5138
732000, 63, 5185
734000, 65, 5092
736000, 71, 5189
738000, 62, 5095
740000, 63, 5033
742000, 72, 5133
744000, 74, 5105
746000, 71, 5066
748000, 74, 5192
750000, 61, 5056
752000, 64, 5150
754000, 77, 5154
756000, 63, 5015
758000, 62, 5115
760000, 62, 5082
762000, 78, 5140
764000, 67, 5195
766000, 66, 5068
768000, 79, 5120
770000, 62, 5066
772000, 63, 5110
774000, 72, 5100
776000, 71, 5188
778000, 65, 5127
780000, 79, 5005
782000, 74, 5146
784000, 66, 5011
786000, 63, 5068
788000, 79, 5069
790000, 66, 5088
792000, 73, 5132
794000, 67, 5196
796000, 62, 5067
798000, 77, 5046
800000, 73, 5046
802000, 67, 5043
804000, 70, 5060
806000, 76, 5180
808000, 60, 5124
810000, 66, 5165
812000, 77, 5079
814000, 72, 5197
816000, 69, 5048
818000, 65, 5009
820000, 63, 5111
822000, 68, 5198
824000, 73, 5172
826000, 75, 5089
828000, 72, 5141
830000, 64, 5015
832000, 75, 5189
834000, 76, 5019
836000, 69, 5066
838000, 77, 5118
840000, 64, 5122
842000, 72, 5010
844000, 68, 5147
846000, 69, 5058
848000, 78, 5023
850000, 75, 5182
852000, 69, 5062
854000, 75, 5093
856000, 69, 5045
858000, 70, 5157
860000, 75, 5030
862000, 61, 5191
864000, 71, 5186
866000, 78, 5082
868000, 67, 5199
870000, 64, 5150
872000, 75, 5102
874000, 73, 5150
876000, 71, 5107
878000, 63, 5133
880000, 77, 5016
882000, 74, 5164
884000, 71, 5071
886000, 66, 5065
888000, 75, 5094
890000, 72, 5111
892000, 70, 5079
894000, 66, 5059
896000, 65, 5125
898000, 73, 5105
900000, 79, 5082
902000, 70, 5182
904000, 79, 5078
906000, 66, 5039
908000, 73, 5116
910000, 60, 5065
912000, 63, 5131
914000, 72, 5048
916000, 77, 5000
918000, 70, 5188
920000, 76, 5039
922000, 70, 5037
924000, 66, 5187
926000, 72, 5195
928000, 71, 5170
930000, 60, 5102
932000, 78, 5149
934000, 68, 5091
936000, 67, 5069
938000, 71, 5125
940000, 63, 5051
942000, 62, 5016
944000, 77, 5044
946000, 64, 5094
948000, 62, 5129
950000, 71, 5177
952000, 78, 5058
954000, 78, 5034
956000, 66, 5044
958000, 66, 5072
960000, 74, 5193
962000, 65, 5113
964000, 78, 5002
966000, 79, 5112
968000, 66, 5080
970000, 70, 5064
972000, 62, 5089
974000, 67, 5105
976000, 71, 5114
978000, 67, 5076
980000, 66, 5008
982000, 74, 5093
984000, 71, 5055
986000, 71, 5068
988000, 67, 5056
990000, 61, 5151
992000, 79, 5122
994000, 75, 5076
996000, 72, 5028
998000, 74, 5095
1000000, 66, 5025
1002000, 73, 5092
1004000, 79, 5124
1006000, 65, 5150
1008000, 70, 5071
1010000, 73, 5097
1012000, 79, 5180
1014000, 73, 5131
1016000, 78, 5079
1018000, 61, 5090
1020000, 79, 5045
1022000, 67, 5089
1024000, 61, 5072
1026000, 71, 5078
1028000, 69, 5186
1030000, 69, 5023
1032000, 61, 5135
1034000, 78, 5035
1036000, 68, 5094
1038000, 60, 5005
1040000, 62, 5027
1042000, 72, 5142
1044000, 68, 5097
1046000, 78, 5087
1048000, 61, 5161
1050000, 63, 5140
1052000, 74, 5165
1054000, 60, 5066
1056000, 64, 5093
1058000, 79, 5019
1060000, 70, 5110
1062000, 72, 5143
1064000, 77, 5063
1066000, 76, 5140
1068000, 63, 5029
1070000, 72, 5177
1072000, 73, 5069
1074000, 64, 5034
1076000, 65, 5079
1078000, 78, 5010
1080000, 78, 5077
1082000, 73, 5183
1084000, 71, 5173
1086000, 79, 5172
1088000, 70, 5082
1090000, 70, 5069
1092000, 73, 5040
1094000, 75, 5177
1096000, 67, 5041
1098000, 79, 5132
1100000, 63, 5129
1102000, 69, 5188
1104000, 60, 5105
1106000, 65, 5045
1108000, 72, 5088
1110000, 68, 5191
1112000, 70, 5028
1114000, 68, 5159
1116000, 62, 5035
1118000, 72, 5090
1120000, 76, 5168
1122000, 69, 5197
1124000, 60, 5027
1126000, 69, 5010
1128000, 78, 5150
1130000, 62, 5003
1132000, 63, 5030
1134000, 65, 5047
1136000, 77, 5155
1138000, 64, 5076
1140000, 62, 5138
1142000, 78, 5184
1144000, 68, 5010
1146000, 71, 5096
1148000, 72, 5174
1150000, 69, 5184
1152000, 68, 5111
1154000, 60, 5022
1156000, 67, 5163
1158000, 66, 5160
1160000, 60, 5027
1162000, 65, 5125
1164000, 70, 5142
1166000, 61, 5168
1168000, 71, 5141
1170000, 66, 5073
1172000, 75, 5184
1174000, 74, 5035
1176000, 69, 5053
1178000, 72, 5131
1180000, 67, 5165
1182000, 63, 5049
1184000, 65, 5102
1186000, 60, 5045
1188000, 74, 5197
1190000, 70, 5100
1192000, 65, 5071
1194000, 78, 5110
1196000, 78, 5043
1198000, 71, 5152
1200000, 60, 5105
1202000, 79, 5150
1204000, 61, 5108
1206000, 70, 5129
1208000, 72, 5118
1210000, 77, 5115
1212000, 64, 5158
1214000, 64, 5008
1216000, 72, 5115
1218000, 78, 5087
1220000, 70, 5139
1222000, 66, 5199
1224000, 71, 5117
1226000, 75, 5040
1228000, 74, 5095
1230000, 79, 5039
1232000, 76, 5193
1234000, 62, 5123
1236000, 79, 5158
1238000, 75, 5193
1240000, 79, 5194
1242000, 76, 5050
1244000, 79, 5151
1246000, 76, 5016
1248000, 62, 5000
1250000, 71, 5124
1252000, 63, 5067
1254000, 67, 5194
1256000, 65, 5187
1258000, 75, 5101
1260000, 64, 5129
1262000, 62, 5116
1264000, 77, 5068
1266000, 78, 5177
1268000, 66, 5156
1270000, 73, 5112
1272000, 64, 5133
1274000, 60, 5054
1276000, 78, 5040
1278000, 68, 5034
1280000, 63, 5004
1282000, 74, 5167
1284000, 69, 5070
1286000, 67, 5013
1288000, 65, 5046
1290000, 69, 5027
1292000, 68, 5051
1294000, 75, 5103
1296000, 72, 5100
1298000, 61, 5078
1300000, 68, 5118
1302000, 75, 5180
1304000, 64, 5087
1306000, 72, 5024
1308000, 76, 5020
1310000, 73, 5001
1312000, 68, 5159
1314000, 61, 5112
1316000, 72, 5043
1318000, 63, 5112
1320000, 64, 5010
1322000, 67, 5175
1324000, 63, 5136
1326000, 74, 5192
1328000, 78, 5085
1330000, 69, 5077
1332000, 61, 5007
1334000, 64, 5099
1336000, 67, 5068
1338000, 72, 5053
1340000, 61, 5063
1342000, 72, 5156
1344000, 69, 5186
1346000, 61, 5063
1348000, 62, 5157
1350000, 74, 5056
1352000, 75, 5037
1354000, 76, 5171
1356000, 74, 5030
1358000, 79, 5155
1360000, 73, 5114
1362000, 65, 5093
1364000, 79, 5055
1366000, 78, 5051
1368000, 66, 5184
1370000, 79, 5052
1372000, 74, 5011
1374000, 78, 5095
1376000, 63, 5121
1378000, 78, 5051
1380000, 63, 5007
1382000, 75, 5029
1384000, 76, 5163
1386000, 62, 5063
1388000, 70, 5114
1390000, 66, 5013
1392000, 71, 5058
1394000, 73, 5142
1396000, 75, 5108
1398000, 75, 5193
1400000, 65, 5139
1402000, 77, 5008
1404000, 76, 5071
1406000, 63, 5198
1408000, 65, 5068
1410000, 72, 5058
1412000, 63, 5039
1414000, 75, 5099
1416000, 63, 5117
1418000, 78, 5002
1420000, 60, 5006
1422000, 76, 5058
1424000, 73, 5080
1426000, 65, 5075
1428000, 76, 5083
1430000, 63, 5143
1432000, 69, 5030
1434000, 72, 5177
1436000, 63, 5050
1438000, 62, 5161
1440000, 72, 5026
1442000, 65, 5126
1444000, 75, 5175
1446000, 74, 5075
1448000, 68, 5073
1450000, 63, 5183
1452000, 73, 5047
1454000, 74, 5109
1456000, 76, 5157
1458000, 66, 5193
1460000, 77, 5028
1462000, 62, 5057
1464000, 64, 5079
1466000, 62, 5057
1468000, 61, 5131
1470000, 66, 5141
1472000, 78, 5188
1474000, 61, 5187
1476000, 73, 5138
1478000, 61, 5020
1480000, 67, 5124
1482000, 68, 5177
1484000, 61, 5003
1486000, 67, 5173
1488000, 63, 5077
1490000, 61, 5040
1492000, 76, 5109
1494000, 79, 5146
1496000, 76, 5123
1498000, 61, 5167
1500000, 68, 5022
1502000, 72, 5166
1504000, 79, 5127
1506000, 64, 5039
1508000, 69, 5047
1510000, 63, 5035
1512000, 63, 5096
1514000, 69, 5168
1516000, 72, 5084
1518000, 71, 5070
1520000, 61, 5178
1522000, 71, 5021
1524000, 76, 5130
1526000, 79, 5047
1528000, 76, 5107
1530000, 70, 5071
1532000, 65, 5077
1534000, 68, 5194
1536000, 70, 5028
1538000, 69, 5102
1540000, 60, 5014
1542000, 69, 5078
1544000, 74, 5196
1546000, 75, 5162
1548000, 72, 5146
1550000, 77, 5032
1552000, 71, 5177
1554000, 62, 5154
1556000, 71, 5026
1558000, 66, 5162
1560000, 60, 5054
1562000, 64, 5190
1564000, 76, 5099
1566000, 79, 5010
1568000, 70, 5160
1570000, 73, 5072
1572000, 79, 5166
1574000, 77, 5187
1576000, 75, 5147
1578000, 78, 5146
1580000, 67, 5129
1582000, 73, 5021
1584000, 65, 5040
1586000, 63, 5147
1588000, 73, 5087
1590000, 70, 5179
1592000, 64, 5144
1594000, 77, 5053
1596000, 74, 5159
1598000, 74, 5162
1600000, 60, 5122
1602000, 73, 5093
1604000, 75, 5047
1606000, 77, 5047
1608000, 69, 5138
1610000, 68, 5117
1612000, 63, 5076
1614000, 66, 5023
1616000, 73, 5031
1618000, 66, 5159
1620000, 75, 5184
1622000, 73, 5179
1624000, 77, 5011
1626000, 60, 5154
1628000, 61, 5047
1630000, 77, 5098
1632000, 66, 5152
1634000, 70, 5180
1636000, 68, 5082
1638000, 69, 5179
1640000, 73, 5086
1642000, 60, 5049
1644000, 61, 5055
1646000, 78, 5073
1648000, 71, 5127
1650000, 79, 5018
1652000, 64, 5153
1654000, 67, 5047
1656000, 75, 5128
1658000, 64, 5073
1660000, 73, 5156
1662000, 63, 5181
1664000, 69, 5004
1666000, 62, 5129
1668000, 70, 5066
1670000, 70, 5018
1672000, 78, 5041
1674000, 79, 5173
1676000, 73, 5114
1678000, 73, 5036
1680000, 66, 5181
1682000, 65, 5186
1684000, 75, 5039
1686000, 73, 5040
1688000, 79, 5066
1690000, 69, 5043
1692000, 71, 5095
1694000, 68, 5199
1696000, 60, 5126
1698000, 63, 5080
1700000, 66, 5008
1702000, 67, 5109
1704000, 63, 5194
1706000, 76, 5108
1708000, 71, 5030
1710000, 63, 5155
1712000, 62, 5045
1714000, 70, 5098
1716000, 69, 5070
1718000, 65, 5130
1720000, 70, 5006
1722000, 77, 5135
1724000, 65, 5088
1726000, 67, 5009
1728000, 61, 5179
1730000, 74, 5050
1732000, 73, 5108
1734000, 66, 5169
1736000, 63, 5082
1738000, 64, 5087
1740000, 74, 5009
1742000, 74, 5052
1744000, 75, 5197
1746000, 76, 5184
1748000, 65, 5197
1750000, 73, 5112
1752000, 60, 5000
1754000, 60, 5069
1756000, 76, 5160
1758000, 61, 5003
1760000, 68, 5064
1762000, 73, 5087
1764000, 75, 5083
1766000, 75, 5195
1768000, 71, 5139
1770000, 66, 5039
1772000, 72, 5197
1774000, 69, 5011
1776000, 71, 5129
1778000, 79, 5139
1780000, 64, 5129
1782000, 74, 5084
1784000, 73, 5046
1786000, 61, 5188
1788000, 71, 5077
1790000, 60, 5111
1792000, 69, 5126
1794000, 64, 5076
1796000, 63, 5029
1798000, 75, 5109
