82505,5071,74
84538,5002,62
86509,5197,79
88544,5160,74
90564,5107,71
92531,5172,74
94502,5051,61
96558,5030,66
98522,5013,71
100632,5083,76
104548,5148,73
106586,5147,78
108536,5162,78
110545,5093,72
112583,5189,69
114615,5186,76
118505,5090,66
120525,5068,79
122538,5100,70
124502,5165,67
126522,5107,66
128502,5113,79
130506,5131,63
132656,5172,79
136551,5199,75
138547,5194,70
140509,5182,74
142505,5041,69
146573,5105,63
148583,5045,74
150650,5025,69
152545,5131,77
154589,5004,70
156530,5023,75
158512,5008,64
160550,5000,72
162502,5083,62
164505,5166,77
166567,5048,75
168577,5113,67
170529,5037,71
172505,5184,72
174543,5050,61
176533,5164,71
178638,5114,67
180557,5055,64
182522,5069,71
184525,5067,69
186692,5059,70
188505,5129,79
190608,5139,78
192579,5126,70
194530,5007,79
196801,5025,69
198666,5050,78
200577,5095,61
202518,5144,74
204515,5144,65
206502,5102,60
208689,5145,62
210515,5015,70
212522,5034,74
214505,5160,79
216563,5017,61
218530,5146,60
220522,5014,65
222609,5156,65
224615,5128,73
226564,5010,69
228562,5133,66
230531,5178,64
232502,5086,62
236574,5055,72
238502,5099,78
240512,5147,64
244561,5088,68
246505,5034,66
248528,5155,69
250509,5110,75
252522,5144,64
254505,5000,79
256631,5121,70
258551,5001,73
260612,5110,78
262505,5002,78
264647,5030,76
266654,5139,75
268548,5130,76
270531,5025,75
272505,5154,68
274530,5058,60
276585,5099,62
278502,5181,76
280585,5118,67
282552,5018,79
284560,5046,75
286589,5079,71
288669,5092,65
290618,5160,69
292572,5184,62
294541,5012,70
296567,5024,61
298518,5161,66
300522,5167,71
302593,5036,61
304563,5072,77
306509,5135,77
308502,5101,62
310525,5152,69
312509,5185,71
314634,5134,75
316631,5177,64
318527,5194,73
320654,5132,64
322530,5036,75
324574,5074,70
326554,5126,70
328615,5076,67
330512,5044,65
334539,5038,71
336563,5057,77
338553,5030,67
340522,5106,76
342502,5149,68
344539,5096,79
346505,5093,77
348502,5125,69
350567,5074,62
352502,5101,77
354660,5124,68
356572,5052,66
358544,5079,79
360506,5027,70
362528,5175,70
364603,5002,66
366640,5025,64
368502,5188,63
370515,5107,66
372505,5118,62
374522,5196,73
376618,5102,70
378657,5070,69
380523,5080,69
382525,5083,66
384515,5044,64
386554,5186,70
388515,5176,73
390599,5167,70
392505,5164,73
394551,5085,68
396625,5082,75
398525,5090,60
400506,5052,66
402567,5072,67
404630,5158,64
408522,5105,79
410596,5103,64
412572,5071,64
414624,5002,73
416512,5127,79
418515,5079,63
420591,5095,74
422555,5093,71
424522,5180,77
426548,5092,75
428547,5123,72
430522,5044,71
432527,5049,64
434579,5067,60
436530,5125,71
438502,5108,73
440516,5108,74
442509,5168,64
444544,5059,73
446553,5031,79
448542,5124,67
450525,5042,63
452530,5010,64
454560,5051,62
456509,5186,64
458641,5106,60
460603,5053,77
462537,5175,69
464569,5059,72
466595,5085,79
468612,5119,65
470532,5163,79
472512,5162,67
474593,5005,60
476590,5118,70
478537,5025,65
480522,5036,66
482527,5155,75
484582,5133,73
486521,5159,67
488505,5073,72
490522,5016,74
492696,5152,63
496559,5160,71
498522,5196,66
500548,5074,72
502561,5189,64
504644,5076,71
508530,5168,62
510503,5199,69
512531,5012,64
514533,5093,61
516541,5084,68
518533,5177,70
520509,5138,61
522982,5096,69
524673,5149,70
526536,5020,75
528560,5075,62
530620,5106,77
532502,5173,68
534696,5058,68
536502,5176,76
538611,5103,77
540512,5057,62
542512,5148,64
544527,5168,71
548547,5086,74
550579,5060,62
552543,5136,64
554502,5198,70
556530,5067,77
558560,5163,60
560516,5036,63
562635,5088,64
564546,5094,65
566590,5082,64
568578,5183,71
570528,5118,66
572527,5104,72
574502,5136,79
576627,5077,65
580509,5151,64
582522,5028,69
584593,5109,72
586505,5106,72
588534,5098,61
590602,5042,63
592512,5085,75
594525,5172,68
596502,5052,68
598518,5044,66
600512,5119,79
602502,5048,66
604547,5167,60
606505,5061,61
608534,5083,67
610598,5147,69
612558,5165,64
614505,5097,74
618502,5180,61
620593,5111,74
622522,5193,72
624553,5094,66
626522,5175,79
630628,5065,62
632612,5155,60
634530,5086,60
636547,5124,62
638692,5131,71
640560,5137,78
642562,5149,67
644530,5101,66
646539,5095,70
648539,5145,62
650525,5166,74
652505,5113,68
654502,5064,61
656589,5183,67
658512,5157,74
660589,5076,79
664558,5190,66
666570,5080,62
668580,5158,73
670509,5116,74
674595,5124,67
676586,5193,77
678512,5106,60
680650,5046,77
682568,5123,63
684525,5106,61
688530,5032,60
690515,5125,66
692651,5151,66
694505,5198,72
696515,5088,66
698657,5191,69
700629,5023,73
702625,5050,71
704575,5102,60
706502,5047,74
708515,5090,64
710654,5144,75
712539,5023,76
714542,5189,77
716535,5089,77
718505,5121,77
720603,5048,71
722522,5010,77
724533,5076,65
728577,5164,72
730503,5036,60
732580,5044,60
734566,5161,72
736530,5034,68
738505,5118,79
740638,5115,69
742572,5073,66
744534,5021,71
746547,5036,75
748572,5104,62
750550,5004,66
752574,5130,60
754525,5104,68
756667,5197,64
758530,5122,63
760522,5070,64
762548,5133,77
764557,5133,62
766564,5033,76
768606,5022,71
770663,5106,77
772528,5141,62
774558,5013,70
776502,5074,61
778522,5023,77
780528,5037,71
782557,5062,65
784666,5115,71
786530,5122,71
788525,5062,63
790503,5041,73
792637,5150,63
794622,5046,75
796591,5022,66
798558,5161,76
800593,5026,67
802562,5188,63
804522,5136,75
806505,5083,67
808572,5086,75
810519,5196,66
812515,5078,76
814571,5136,64
816538,5045,66
818570,5063,65
822570,5142,70
824530,5073,65
826533,5158,70
828654,5062,78
830654,5113,72
832606,5031,66
834509,5163,70
836528,5104,64
838522,5193,76
840576,5154,73
842590,5180,69
844502,5124,61
846533,5034,60
848544,5158,70
852509,5046,77
854571,5066,75
856512,5199,72
858515,5035,75
860503,5115,70
862650,5050,65
864622,5099,72
866530,5107,65
868569,5199,76
870522,5178,71
872574,5083,78
874512,5052,61
876505,5056,62
878545,5112,75
880605,5084,76
884502,5188,68
886606,5030,72
888502,5198,64
890585,5008,78
892512,5160,63
894528,5083,64
896629,5109,65
898599,5064,69
900591,5077,74
902548,5195,72
904539,5131,74
906656,5154,70
908502,5050,67
910506,5068,60
912580,5034,71
914544,5145,74
916560,5052,67
918536,5103,79
920538,5138,78
922551,5153,69
924561,5047,69
926554,5081,67
928578,5169,64
930522,5186,73
932505,5075,75
934502,5067,76
936650,5197,73
938618,5097,70
940607,5137,68
942577,5043,67
944537,5156,64
946502,5060,77
948630,5016,61
950519,5121,66
952502,5165,62
954509,5023,77
956533,5011,76
958663,5189,65
960519,5024,73
962641,5189,60
964555,5146,73
966555,5099,72
968569,5123,67
970569,5085,62
972586,5124,71
974580,5073,79
976512,5190,61
978528,5165,71
980557,5063,72
982515,5185,74
984615,5127,66
986647,5162,63
988602,5184,79
990515,5023,63
992530,5032,72
994606,5141,75
996505,5007,68
998502,5138,77
1000522,5012,78
1002550,5179,63
1004544,5130,69
1006567,5021,71
1008505,5015,78
1010516,5155,60
1012600,5172,60
1014505,5000,60
1016502,5019,65
1018509,5185,74
1020515,5054,79
1022532,5115,63
1024531,5125,63
1026673,5037,66
1028502,5092,74
1030519,5154,61
1032570,5018,75
1034636,5052,69
1036509,5008,71
1038544,5047,68
1040654,5062,78
1042635,5164,70
1044559,5047,60
1046505,5064,77
1048587,5086,78
1050512,5179,60
1052530,5133,76
1054505,5115,70
1056574,5149,69
1058631,5003,76
1060506,5164,73
1062512,5038,77
1064612,5183,60
1066502,5159,78
1068536,5035,60
1072502,5161,60
1074538,5030,60
1076564,5092,79
1078583,5167,76
1080528,5035,76
1082522,5152,72
1084554,5044,66
1086558,5008,72
1088509,5133,64
1090515,5161,62
1092547,5077,68
1094522,5195,70
1096525,5169,72
1098522,5149,69
1100628,5145,61
1102509,5181,72
1104518,5075,60
1106599,5030,63
1108638,5026,74
1110509,5001,75
1112548,5163,63
1114505,5089,72
1116528,5151,70
1118530,5035,70
1120509,5130,71
1122502,5165,68
1124502,5137,72
1126515,5145,73
1128522,5145,63
1130650,5037,77
1132522,5080,74
1134505,5168,64
1136525,5025,70
1138505,5167,78
1140585,5032,77
1142609,5168,75
1144544,5029,60
1146502,5082,72
1148525,5029,63
1150512,5173,72
1152505,5057,64
1154505,5197,76
1156544,5193,74
1158527,5111,68
1160557,5108,71
1162544,5034,69
1164542,5061,68
1166536,5163,67
1168527,5142,61
1170512,5163,73
1172505,5042,64
1174603,5009,76
1176542,5007,73
1178596,5073,76
1180522,5194,72
1182533,5014,78
1184539,5090,65
1188505,5177,76
1192512,5109,60
1194509,5081,60
1196689,5057,73
1198525,5040,62
