moisture (%)
85000, 3745
90000, 3767
95000, 3766
100000, 3773
105000, 3877
110000, 3770
115000, 3833
120000, 3881
125000, 3770
130000, 3788
135000, 3839
140000, 3722
145000, 3722
150000, 3723
155000, 3861
160000, 3777
165000, 3821
170000, 3874
175000, 3810
180000, 3738
185000, 3838
190000, 3843
195000, 3705
200000, 3887
205000, 3871
210000, 3795
215000, 3864
220000, 3881
225000, 3797
230000, 3744
235000, 3815
240000, 3781
245000, 3727
250000, 3757
255000, 3760
260000, 3810
265000, 3811
270000, 3838
275000, 3881
280000, 3743
285000, 3743
290000, 3871
295000, 3776
300000, 3879
305000, 3708
310000, 3756
315000, 3853
320000, 3727
325000, 3708
330000, 3884
335000, 3743
340000, 3743
345000, 3885
350000, 3788
355000, 3745
360000, 3765
365000, 3784
370000, 3818
375000, 3756
380000, 3834
385000, 3771
390000, 3880
395000, 3793
400000, 3810
405000, 3809
410000, 3795
415000, 3847
420000, 3731
425000, 3770
430000, 3862
435000, 3849
440000, 3764
445000, 3740
450000, 3781
455000, 3787
460000, 3853
465000, 3810
470000, 3742
475000, 3834
480000, 3751
485000, 3741
490000, 3845
495000, 3722
500000, 3849
505000, 3785
510000, 3756
515000, 3730
520000, 3843
525000, 3792
530000, 3719
535000, 3832
540000, 3786
545000, 3787
550000, 3731
555000, 3859
560000, 3861
565000, 3890
570000, 3850
575000, 3770
580000, 3723
585000, 3733
590000, 3891
595000, 3788
600000, 3775
605000, 3726
610000, 3863
615000, 3812
620000, 3782
625000, 3747
630000, 3763
635000, 3870
640000, 3743
645000, 3747
650000, 3735
655000, 3741
660000, 3896
665000, 3778
670000, 3839
675000, 3709
680000, 3785
685000, 3787
690000, 3796
695000, 3862
700000, 3722
705000, 3724
710000, 3751
715000, 3723
720000, 3739
725000, 3831
730000, 3864
735000, 3814
740000, 3711
745000, 3849
750000, 3895
755000, 3815
760000, 3783
765000, 3707
770000, 3782
775000, 3823
780000, 3861
785000, 3781
790000, 3782
795000, 3895
800000, 3780
805000, 3740
810000, 3876
815000, 3725
820000, 3826
825000, 3793
830000, 3873
835000, 3868
840000, 3731
845000, 3729
850000, 3767
855000, 3881
860000, 3854
865000, 3716
870000, 3870
875000, 3896
880000, 3870
885000, 3863
890000, 3896
895000, 3799
900000, 3741
905000, 3700
910000, 3709
915000, 3756
920000, 3754
925000, 3788
930000, 3835
935000, 3827
940000, 3726
945000, 3846
950000, 3865
955000, 3878
960000, 3729
965000, 3836
970000, 3804
975000, 3706
980000, 3740
985000, 3826
990000, 3764
995000, 3877
1000000, 3863
1005000, 3796
1010000, 3794
1015000, 3786
1020000, 3769
1025000, 3823
1030000, 3709
1035000, 3818
1040000, 3791
1045000, 3777
1050000, 3736
1055000, 3826
1060000, 3843
1065000, 3888
1070000, 3792
1075000, 3842
1080000, 3815
1085000, 3865
1090000, 3702
1095000, 3729
1100000, 3734
1105000, 3845
1110000, 3897
1115000, 3807
1120000, 3810
1125000, 3882
1130000, 3871
1135000, 3842
1140000, 3756
1145000, 3891
1150000, 3846
1155000, 3734
1160000, 3810
1165000, 3724
1170000, 3749
1175000, 3886
1180000, 3773
1185000, 3728
1190000, 3821
1195000, 3800
1200000, 3714
1205000, 3880
1210000, 3822
1215000, 3821
1220000, 3821
1225000, 3734
1230000, 3763
1235000, 3782
1240000, 3808
1245000, 3765
1250000, 3841
1255000, 3757
1260000, 3874
1265000, 3794
1270000, 3756
1275000, 3880
1280000, 3728
1285000, 3739
1290000, 3831
1295000, 3876
1300000, 3875
1305000, 3705
1310000, 3874
1315000, 3756
1320000, 3756
1325000, 3853
1330000, 3750
1335000, 3791
1340000, 3841
1345000, 3793
1350000, 3788
1355000, 3715
1360000, 3828
1365000, 3790
1370000, 3842
1375000, 3745
1380000, 3822
1385000, 3716
1390000, 3870
1395000, 3876
1400000, 3823
1405000, 3786
1410000, 3764
1415000, 3739
1420000, 3701
1425000, 3899
1430000, 3853
1435000, 3751
1440000, 3785
1445000, 3864
1450000, 3790
1455000, 3870
1460000, 3736
1465000, 3783
1470000, 3747
1475000, 3831
1480000, 3747
1485000, 3735
1490000, 3870
1495000, 3843
1500000, 3734
1505000, 3790
1510000, 3876
1515000, 3738
1520000, 3882
1525000, 3824
1530000, 3899
1535000, 3885
1540000, 3742
1545000, 3855
1550000, 3812
1555000, 3700
1560000, 3730
1565000, 3827
1570000, 3733
1575000, 3895
1580000, 3853
1585000, 3724
1590000, 3847
1595000, 3755
1600000, 3857
1605000, 3826
1610000, 3720
1615000, 3819
1620000, 3731
1625000, 3787
1630000, 3876
1635000, 3894
1640000, 3810
1645000, 3760
1650000, 3818
1655000, 3840
1660000, 3797
1665000, 3816
1670000, 3792
1675000, 3820
1680000, 3705
1685000, 3780
1690000, 3821
1695000, 3865
1700000, 3798
1705000, 3788
1710000, 3723
1715000, 3898
1720000, 3774
1725000, 3853
1730000, 3755
1735000, 3878
1740000, 3833
1745000, 3836
1750000, 3751
1755000, 3814
1760000, 3845
1765000, 3829
1770000, 3770
1775000, 3804
1780000, 3801
1785000, 3788
1790000, 3865
1795000, 3872
