moisture (%)
85000, 3781
90000, 3897
95000, 3793
100000, 3707
105000, 3803
110000, 3894
115000, 3800
120000, 3718
125000, 3751
130000, 3713
135000, 3808
140000, 3897
145000, 3815
150000, 3765
155000, 3824
160000, 3732
165000, 3789
170000, 3716
175000, 3898
180000, 3892
185000, 3764
190000, 3766
195000, 3837
200000, 3859
205000, 3875
210000, 3766
215000, 3791
220000, 3794
225000, 3854
230000, 3713
235000, 3752
240000, 3834
245000, 3879
250000, 3736
255000, 3882
260000, 3764
265000, 3839
270000, 3738
275000, 3720
280000, 3875
285000, 3736
290000, 3815
295000, 3798
300000, 3760
305000, 3765
310000, 3755
315000, 3703
320000, 3716
325000, 3754
330000, 3832
335000, 3805
340000, 3729
345000, 3890
350000, 3848
355000, 3839
360000, 3862
365000, 3794
370000, 3791
375000, 3825
380000, 3830
385000, 3832
390000, 3883
395000, 3892
400000, 3880
405000, 3766
410000, 3854
415000, 3875
420000, 3701
425000, 3766
430000, 3734
435000, 3776
440000, 3751
445000, 3725
450000, 3791
455000, 3814
460000, 3717
465000, 3761
470000, 3783
475000, 3753
480000, 3780
485000, 3871
490000, 3787
495000, 3847
500000, 3722
505000, 3842
510000, 3789
515000, 3774
520000, 3823
525000, 3803
530000, 3793
535000, 3829
540000, 3881
545000, 3761
550000, 3756
555000, 3876
560000, 3711
565000, 3875
570000, 3735
575000, 3887
580000, 3886
585000, 3786
590000, 3788
595000, 3756
600000, 3764
605000, 3727
610000, 3775
615000, 3836
620000, 3805
625000, 3749
630000, 3741
635000, 3870
640000, 3898
645000, 3813
650000, 3807
655000, 3806
660000, 3759
665000, 3803
670000, 3828
675000, 3781
680000, 3710
685000, 3831
690000, 3872
695000, 3775
700000, 3830
705000, 3776
710000, 3884
715000, 3849
720000, 3755
725000, 3772
730000, 3738
735000, 3727
740000, 3862
745000, 3774
750000, 3848
755000, 3857
760000, 3701
765000, 3704
770000, 3700
775000, 3780
780000, 3755
785000, 3760
790000, 3762
795000, 3847
800000, 3743
805000, 3746
810000, 3760
815000, 3829
820000, 3855
825000, 3712
830000, 3895
835000, 3773
840000, 3776
845000, 3782
850000, 3759
855000, 3761
860000, 3830
865000, 3869
870000, 3863
875000, 3740
880000, 3800
885000, 3869
890000, 3725
895000, 3876
900000, 3709
905000, 3879
910000, 3733
915000, 3781
920000, 3705
925000, 3710
930000, 3813
935000, 3766
940000, 3849
945000, 3789
950000, 3864
955000, 3790
960000, 3850
965000, 3746
970000, 3783
975000, 3749
980000, 3778
985000, 3738
990000, 3830
995000, 3871
1000000, 3813
1005000, 3734
1010000, 3739
1015000, 3786
1020000, 3797
1025000, 3876
1030000, 3866
1035000, 3735
1040000, 3744
1045000, 3879
1050000, 3833
1055000, 3816
1060000, 3724
1065000, 3769
1070000, 3767
1075000, 3789
1080000, 3861
1085000, 3757
1090000, 3773
1095000, 3799
1100000, 3815
1105000, 3767
1110000, 3851
1115000, 3875
1120000, 3863
1125000, 3751
1130000, 3812
1135000, 3764
1140000, 3790
1145000, 3883
1150000, 3726
1155000, 3751
1160000, 3725
1165000, 3800
1170000, 3869
1175000, 3759
1180000, 3726
1185000, 3895
1190000, 3851
1195000, 3770
1200000, 3862
1205000, 3814
1210000, 3769
1215000, 3721
1220000, 3793
1225000, 3706
1230000, 3880
1235000, 3865
1240000, 3806
1245000, 3858
1250000, 3812
1255000, 3799
1260000, 3742
1265000, 3778
1270000, 3829
1275000, 3781
1280000, 3872
1285000, 3752
1290000, 3701
1295000, 3720
1300000, 3886
1305000, 3711
1310000, 3768
1315000, 3872
1320000, 3740
1325000, 3832
1330000, 3760
1335000, 3870
1340000, 3738
1345000, 3718
1350000, 3830
1355000, 3731
1360000, 3783
1365000, 3808
1370000, 3888
1375000, 3896
1380000, 3807
1385000, 3732
1390000, 3876
1395000, 3853
1400000, 3708
1405000, 3822
1410000, 3767
1415000, 3840
1420000, 3788
1425000, 3784
1430000, 3805
1435000, 3735
1440000, 3798
1445000, 3853
1450000, 3729
1455000, 3860
1460000, 3845
1465000, 3712
1470000, 3824
1475000, 3797
1480000, 3823
1485000, 3762
1490000, 3780
1495000, 3797
1500000, 3789
1505000, 3746
1510000, 3764
1515000, 3768
1520000, 3896
1525000, 3712
1530000, 3828
1535000, 3821
1540000, 3785
1545000, 3826
1550000, 3809
1555000, 3870
1560000, 3890
1565000, 3767
1570000, 3754
1575000, 3811
1580000, 3785
1585000, 3880
1590000, 3804
1595000, 3872
1600000, 3895
1605000, 3759
1610000, 3741
1615000, 3725
1620000, 3792
1625000, 3818
1630000, 3756
1635000, 3743
1640000, 3843
1645000, 3890
1650000, 3798
1655000, 3786
1660000, 3800
1665000, 3800
1670000, 3723
1675000, 3800
1680000, 3856
1685000, 3840
1690000, 3728
1695000, 3709
1700000, 3815
1705000, 3843
1710000, 3876
1715000, 3789
1720000, 3799
1725000, 3765
1730000, 3822
1735000, 3862
1740000, 3769
1745000, 3826
1750000, 3772
1755000, 3824
1760000, 3728
1765000, 3846
1770000, 3741
1775000, 3728
1780000, 3834
1785000, 3723
1790000, 3750
1795000, 3882
