moisture (%)
85000, 3824
90000, 3761
95000, 3715
100000, 3898
105000, 3715
110000, 3730
115000, 3728
120000, 3731
125000, 3714
130000, 3868
135000, 3773
140000, 3781
145000, 3737
150000, 3833
155000, 3700
160000, 3704
165000, 3876
170000, 3732
175000, 3779
180000, 3846
185000, 3723
190000, 3739
195000, 3891
200000, 3868
205000, 3758
210000, 3819
215000, 3784
220000, 3737
225000, 3700
230000, 3896
235000, 3737
240000, 3880
245000, 3852
250000, 3794
255000, 3796
260000, 3830
265000, 3889
270000, 3861
275000, 3833
280000, 3799
285000, 3883
290000, 3771
295000, 3817
300000, 3880
305000, 3820
310000, 3796
315000, 3788
320000, 3724
325000, 3782
330000, 3855
335000, 3792
340000, 3706
345000, 3872
350000, 3703
355000, 3739
360000, 3798
365000, 3808
370000, 3852
375000, 3823
380000, 3775
385000, 3740
390000, 3798
395000, 3807
400000, 3721
405000, 3831
410000, 3845
415000, 3711
420000, 3839
425000, 3794
430000, 3873
435000, 3898
440000, 3880
445000, 3853
450000, 3776
455000, 3884
460000, 3766
465000, 3796
470000, 3738
475000, 3857
480000, 3795
485000, 3788
490000, 3728
495000, 3800
500000, 3781
505000, 3821
510000, 3814
515000, 3741
520000, 3777
525000, 3719
530000, 3861
535000, 3779
540000, 3718
545000, 3841
550000, 3713
555000, 3756
560000, 3802
565000, 3719
570000, 3767
575000, 3840
580000, 3709
585000, 3722
590000, 3715
595000, 3845
600000, 3849
605000, 3756
610000, 3799
615000, 3740
620000, 3813
625000, 3895
630000, 3744
635000, 3882
640000, 3783
645000, 3733
650000, 3708
655000, 3807
660000, 3734
665000, 3785
670000, 3720
675000, 3864
680000, 3851
685000, 3763
690000, 3845
695000, 3868
700000, 3749
705000, 3848
710000, 3798
715000, 3812
720000, 3889
725000, 3726
730000, 3771
735000, 3890
740000, 3707
745000, 3742
750000, 3735
755000, 3847
760000, 3821
765000, 3804
770000, 3786
775000, 3710
780000, 3801
785000, 3807
790000, 3715
795000, 3831
800000, 3858
805000, 3714
810000, 3775
815000, 3712
820000, 3872
825000, 3770
830000, 3865
835000, 3811
840000, 3846
845000, 3788
850000, 3803
855000, 3710
860000, 3735
865000, 3853
870000, 3800
875000, 3897
880000, 3787
885000, 3828
890000, 3848
895000, 3728
900000, 3735
905000, 3840
910000, 3716
915000, 3785
920000, 3706
925000, 3726
930000, 3852
935000, 3797
940000, 3896
945000, 3862
950000, 3797
955000, 3870
960000, 3816
965000, 3805
970000, 3758
975000, 3823
980000, 3764
985000, 3814
990000, 3804
995000, 3742
1000000, 3850
1005000, 3758
1010000, 3729
1015000, 3776
1020000, 3782
1025000, 3781
1030000, 3736
1035000, 3834
1040000, 3764
1045000, 3849
1050000, 3727
1055000, 3784
1060000, 3719
1065000, 3710
1070000, 3841
1075000, 3744
1080000, 3718
1085000, 3776
1090000, 3711
1095000, 3783
1100000, 3846
1105000, 3741
1110000, 3736
1115000, 3875
1120000, 3719
1125000, 3880
1130000, 3769
1135000, 3899
1140000, 3753
1145000, 3787
1150000, 3807
1155000, 3773
1160000, 3877
1165000, 3831
1170000, 3884
1175000, 3793
1180000, 3703
1185000, 3750
1190000, 3845
1195000, 3748
1200000, 3881
1205000, 3798
1210000, 3740
1215000, 3725
1220000, 3722
1225000, 3835
1230000, 3705
1235000, 3718
1240000, 3858
1245000, 3773
1250000, 3748
1255000, 3753
1260000, 3789
1265000, 3709
1270000, 3724
1275000, 3795
1280000, 3873
1285000, 3888
1290000, 3782
1295000, 3877
1300000, 3887
1305000, 3782
1310000, 3720
1315000, 3848
1320000, 3859
1325000, 3812
1330000, 3882
1335000, 3883
1340000, 3777
1345000, 3780
1350000, 3824
1355000, 3833
1360000, 3729
1365000, 3809
1370000, 3826
1375000, 3867
1380000, 3826
1385000, 3720
1390000, 3782
1395000, 3785
1400000, 3829
1405000, 3769
1410000, 3807
1415000, 3823
1420000, 3749
1425000, 3869
1430000, 3855
1435000, 3852
1440000, 3828
1445000, 3880
1450000, 3768
1455000, 3725
1460000, 3702
1465000, 3717
1470000, 3896
1475000, 3741
1480000, 3899
1485000, 3853
1490000, 3834
1495000, 3775
1500000, 3807
1505000, 3855
1510000, 3765
1515000, 3819
1520000, 3813
1525000, 3896
1530000, 3768
1535000, 3831
1540000, 3728
1545000, 3797
1550000, 3822
1555000, 3850
1560000, 3815
1565000, 3773
1570000, 3830
1575000, 3866
1580000, 3740
1585000, 3847
1590000, 3855
1595000, 3875
1600000, 3795
1605000, 3866
1610000, 3816
1615000, 3730
1620000, 3707
1625000, 3714
1630000, 3776
1635000, 3786
1640000, 3793
1645000, 3891
1650000, 3852
1655000, 3744
1660000, 3818
1665000, 3876
1670000, 3870
1675000, 3804
1680000, 3892
1685000, 3802
1690000, 3889
1695000, 3890
1700000, 3761
1705000, 3769
1710000, 3823
1715000, 3767
1720000, 3760
1725000, 3836
1730000, 3863
1735000, 3789
1740000, 3890
1745000, 3827
1750000, 3811
1755000, 3802
1760000, 3739
1765000, 3841
1770000, 3821
1775000, 3875
1780000, 3769
1785000, 3810
1790000, 3724
1795000, 3851
