moisture (%)
85000, 3805
90000, 3741
95000, 3848
100000, 3748
105000, 3851
110000, 3868
115000, 3834
120000, 3860
125000, 3879
130000, 3791
135000, 3716
140000, 3861
145000, 3732
150000, 3853
155000, 3863
160000, 3877
165000, 3729
170000, 3808
175000, 3840
180000, 3793
185000, 3719
190000, 3741
195000, 3807
200000, 3877
205000, 3702
210000, 3769
215000, 3895
220000, 3739
225000, 3775
230000, 3718
235000, 3833
240000, 3745
245000, 3889
250000, 3764
255000, 3825
260000, 3856
265000, 3711
270000, 3700
275000, 3816
280000, 3712
285000, 3728
290000, 3879
295000, 3792
300000, 3743
305000, 3717
310000, 3796
315000, 3851
320000, 3851
325000, 3754
330000, 3740
335000, 3757
340000, 3716
345000, 3815
350000, 3771
355000, 3875
360000, 3891
365000, 3733
370000, 3798
375000, 3716
380000, 3865
385000, 3800
390000, 3776
395000, 3703
400000, 3714
405000, 3773
410000, 3706
415000, 3718
420000, 3882
425000, 3884
430000, 3825
435000, 3700
440000, 3756
445000, 3896
450000, 3724
455000, 3891
460000, 3759
465000, 3762
470000, 3723
475000, 3824
480000, 3864
485000, 3877
490000, 3872
495000, 3793
500000, 3853
505000, 3849
510000, 3846
515000, 3800
520000, 3870
525000, 3791
530000, 3855
535000, 3748
540000, 3730
545000, 3831
550000, 3701
555000, 3771
560000, 3786
565000, 3726
570000, 3887
575000, 3811
580000, 3776
585000, 3765
590000, 3793
595000, 3803
600000, 3866
605000, 3802
610000, 3800
615000, 3713
620000, 3757
625000, 3869
630000, 3893
635000, 3753
640000, 3828
645000, 3853
650000, 3719
655000, 3752
660000, 3885
665000, 3700
670000, 3826
675000, 3885
680000, 3815
685000, 3872
690000, 3769
695000, 3887
700000, 3868
705000, 3893
710000, 3857
715000, 3820
720000, 3787
725000, 3719
730000, 3773
735000, 3887
740000, 3881
745000, 3796
750000, 3879
755000, 3785
760000, 3827
765000, 3769
770000, 3738
775000, 3750
780000, 3846
785000, 3897
790000, 3777
795000, 3732
800000, 3862
805000, 3833
810000, 3851
815000, 3825
820000, 3836
825000, 3813
830000, 3886
835000, 3781
840000, 3706
845000, 3731
850000, 3860
855000, 3724
860000, 3854
865000, 3861
870000, 3824
875000, 3750
880000, 3899
885000, 3875
890000, 3834
895000, 3758
900000, 3837
905000, 3712
910000, 3849
915000, 3757
920000, 3782
925000, 3825
930000, 3877
935000, 3897
940000, 3823
945000, 3726
950000, 3820
955000, 3768
960000, 3822
965000, 3871
970000, 3755
975000, 3783
980000, 3749
985000, 3836
990000, 3864
995000, 3893
1000000, 3882
1005000, 3717
1010000, 3712
1015000, 3890
1020000, 3751
1025000, 3886
1030000, 3714
1035000, 3847
1040000, 3763
1045000, 3863
1050000, 3898
1055000, 3869
1060000, 3854
1065000, 3832
1070000, 3733
1075000, 3779
1080000, 3875
1085000, 3871
1090000, 3810
1095000, 3759
1100000, 3808
1105000, 3878
1110000, 3704
1115000, 3766
1120000, 3804
1125000, 3881
1130000, 3780
1135000, 3857
1140000, 3745
1145000, 3801
1150000, 3778
1155000, 3804
1160000, 3761
1165000, 3851
1170000, 3747
1175000, 3754
1180000, 3764
1185000, 3813
1190000, 3770
1195000, 3797
1200000, 3832
1205000, 3779
1210000, 3815
1215000, 3720
1220000, 3800
1225000, 3785
1230000, 3823
1235000, 3704
1240000, 3757
1245000, 3872
1250000, 3848
1255000, 3841
1260000, 3704
1265000, 3772
1270000, 3801
1275000, 3791
1280000, 3832
1285000, 3700
1290000, 3893
1295000, 3774
1300000, 3849
1305000, 3741
1310000, 3842
1315000, 3819
1320000, 3813
1325000, 3873
1330000, 3777
1335000, 3764
1340000, 3833
1345000, 3877
1350000, 3870
1355000, 3799
1360000, 3755
1365000, 3763
1370000, 3879
1375000, 3733
1380000, 3826
1385000, 3869
1390000, 3756
1395000, 3772
1400000, 3712
1405000, 3845
1410000, 3886
1415000, 3798
1420000, 3897
1425000, 3890
1430000, 3790
1435000, 3891
1440000, 3773
1445000, 3876
1450000, 3760
1455000, 3778
1460000, 3835
1465000, 3873
1470000, 3731
1475000, 3836
1480000, 3769
1485000, 3734
1490000, 3715
1495000, 3785
1500000, 3871
1505000, 3795
1510000, 3892
1515000, 3880
1520000, 3894
1525000, 3811
1530000, 3866
1535000, 3767
1540000, 3764
1545000, 3709
1550000, 3768
1555000, 3812
1560000, 3871
1565000, 3817
1570000, 3837
1575000, 3782
1580000, 3749
1585000, 3883
1590000, 3885
1595000, 3726
1600000, 3831
1605000, 3805
1610000, 3747
1615000, 3898
1620000, 3733
1625000, 3808
1630000, 3788
1635000, 3762
1640000, 3784
1645000, 3713
1650000, 3771
1655000, 3771
1660000, 3762
1665000, 3776
1670000, 3835
1675000, 3701
1680000, 3760
1685000, 3782
1690000, 3717
1695000, 3791
1700000, 3770
1705000, 3868
1710000, 3796
1715000, 3881
1720000, 3854
1725000, 3827
1730000, 3818
1735000, 3784
1740000, 3768
1745000, 3788
1750000, 3708
1755000, 3797
1760000, 3722
1765000, 3700
1770000, 3775
1775000, 3810
1780000, 3796
1785000, 3858
1790000, 3796
1795000, 3737
