light
110000, 4479
140000, 4482
170000, 4348
200000, 4473
230000, 4481
260000, 4499
290000, 4434
320000, 4317
350000, 4380
380000, 4367
410000, 4496
440000, 4432
470000, 4488
500000, 4390
530000, 4405
560000, 4412
590000, 4429
620000, 4319
650000, 4461
680000, 4495
710000, 4371
740000, 4474
770000, 4419
800000, 4463
830000, 4496
860000, 4484
890000, 4382
920000, 4352
950000, 4474
980000, 4355
1010000, 4464
1040000, 4321
1070000, 4450
1100000, 4323
1130000, 4460
1160000, 4348
1190000, 4379
1220000, 4413
1250000, 4479
1280000, 4493
1310000, 4372
1340000, 4374
1370000, 4367
1400000, 4443
1430000, 4311
1460000, 4387
1490000, 4402
1520000, 4448
1550000, 4450
1580000, 4466
1610000, 4424
1640000, 4394
1670000, 4349
1700000, 4317
1730000, 4421
1760000, 4390
1790000, 4432
