moisture (%)
85000, 3897
90000, 3860
95000, 3783
100000, 3790
105000, 3888
110000, 3786
115000, 3843
120000, 3875
125000, 3783
130000, 3759
135000, 3728
140000, 3830
145000, 3716
150000, 3836
155000, 3889
160000, 3849
165000, 3715
170000, 3777
175000, 3879
180000, 3747
185000, 3822
190000, 3726
195000, 3882
200000, 3845
205000, 3812
210000, 3757
215000, 3798
220000, 3806
225000, 3864
230000, 3886
235000, 3710
240000, 3717
245000, 3899
250000, 3840
255000, 3854
260000, 3898
265000, 3738
270000, 3850
275000, 3849
280000, 3823
285000, 3777
290000, 3739
295000, 3733
300000, 3743
305000, 3856
310000, 3714
315000, 3830
320000, 3850
325000, 3894
330000, 3894
335000, 3889
340000, 3831
345000, 3838
350000, 3782
355000, 3702
360000, 3794
365000, 3880
370000, 3702
375000, 3821
380000, 3761
385000, 3810
390000, 3801
395000, 3804
400000, 3829
405000, 3751
410000, 3754
415000, 3816
420000, 3710
425000, 3883
430000, 3745
435000, 3884
440000, 3847
445000, 3709
450000, 3791
455000, 3873
460000, 3735
465000, 3849
470000, 3746
475000, 3868
480000, 3754
485000, 3881
490000, 3718
495000, 3824
500000, 3848
505000, 3850
510000, 3831
515000, 3827
520000, 3722
525000, 3874
530000, 3897
535000, 3798
540000, 3781
545000, 3732
550000, 3845
555000, 3777
560000, 3748
565000, 3807
570000, 3814
575000, 3749
580000, 3725
585000, 3843
590000, 3787
595000, 3863
600000, 3858
605000, 3838
610000, 3719
615000, 3747
620000, 3796
625000, 3705
630000, 3745
635000, 3882
640000, 3783
645000, 3779
650000, 3869
655000, 3764
660000, 3876
665000, 3847
670000, 3748
675000, 3708
680000, 3812
685000, 3841
690000, 3847
695000, 3771
700000, 3783
705000, 3809
710000, 3879
715000, 3897
720000, 3736
725000, 3819
730000, 3789
735000, 3716
740000, 3791
745000, 3878
750000, 3752
755000, 3727
760000, 3706
765000, 3749
770000, 3723
775000, 3867
780000, 3711
785000, 3732
790000, 3858
795000, 3814
800000, 3834
805000, 3839
810000, 3795
815000, 3738
820000, 3740
825000, 3884
830000, 3768
835000, 3864
840000, 3767
845000, 3703
850000, 3764
855000, 3755
860000, 3847
865000, 3825
870000, 3715
875000, 3856
880000, 3871
885000, 3760
890000, 3728
895000, 3811
900000, 3866
905000, 3898
910000, 3846
915000, 3874
920000, 3722
925000, 3797
930000, 3801
935000, 3843
940000, 3736
945000, 3710
950000, 3869
955000, 3797
960000, 3815
965000, 3836
970000, 3799
975000, 3784
980000, 3864
985000, 3783
990000, 3801
995000, 3766
1000000, 3775
1005000, 3868
1010000, 3804
1015000, 3840
1020000, 3842
1025000, 3846
1030000, 3807
1035000, 3760
1040000, 3737
1045000, 3715
1050000, 3773
1055000, 3843
1060000, 3767
1065000, 3893
1070000, 3729
1075000, 3846
1080000, 3822
1085000, 3823
1090000, 3737
1095000, 3770
1100000, 3803
1105000, 3881
1110000, 3722
1115000, 3790
1120000, 3868
1125000, 3827
1130000, 3898
1135000, 3739
1140000, 3871
1145000, 3706
1150000, 3814
1155000, 3855
1160000, 3704
1165000, 3885
1170000, 3879
1175000, 3708
1180000, 3846
1185000, 3728
1190000, 3868
1195000, 3751
1200000, 3756
1205000, 3861
1210000, 3866
1215000, 3887
1220000, 3783
1225000, 3825
1230000, 3852
1235000, 3791
1240000, 3868
1245000, 3749
1250000, 3813
1255000, 3795
1260000, 3750
1265000, 3873
1270000, 3812
1275000, 3884
1280000, 3859
1285000, 3775
1290000, 3718
1295000, 3785
1300000, 3778
1305000, 3718
1310000, 3795
1315000, 3773
1320000, 3857
1325000, 3731
1330000, 3887
1335000, 3710
1340000, 3750
1345000, 3734
1350000, 3859
1355000, 3786
1360000, 3708
1365000, 3700
1370000, 3892
1375000, 3865
1380000, 3747
1385000, 3811
1390000, 3706
1395000, 3809
1400000, 3879
1405000, 3879
1410000, 3834
1415000, 3713
1420000, 3785
1425000, 3784
1430000, 3731
1435000, 3787
1440000, 3746
1445000, 3799
1450000, 3811
1455000, 3768
1460000, 3772
1465000, 3765
1470000, 3893
1475000, 3883
1480000, 3773
1485000, 3761
1490000, 3839
1495000, 3841
1500000, 3737
1505000, 3806
1510000, 3790
1515000, 3801
1520000, 3724
1525000, 3849
1530000, 3851
1535000, 3801
1540000, 3732
1545000, 3839
1550000, 3869
1555000, 3701
1560000, 3796
1565000, 3772
1570000, 3805
1575000, 3795
1580000, 3760
1585000, 3878
1590000, 3760
1595000, 3879
1600000, 3804
1605000, 3827
1610000, 3811
1615000, 3809
1620000, 3854
1625000, 3852
1630000, 3798
1635000, 3812
1640000, 3753
1645000, 3745
1650000, 3893
1655000, 3746
1660000, 3807
1665000, 3898
1670000, 3813
1675000, 3753
1680000, 3739
1685000, 3894
1690000, 3858
1695000, 3785
1700000, 3761
1705000, 3787
1710000, 3756
1715000, 3858
1720000, 3848
1725000, 3811
1730000, 3871
1735000, 3894
1740000, 3802
1745000, 3860
1750000, 3833
1755000, 3724
1760000, 3711
1765000, 3816
1770000, 3862
1775000, 3869
1780000, 3728
1785000, 3811
1790000, 3700
1795000, 3740
