PH, moisture
82000, 73, 5024
84000, 67, 5106
86000, 77, 5018
88000, 61, 5181
90000, 79, 5165
92000, 75, 5042
94000, 64, 5041
96000, 77, 5052
98000, 76, 5111
100000, 73, 5087
102000, 75, 5007
104000, 66, 5091
106000, 68, 5015
108000, 74, 5051
110000, 69, 5088
112000, 76, 5094
114000, 64, 5089
116000, 68, 5076
118000, 69, 5060
120000, 68, 5150
122000, 61, 5075
124000, 62, 5017
126000, 75, 5127
128000, 71, 5115
130000, 75, 5143
132000, 60, 5061
134000, 60, 5179
136000, 77, 5100
138000, 69, 5129
140000, 72, 5056
142000, 66, 5162
144000, 64, 5161
146000, 62, 5052
148000, 70, 5015
150000, 73, 5100
152000, 79, 5107
154000, 73, 5030
156000, 74, 5167
158000, 78, 5051
160000, 78, 5166
162000, 68, 5181
164000, 79, 5077
166000, 61, 5173
168000, 60, 5171
170000, 62, 5025
172000, 67, 5180
174000, 75, 5032
176000, 69, 5162
178000, 78, 5034
180000, 67, 5058
182000, 67, 5042
184000, 78, 5049
186000, 71, 5092
188000, 77, 5192
190000, 72, 5069
192000, 66, 5118
194000, 78, 5077
196000, 73, 5054
198000, 61, 5090
200000, 76, 5002
202000, 65, 5122
204000, 62, 5109
206000, 73, 5167
208000, 69, 5036
210000, 62, 5080
212000, 64, 5103
214000, 73, 5002
216000, 68, 5134
218000, 76, 5003
220000, 78, 5139
222000, 66, 5189
224000, 75, 5086
226000, 78, 5062
228000, 61, 5010
230000, 73, 5166
232000, 75, 5029
234000, 70, 5036
236000, 71, 5102
238000, 72, 5020
240000, 70, 5074
242000, 79, 5165
244000, 69, 5057
246000, 64, 5078
248000, 75, 5001
250000, 67, 5094
252000, 67, 5142
254000, 67, 5028
256000, 60, 5148
258000, 63, 5073
260000, 65, 5183
262000, 62, 5044
264000, 65, 5026
266000, 70, 5197
268000, 73, 5027
270000, 69, 5099
272000, 68, 5154
274000, 63, 5171
276000, 66, 5075
278000, 78, 5167
280000, 61, 5024
282000, 62, 5140
284000, 64, 5095
286000, 79, 5083
288000, 63, 5028
290000, 77, 5154
292000, 69, 5043
294000, 62, 5049
296000, 61, 5033
298000, 66, 5192
300000, 70, 5072
302000, 68, 5140
304000, 68, 5053
306000, 73, 5062
308000, 74, 5115
310000, 67, 5072
312000, 66, 5099
314000, 63, 5031
316000, 78, 5151
318000, 69, 5142
320000, 72, 5005
322000, 73, 5197
324000, 60, 5077
326000, 73, 5158
328000, 70, 5177
330000, 66, 5114
332000, 64, 5191
334000, 71, 5095
336000, 62, 5188
338000, 65, 5079
340000, 76, 5120
342000, 72, 5044
344000, 76, 5159
346000, 68, 5115
348000, 60, 5052
350000, 71, 5089
352000, 63, 5003
354000, 63, 5156
356000, 61, 5010
358000, 78, 5034
360000, 72, 5051
362000, 63, 5193
364000, 66, 5087
366000, 65, 5120
368000, 73, 5068
370000, 67, 5188
372000, 67, 5034
374000, 79, 5016
376000, 60, 5173
378000, 79, 5191
380000, 71, 5126
382000, 63, 5149
384000, 64, 5135
386000, 62, 5138
388000, 64, 5011
390000, 61, 5190
392000, 75, 5148
394000, 75, 5036
396000, 76, 5100
398000, 66, 5075
400000, 73, 5053
402000, 75, 5166
404000, 60, 5137
406000, 62, 5154
408000, 75, 5025
410000, 62, 5185
412000, 61, 5041
414000, 60, 5157
416000, 72, 5053
418000, 69, 5169
420000, 76, 5005
422000, 71, 5190
424000, 69, 5079
426000, 72, 5171
428000, 71, 5145
430000, 72, 5148
432000, 72, 5115
434000, 72, 5094
436000, 74, 5133
438000, 67, 5026
440000, 77, 5041
442000, 60, 5011
444000, 79, 5130
446000, 64, 5069
448000, 73, 5117
450000, 66, 5075
452000, 78, 5050
454000, 66, 5036
456000, 65, 5058
458000, 73, 5041
460000, 76, 5064
462000, 65, 5028
464000, 77, 5158
466000, 66, 5090
468000, 69, 5160
470000, 67, 5199
472000, 69, 5050
474000, 65, 5133
476000, 72, 5116
478000, 76, 5143
480000, 78, 5010
482000, 73, 5155
484000, 69, 5115
486000, 79, 5180
488000, 62, 5176
490000, 70, 5052
492000, 78, 5061
494000, 64, 5021
496000, 74, 5154
498000, 67, 5102
500000, 78, 5072
502000, 63, 5004
504000, 68, 5113
506000, 60, 5182
508000, 78, 5002
510000, 66, 5124
512000, 75, 5120
514000, 66, 5088
516000, 61, 5194
518000, 69, 5047
520000, 71, 5169
522000, 78, 5171
524000, 79, 5115
526000, 70, 5121
528000, 73, 5147
530000, 75, 5120
532000, 66, 5181
534000, 65, 5021
536000, 71, 5195
538000, 75, 5167
540000, 75, 5192
542000, 60, 5195
544000, 64, 5173
546000, 68, 5000
548000, 74, 5040
550000, 65, 5193
552000, 70, 5148
554000, 77, 5160
556000, 62, 5048
558000, 61, 5144
560000, 67, 5051
562000, 72, 5128
564000, 61, 5111
566000, 70, 5135
568000, 65, 5179
570000, 78, 5070
572000, 76, 5053
574000, 79, 5044
576000, 68, 5178
578000, 75, 5197
580000, 74, 5016
582000, 62, 5016
584000, 71, 5083
586000, 68, 5100
588000, 61, 5036
590000, 68, 5083
592000, 72, 5174
594000, 66, 5193
596000, 72, 5136
598000, 69, 5169
600000, 78, 5136
602000, 63, 5186
604000, 70, 5003
606000, 65, 5059
608000, 70, 5050
610000, 62, 5044
612000, 62, 5050
614000, 60, 5028
616000, 61, 5149
618000, 62, 5179
620000, 79, 5088
622000, 78, 5033
624000, 78, 5015
626000, 76, 5125
628000, 73, 5003
630000, 77, 5010
632000, 64, 5023
634000, 68, 5033
636000, 78, 5163
638000, 69, 5118
640000, 69, 5086
642000, 61, 5089
644000, 79, 5185
646000, 64, 5126
648000, 69, 5022
650000, 68, 5183
652000, 77, 5055
654000, 78, 5058
656000, 65, 5042
658000, 76, 5181
660000, 77, 5059
662000, 61, 5073
664000, 67, 5149
666000, 61, 5199
668000, 69, 5001
670000, 65, 5083
672000, 63, 5056
674000, 66, 5076
676000, 65, 5197
678000, 77, 5000
680000, 63, 5143
682000, 66, 5176
684000, 67, 5185
686000, 63, 5181
688000, 70, 5040
690000, 79, 5189
692000, 73, 5046
694000, 73, 5057
696000, 68, 5115
698000, 72, 5126
700000, 62, 5190
702000, 76, 5069
704000, 75, 5044
706000, 61, 5188
708000, 67, 5154
710000, 79, 5191
712000, 73, 5138
714000, 78, 5123
716000, 77, 5187
718000, 68, 5016
720000, 79, 5142
722000, 74, 5101
724000, 68, 5057
726000, 70, 5142
728000, 73, 5140
730000, 79, 5022
732000, 63, 5146
734000, 66, 5193
736000, 70, 5046
738000, 75, 5147
740000, 75, 5095
742000, 60, 5128
744000, 73, 5147
746000, 63, 5092
748000, 67, 5039
750000, 69, 5025
752000, 66, 5199
754000, 70, 5036
756000, 73, 5185
758000, 64, 5149
760000, 61, 5143
762000, 74, 5038
764000, 66, 5020
766000, 75, 5064
768000, 62, 5030
770000, 73, 5196
772000, 68, 5043
774000, 62, 5191
776000, 78, 5179
778000, 65, 5153
780000, 62, 5007
782000, 65, 5012
784000, 62, 5031
786000, 72, 5080
788000, 68, 5048
790000, 64, 5075
792000, 60, 5162
794000, 71, 5113
796000, 63, 5198
798000, 63, 5176
800000, 65, 5192
802000, 73, 5110
804000, 66, 5156
806000, 75, 5151
808000, 68, 5032
810000, 72, 5143
812000, 67, 5002
814000, 77, 5141
816000, 75, 5104
818000, 77, 5048
820000, 79, 5118
822000, 61, 5133
824000, 73, 5089
826000, 78, 5142
828000, 75, 5097
830000, 78, 5119
832000, 76, 5100
834000, 79, 5032
836000, 65, 5091
838000, 79, 5187
840000, 79, 5174
842000, 69, 5131
844000, 62, 5191
846000, 78, 5099
848000, 71, 5194
850000, 72, 5057
852000, 73, 5182
854000, 62, 5174
856000, 75, 5041
858000, 65, 5120
860000, 68, 5033
862000, 78, 5157
864000, 62, 5169
866000, 67, 5181
868000, 72, 5093
870000, 66, 5071
872000, 79, 5065
874000, 62, 5084
876000, 74, 5170
878000, 72, 5038
880000, 63, 5125
882000, 71, 5014
884000, 71, 5091
886000, 76, 5080
888000, 72, 5008
890000, 69, 5180
892000, 61, 5000
894000, 66, 5114
896000, 70, 5008
898000, 65, 5145
900000, 76, 5102
902000, 71, 5162
904000, 73, 5144
906000, 73, 5071
908000, 73, 5008
910000, 64, 5136
912000, 62, 5067
914000, 63, 5094
916000, 65, 5084
918000, 78, 5132
920000, 73, 5042
922000, 78, 5156
924000, 64, 5178
926000, 62, 5012
928000, 60, 5065
930000, 76, 5115
932000, 69, 5161
934000, 60, 5160
936000, 75, 5104
938000, 72, 5057
940000, 78, 5089
942000, 60, 5088
944000, 76, 5102
946000, 66, 5022
948000, 69, 5062
950000, 77, 5045
952000, 75, 5065
954000, 76, 5152
956000, 75, 5034
958000, 65, 5149
960000, 66, 5097
962000, 68, 5033
964000, 73, 5021
966000, 75, 5037
968000, 66, 5046
970000, 76, 5070
972000, 71, 5075
974000, 65, 5067
976000, 60, 5084
978000, 70, 5165
980000, 78, 5011
982000, 74, 5100
984000, 60, 5173
986000, 64, 5163
988000, 68, 5137
990000, 74, 5166
992000, 76, 5058
994000, 70, 5079
996000, 70, 5064
998000, 76, 5173
1000000, 67, 5160
1002000, 64, 5182
1004000, 77, 5157
1006000, 66, 5185
1008000, 61, 5081
1010000, 75, 5116
1012000, 75, 5113
1014000, 69, 5134
1016000, 60, 5161
1018000, 68, 5017
1020000, 62, 5127
1022000, 64, 5037
1024000, 62, 5126
1026000, 70, 5197
1028000, 64, 5136
1030000, 69, 5020
1032000, 77, 5174
1034000, 66, 5191
1036000, 76, 5041
1038000, 63, 5073
1040000, 71, 5120
1042000, 71, 5010
1044000, 65, 5003
1046000, 68, 5111
1048000, 71, 5153
1050000, 79, 5095
1052000, 66, 5035
1054000, 68, 5173
1056000, 68, 5132
1058000, 69, 5065
1060000, 71, 5138
1062000, 79, 5157
1064000, 62, 5069
1066000, 76, 5081
1068000, 79, 5029
1070000, 78, 5145
1072000, 79, 5017
1074000, 63, 5136
1076000, 77, 5167
1078000, 71, 5078
1080000, 66, 5160
1082000, 70, 5006
1084000, 77, 5115
1086000, 72, 5159
1088000, 70, 5160
1090000, 77, 5046
1092000, 68, 5177
1094000, 75, 5110
1096000, 69, 5023
1098000, 67, 5089
1100000, 79, 5055
1102000, 76, 5175
1104000, 62, 5045
1106000, 75, 5158
1108000, 67, 5030
1110000, 73, 5175
1112000, 66, 5058
1114000, 66, 5061
1116000, 74, 5145
1118000, 75, 5115
1120000, 61, 5190
1122000, 70, 5125
1124000, 63, 5181
1126000, 61, 5048
1128000, 65, 5148
1130000, 65, 5085
1132000, 60, 5044
1134000, 76, 5040
1136000, 63, 5187
1138000, 62, 5070
1140000, 65, 5082
1142000, 63, 5110
1144000, 77, 5108
1146000, 78, 5171
1148000, 75, 5002
1150000, 76, 5017
1152000, 61, 5080
1154000, 62, 5164
1156000, 62, 5138
1158000, 75, 5166
1160000, 74, 5142
1162000, 62, 5055
1164000, 62, 5018
1166000, 67, 5134
1168000, 66, 5173
1170000, 71, 5010
1172000, 67, 5071
1174000, 77, 5035
1176000, 70, 5053
1178000, 76, 5032
1180000, 65, 5158
1182000, 60, 5156
1184000, 70, 5060
1186000, 70, 5181
1188000, 70, 5057
1190000, 78, 5055
1192000, 79, 5060
1194000, 62, 5062
1196000, 78, 5176
1198000, 62, 5053
1200000, 64, 5159
1202000, 68, 5084
1204000, 69, 5011
1206000, 64, 5069
1208000, 68, 5198
1210000, 75, 5065
1212000, 76, 5024
1214000, 75, 5081
1216000, 74, 5199
1218000, 68, 5079
1220000, 65, 5013
1222000, 68, 5092
1224000, 65, 5064
1226000, 69, 5117
1228000, 66, 5174
1230000, 77, 5066
1232000, 67, 5125
1234000, 66, 5198
1236000, 73, 5014
1238000, 67, 5078
1240000, 71, 5144
1242000, 72, 5054
1244000, 73, 5027
1246000, 78, 5117
1248000, 77, 5143
1250000, 76, 5047
1252000, 63, 5077
1254000, 77, 5006
1256000, 66, 5114
1258000, 62, 5013
1260000, 70, 5187
1262000, 72, 5163
1264000, 75, 5187
1266000, 74, 5071
1268000, 64, 5194
1270000, 63, 5059
1272000, 62, 5075
1274000, 66, 5071
1276000, 60, 5097
1278000, 63, 5125
1280000, 78, 5142
1282000, 71, 5018
1284000, 78, 5039
1286000, 65, 5043
1288000, 79, 5031
1290000, 62, 5022
1292000, 79, 5015
1294000, 62, 5192
1296000, 66, 5016
1298000, 75, 5165
1300000, 64, 5058
1302000, 69, 5016
1304000, 62, 5064
1306000, 62, 5111
1308000, 79, 5182
1310000, 60, 5181
1312000, 73, 5007
1314000, 77, 5022
1316000, 66, 5027
1318000, 78, 5191
1320000, 61, 5150
1322000, 69, 5140
1324000, 68, 5134
1326000, 75, 5054
1328000, 75, 5080
1330000, 78, 5035
1332000, 64, 5018
1334000, 68, 5091
1336000, 61, 5013
1338000, 73, 5055
1340000, 75, 5106
1342000, 66, 5094
1344000, 64, 5148
1346000, 63, 5016
1348000, 60, 5044
1350000, 61, 5033
1352000, 69, 5104
1354000, 61, 5169
1356000, 62, 5090
1358000, 74, 5105
1360000, 79, 5069
1362000, 67, 5156
1364000, 74, 5152
1366000, 68, 5124
1368000, 63, 5063
1370000, 72, 5173
1372000, 75, 5036
1374000, 62, 5073
1376000, 77, 5057
1378000, 72, 5181
1380000, 62, 5041
1382000, 70, 5008
1384000, 76, 5019
1386000, 66, 5139
1388000, 64, 5097
1390000, 68, 5130
1392000, 61, 5016
1394000, 72, 5183
1396000, 73, 5110
1398000, 64, 5124
1400000, 74, 5099
1402000, 74, 5138
1404000, 76, 5088
1406000, 77, 5185
1408000, 60, 5195
1410000, 79, 5031
1412000, 64, 5094
1414000, 67, 5056
1416000, 62, 5025
1418000, 69, 5155
1420000, 63, 5149
1422000, 78, 5148
1424000, 61, 5054
1426000, 67, 5051
1428000, 62, 5098
1430000, 79, 5017
1432000, 74, 5032
1434000, 68, 5059
1436000, 60, 5093
1438000, 73, 5031
1440000, 65, 5000
1442000, 70, 5008
1444000, 69, 5085
1446000, 68, 5025
1448000, 75, 5170
1450000, 73, 5192
1452000, 67, 5140
1454000, 72, 5146
1456000, 64, 5197
1458000, 62, 5168
1460000, 67, 5049
1462000, 73, 5099
1464000, 73, 5182
1466000, 79, 5049
1468000, 64, 5112
1470000, 78, 5061
1472000, 72, 5014
1474000, 74, 5169
1476000, 70, 5049
1478000, 62, 5002
1480000, 73, 5142
1482000, 69, 5092
1484000, 79, 5027
1486000, 69, 5075
1488000, 65, 5035
1490000, 78, 5003
1492000, 70, 5037
1494000, 78, 5144
1496000, 64, 5088
1498000, 70, 5120
1500000, 61, 5110
1502000, 68, 5072
1504000, 78, 5182
1506000, 70, 5139
1508000, 78, 5129
1510000, 67, 5101
1512000, 62, 5046
1514000, 77, 5111
1516000, 75, 5154
1518000, 73, 5096
1520000, 62, 5147
1522000, 71, 5152
1524000, 71, 5187
1526000, 61, 5043
1528000, 67, 5091
1530000, 73, 5002
1532000, 61, 5086
1534000, 62, 5050
1536000, 67, 5044
1538000, 69, 5078
1540000, 77, 5026
1542000, 76, 5015
1544000, 78, 5085
1546000, 76, 5016
1548000, 67, 5021
1550000, 76, 5172
1552000, 67, 5057
1554000, 65, 5134
1556000, 71, 5059
1558000, 70, 5130
1560000, 76, 5126
1562000, 64, 5015
1564000, 71, 5035
1566000, 60, 5055
1568000, 66, 5120
1570000, 72, 5151
1572000, 60, 5107
1574000, 77, 5164
1576000, 69, 5101
1578000, 76, 5026
1580000, 76, 5088
1582000, 60, 5185
1584000, 72, 5166
1586000, 62, 5179
1588000, 66, 5000
1590000, 77, 5074
1592000, 65, 5135
1594000, 78, 5192
1596000, 79, 5005
1598000, 74, 5124
1600000, 78, 5159
1602000, 62, 5189
1604000, 75, 5121
1606000, 73, 5026
1608000, 69, 5103
1610000, 76, 5018
1612000, 79, 5170
1614000, 68, 5151
1616000, 64, 5090
1618000, 60, 5113
1620000, 71, 5047
1622000, 64, 5180
1624000, 77, 5089
1626000, 76, 5193
1628000, 79, 5146
1630000, 66, 5011
1632000, 74, 5167
1634000, 67, 5114
1636000, 71, 5108
1638000, 62, 5142
1640000, 77, 5054
1642000, 71, 5049
1644000, 72, 5048
1646000, 70, 5137
1648000, 77, 5064
1650000, 69, 5110
1652000, 67, 5069
1654000, 64, 5194
1656000, 62, 5085
1658000, 74, 5161
1660000, 66, 5005
1662000, 69, 5069
1664000, 64, 5056
1666000, 78, 5085
1668000, 77, 5062
1670000, 63, 5081
1672000, 65, 5008
1674000, 79, 5184
1676000, 76, 5080
1678000, 76, 5148
1680000, 72, 5120
1682000, 73, 5089
1684000, 64, 5032
1686000, 75, 5120
1688000, 64, 5020
1690000, 71, 5138
1692000, 74, 5158
1694000, 79, 5188
1696000, 67, 5013
1698000, 67, 5136
1700000, 75, 5078
1702000, 69, 5180
1704000, 66, 5058
1706000, 70, 5022
1708000, 73, 5086
1710000, 68, 5054
1712000, 78, 5189
1714000, 78, 5166
1716000, 79, 5021
1718000, 75, 5020
1720000, 69, 5197
1722000, 72, 5182
1724000, 61, 5054
1726000, 67, 5192
1728000, 61, 5191
1730000, 65, 5118
1732000, 70, 5061
1734000, 70, 5068
1736000, 78, 5085
1738000, 60, 5109
1740000, 76, 5108
1742000, 72, 5176
1744000, 64, 5161
1746000, 69, 5096
1748000, 63, 5107
1750000, 70, 5064
1752000, 75, 5131
1754000, 71, 5088
1756000, 67, 5058
1758000, 73, 5116
1760000, 67, 5002
1762000, 71, 5054
1764000, 78, 5131
1766000, 66, 5042
1768000, 67, 5138
1770000, 67, 5193
1772000, 66, 5159
1774000, 75, 5092
1776000, 67, 5072
1778000, 69, 5083
1780000, 78, 5015
1782000, 66, 5124
1784000, 74, 5130
1786000, 71, 5138
1788000, 60, 5134
1790000, 70, 5061
1792000, 67, 5096
1794000, 75, 5056
1796000, 73, 5125
1798000, 73, 5082
