temperature (C)
90000, 1912
100000, 1977
110000, 1907
120000, 1915
130000, 1961
140000, 1921
150000, 2063
160000, 1951
170000, 1957
180000, 1958
190000, 1996
200000, 1985
210000, 2090
220000, 1940
230000, 2008
240000, 2073
250000, 2069
260000, 2051
270000, 2040
280000, 2066
290000, 1969
300000, 2046
310000, 2067
320000, 1981
330000, 1931
340000, 2086
350000, 2099
360000, 1928
370000, 1962
380000, 1991
390000, 2067
400000, 2071
410000, 1907
420000, 1964
430000, 1911
440000, 1903
450000, 1948
460000, 2045
470000, 1993
480000, 1985
490000, 1904
500000, 1965
510000, 1926
520000, 2011
530000, 1939
540000, 2085
550000, 1959
560000, 2039
570000, 2036
580000, 2000
590000, 2009
600000, 1991
610000, 1974
620000, 1959
630000, 2071
640000, 1962
650000, 1935
660000, 1907
670000, 2087
680000, 2026
690000, 2064
700000, 1934
710000, 1947
720000, 1984
730000, 1942
740000, 1915
750000, 2057
760000, 2038
770000, 1984
780000, 1910
790000, 2090
800000, 2084
810000, 2044
820000, 1922
830000, 2040
840000, 1928
850000, 2019
860000, 2065
870000, 1917
880000, 1910
890000, 2035
900000, 1965
910000, 1954
920000, 2045
930000, 1901
940000, 2087
950000, 2003
960000, 2079
970000, 1907
980000, 1945
990000, 2037
1000000, 1907
1010000, 1914
1020000, 2037
1030000, 1987
1040000, 1974
1050000, 2020
1060000, 1955
1070000, 2048
1080000, 2035
1090000, 2051
1100000, 2001
1110000, 2023
1120000, 1968
1130000, 1954
1140000, 2099
1150000, 1932
1160000, 2048
1170000, 2093
1180000, 1925
1190000, 1938
1200000, 1972
1210000, 2045
1220000, 1951
1230000, 1948
1240000, 1998
1250000, 1958
1260000, 2094
1270000, 2022
1280000, 1912
1290000, 1916
1300000, 2037
1310000, 2074
1320000, 1957
1330000, 2073
1340000, 1908
1350000, 1912
1360000, 1936
1370000, 1991
1380000, 2066
1390000, 1962
1400000, 1985
1410000, 1968
1420000, 1933
1430000, 2070
1440000, 1927
1450000, 1974
1460000, 1921
1470000, 2088
1480000, 1989
1490000, 2024
1500000, 2011
1510000, 1901
1520000, 2043
1530000, 1950
1540000, 1997
1550000, 2026
1560000, 2028
1570000, 1908
1580000, 2020
1590000, 2028
1600000, 1978
1610000, 2093
1620000, 1976
1630000, 1983
1640000, 1923
1650000, 1981
1660000, 1961
1670000, 1905
1680000, 1906
1690000, 1975
1700000, 2034
1710000, 1943
1720000, 2070
1730000, 2037
1740000, 1926
1750000, 1900
1760000, 2068
1770000, 1976
1780000, 2084
1790000, 2089
