temperature (C)
90000, 2048
100000, 1958
110000, 1950
120000, 2071
130000, 2091
140000, 1947
150000, 2015
160000, 1974
170000, 2093
180000, 1964
190000, 1965
200000, 1984
210000, 1985
220000, 2064
230000, 1920
240000, 2079
250000, 1931
260000, 2047
270000, 1942
280000, 1905
290000, 1993
300000, 1930
310000, 1917
320000, 1942
330000, 1956
340000, 1905
350000, 1989
360000, 2036
370000, 2051
380000, 2066
390000, 2043
400000, 1977
410000, 1995
420000, 1975
430000, 1954
440000, 2097
450000, 1904
460000, 2093
470000, 2059
480000, 2051
490000, 2029
500000, 1922
510000, 2017
520000, 1933
530000, 1954
540000, 2070
550000, 2045
560000, 2003
570000, 1911
580000, 1982
590000, 2083
600000, 1968
610000, 1976
620000, 2059
630000, 2068
640000, 1993
650000, 2032
660000, 1987
670000, 1969
680000, 1938
690000, 2030
700000, 1963
710000, 2093
720000, 2012
730000, 1956
740000, 1938
750000, 1961
760000, 2039
770000, 2045
780000, 1991
790000, 2031
800000, 1916
810000, 2071
820000, 1906
830000, 2036
840000, 2051
850000, 2031
860000, 1924
870000, 2065
880000, 1990
890000, 2008
900000, 1941
910000, 1921
920000, 1911
930000, 1939
940000, 1941
950000, 2037
960000, 2096
970000, 1980
980000, 1979
990000, 2085
1000000, 2016
1010000, 2092
1020000, 2015
1030000, 1989
1040000, 1927
1050000, 1988
1060000, 1982
1070000, 1939
1080000, 1996
1090000, 1978
1100000, 1934
1110000, 1958
1120000, 2085
1130000, 2018
1140000, 2053
1150000, 2014
1160000, 2029
1170000, 2036
1180000, 1932
1190000, 1995
1200000, 2047
1210000, 2011
1220000, 1931
1230000, 2045
1240000, 2004
1250000, 1925
1260000, 2080
1270000, 2077
1280000, 1944
1290000, 2059
1300000, 2024
1310000, 1950
1320000, 2008
1330000, 2009
1340000, 1947
1350000, 1970
1360000, 2062
1370000, 1978
1380000, 2094
1390000, 2032
1400000, 2029
1410000, 1926
1420000, 2077
1430000, 2052
1440000, 1932
1450000, 1999
1460000, 2036
1470000, 1970
1480000, 2085
1490000, 1988
1500000, 2079
1510000, 1951
1520000, 1969
1530000, 1989
1540000, 1919
1550000, 2083
1560000, 2086
1570000, 2018
1580000, 2004
1590000, 1982
1600000, 1999
1610000, 1945
1620000, 2010
1630000, 1976
1640000, 2045
1650000, 2048
1660000, 2097
1670000, 1903
1680000, 2043
1690000, 1921
1700000, 1943
1710000, 1940
1720000, 2069
1730000, 1958
1740000, 1911
1750000, 2051
1760000, 2003
1770000, 2049
1780000, 1915
1790000, 1900
