moisture (%)
85000, 3868
90000, 3748
95000, 3894
100000, 3740
105000, 3734
110000, 3772
115000, 3878
120000, 3894
125000, 3895
130000, 3887
135000, 3731
140000, 3809
145000, 3752
150000, 3845
155000, 3728
160000, 3849
165000, 3797
170000, 3853
175000, 3809
180000, 3884
185000, 3728
190000, 3804
195000, 3834
200000, 3893
205000, 3792
210000, 3760
215000, 3894
220000, 3890
225000, 3722
230000, 3859
235000, 3897
240000, 3704
245000, 3838
250000, 3861
255000, 3796
260000, 3858
265000, 3765
270000, 3867
275000, 3828
280000, 3814
285000, 3823
290000, 3760
295000, 3820
300000, 3899
305000, 3745
310000, 3755
315000, 3766
320000, 3858
325000, 3760
330000, 3802
335000, 3702
340000, 3840
345000, 3848
350000, 3729
355000, 3814
360000, 3702
365000, 3882
370000, 3847
375000, 3728
380000, 3861
385000, 3834
390000, 3879
395000, 3852
400000, 3763
405000, 3763
410000, 3798
415000, 3789
420000, 3815
425000, 3807
430000, 3793
435000, 3788
440000, 3719
445000, 3767
450000, 3862
455000, 3877
460000, 3788
465000, 3802
470000, 3749
475000, 3785
480000, 3819
485000, 3785
490000, 3727
495000, 3840
500000, 3876
505000, 3802
510000, 3833
515000, 3807
520000, 3852
525000, 3885
530000, 3710
535000, 3823
540000, 3854
545000, 3772
550000, 3779
555000, 3732
560000, 3796
565000, 3710
570000, 3852
575000, 3882
580000, 3711
585000, 3874
590000, 3806
595000, 3742
600000, 3759
605000, 3733
610000, 3730
615000, 3703
620000, 3759
625000, 3713
630000, 3703
635000, 3830
640000, 3794
645000, 3701
650000, 3860
655000, 3823
660000, 3745
665000, 3773
670000, 3891
675000, 3760
680000, 3770
685000, 3796
690000, 3893
695000, 3724
700000, 3848
705000, 3870
710000, 3721
715000, 3826
720000, 3890
725000, 3838
730000, 3812
735000, 3785
740000, 3722
745000, 3716
750000, 3846
755000, 3879
760000, 3791
765000, 3794
770000, 3743
775000, 3797
780000, 3715
785000, 3830
790000, 3768
795000, 3830
800000, 3777
805000, 3810
810000, 3752
815000, 3884
820000, 3869
825000, 3892
830000, 3713
835000, 3884
840000, 3778
845000, 3795
850000, 3845
855000, 3842
860000, 3895
865000, 3788
870000, 3899
875000, 3834
880000, 3859
885000, 3712
890000, 3786
895000, 3862
900000, 3808
905000, 3722
910000, 3863
915000, 3750
920000, 3806
925000, 3795
930000, 3706
935000, 3800
940000, 3736
945000, 3774
950000, 3870
955000, 3748
960000, 3811
965000, 3817
970000, 3806
975000, 3781
980000, 3875
985000, 3825
990000, 3731
995000, 3701
1000000, 3705
1005000, 3831
1010000, 3823
1015000, 3852
1020000, 3798
1025000, 3747
1030000, 3776
1035000, 3790
1040000, 3878
1045000, 3881
1050000, 3866
1055000, 3883
1060000, 3894
1065000, 3710
1070000, 3774
1075000, 3747
1080000, 3864
1085000, 3775
1090000, 3723
1095000, 3762
1100000, 3885
1105000, 3822
1110000, 3772
1115000, 3838
1120000, 3760
1125000, 3857
1130000, 3849
1135000, 3762
1140000, 3768
1145000, 3788
1150000, 3859
1155000, 3755
1160000, 3791
1165000, 3834
1170000, 3894
1175000, 3776
1180000, 3892
1185000, 3773
1190000, 3851
1195000, 3720
1200000, 3883
1205000, 3859
1210000, 3712
1215000, 3772
1220000, 3811
1225000, 3831
1230000, 3736
1235000, 3728
1240000, 3747
1245000, 3734
1250000, 3816
1255000, 3848
1260000, 3766
1265000, 3812
1270000, 3735
1275000, 3796
1280000, 3801
1285000, 3843
1290000, 3805
1295000, 3725
1300000, 3839
1305000, 3869
1310000, 3841
1315000, 3883
1320000, 3774
1325000, 3850
1330000, 3814
1335000, 3885
1340000, 3890
1345000, 3892
1350000, 3721
1355000, 3898
1360000, 3768
1365000, 3867
1370000, 3727
1375000, 3728
1380000, 3856
1385000, 3786
1390000, 3709
1395000, 3701
1400000, 3757
1405000, 3769
1410000, 3779
1415000, 3801
1420000, 3891
1425000, 3757
1430000, 3845
1435000, 3848
1440000, 3869
1445000, 3828
1450000, 3856
1455000, 3859
1460000, 3820
1465000, 3728
1470000, 3813
1475000, 3775
1480000, 3743
1485000, 3877
1490000, 3803
1495000, 3790
1500000, 3761
1505000, 3863
1510000, 3859
1515000, 3730
1520000, 3840
1525000, 3720
1530000, 3758
1535000, 3782
1540000, 3791
1545000, 3884
1550000, 3713
1555000, 3792
1560000, 3824
1565000, 3775
1570000, 3887
1575000, 3801
1580000, 3875
1585000, 3729
1590000, 3771
1595000, 3721
1600000, 3770
1605000, 3837
1610000, 3780
1615000, 3846
1620000, 3777
1625000, 3780
1630000, 3823
1635000, 3734
1640000, 3721
1645000, 3751
1650000, 3834
1655000, 3808
1660000, 3710
1665000, 3732
1670000, 3748
1675000, 3773
1680000, 3814
1685000, 3742
1690000, 3757
1695000, 3865
1700000, 3745
1705000, 3767
1710000, 3747
1715000, 3870
1720000, 3747
1725000, 3822
1730000, 3841
1735000, 3849
1740000, 3887
1745000, 3862
1750000, 3807
1755000, 3761
1760000, 3832
1765000, 3874
1770000, 3886
1775000, 3800
1780000, 3771
1785000, 3809
1790000, 3819
1795000, 3845
