moisture (%)
85000, 3759
90000, 3765
95000, 3718
100000, 3730
105000, 3859
110000, 3897
115000, 3888
120000, 3725
125000, 3751
130000, 3788
135000, 3754
140000, 3756
145000, 3802
150000, 3837
155000, 3713
160000, 3717
165000, 3828
170000, 3789
175000, 3715
180000, 3758
185000, 3780
190000, 3800
195000, 3721
200000, 3837
205000, 3716
210000, 3872
215000, 3835
220000, 3851
225000, 3877
230000, 3802
235000, 3845
240000, 3704
245000, 3860
250000, 3867
255000, 3888
260000, 3816
265000, 3769
270000, 3805
275000, 3828
280000, 3852
285000, 3743
290000, 3820
295000, 3819
300000, 3805
305000, 3852
310000, 3790
315000, 3850
320000, 3769
325000, 3848
330000, 3755
335000, 3801
340000, 3799
345000, 3853
350000, 3758
355000, 3714
360000, 3732
365000, 3817
370000, 3792
375000, 3726
380000, 3882
385000, 3830
390000, 3714
395000, 3899
400000, 3846
405000, 3713
410000, 3875
415000, 3876
420000, 3707
425000, 3877
430000, 3880
435000, 3721
440000, 3793
445000, 3857
450000, 3787
455000, 3778
460000, 3891
465000, 3727
470000, 3759
475000, 3714
480000, 3883
485000, 3780
490000, 3788
495000, 3816
500000, 3712
505000, 3840
510000, 3876
515000, 3700
520000, 3857
525000, 3749
530000, 3896
535000, 3767
540000, 3855
545000, 3731
550000, 3804
555000, 3726
560000, 3774
565000, 3851
570000, 3811
575000, 3766
580000, 3806
585000, 3718
590000, 3811
595000, 3752
600000, 3735
605000, 3774
610000, 3732
615000, 3704
620000, 3708
625000, 3769
630000, 3708
635000, 3769
640000, 3740
645000, 3715
650000, 3773
655000, 3848
660000, 3796
665000, 3775
670000, 3727
675000, 3862
680000, 3724
685000, 3752
690000, 3744
695000, 3870
700000, 3828
705000, 3778
710000, 3828
715000, 3746
720000, 3867
725000, 3711
730000, 3763
735000, 3794
740000, 3788
745000, 3782
750000, 3886
755000, 3718
760000, 3701
765000, 3753
770000, 3834
775000, 3894
780000, 3809
785000, 3861
790000, 3860
795000, 3702
800000, 3856
805000, 3743
810000, 3884
815000, 3883
820000, 3852
825000, 3876
830000, 3846
835000, 3882
840000, 3708
845000, 3846
850000, 3880
855000, 3782
860000, 3700
865000, 3739
870000, 3823
875000, 3830
880000, 3820
885000, 3738
890000, 3765
895000, 3895
900000, 3805
905000, 3824
910000, 3803
915000, 3853
920000, 3714
925000, 3753
930000, 3710
935000, 3741
940000, 3805
945000, 3798
950000, 3879
955000, 3897
960000, 3798
965000, 3728
970000, 3720
975000, 3740
980000, 3863
985000, 3898
990000, 3855
995000, 3810
1000000, 3822
1005000, 3874
1010000, 3720
1015000, 3832
1020000, 3889
1025000, 3818
1030000, 3736
1035000, 3830
1040000, 3862
1045000, 3898
1050000, 3865
1055000, 3798
1060000, 3783
1065000, 3771
1070000, 3849
1075000, 3786
1080000, 3837
1085000, 3861
1090000, 3835
1095000, 3842
1100000, 3754
1105000, 3718
1110000, 3881
1115000, 3787
1120000, 3881
1125000, 3886
1130000, 3823
1135000, 3762
1140000, 3783
1145000, 3813
1150000, 3755
1155000, 3809
1160000, 3831
1165000, 3796
1170000, 3782
1175000, 3891
1180000, 3814
1185000, 3807
1190000, 3747
1195000, 3732
1200000, 3893
1205000, 3774
1210000, 3812
1215000, 3800
1220000, 3814
1225000, 3856
1230000, 3769
1235000, 3880
1240000, 3748
1245000, 3730
1250000, 3840
1255000, 3847
1260000, 3828
1265000, 3816
1270000, 3715
1275000, 3743
1280000, 3705
1285000, 3889
1290000, 3809
1295000, 3867
1300000, 3712
1305000, 3798
1310000, 3718
1315000, 3729
1320000, 3726
1325000, 3785
1330000, 3709
1335000, 3866
1340000, 3855
1345000, 3866
1350000, 3800
1355000, 3800
1360000, 3744
1365000, 3771
1370000, 3707
1375000, 3757
1380000, 3796
1385000, 3898
1390000, 3781
1395000, 3754
1400000, 3802
1405000, 3716
1410000, 3861
1415000, 3757
1420000, 3822
1425000, 3862
1430000, 3708
1435000, 3859
1440000, 3781
1445000, 3822
1450000, 3793
1455000, 3753
1460000, 3774
1465000, 3799
1470000, 3880
1475000, 3838
1480000, 3776
1485000, 3728
1490000, 3721
1495000, 3801
1500000, 3858
1505000, 3872
1510000, 3890
1515000, 3885
1520000, 3874
1525000, 3719
1530000, 3796
1535000, 3709
1540000, 3717
1545000, 3841
1550000, 3872
1555000, 3768
1560000, 3865
1565000, 3844
1570000, 3803
1575000, 3759
1580000, 3866
1585000, 3725
1590000, 3723
1595000, 3705
1600000, 3840
1605000, 3732
1610000, 3705
1615000, 3893
1620000, 3790
1625000, 3817
1630000, 3707
1635000, 3875
1640000, 3855
1645000, 3824
1650000, 3735
1655000, 3841
1660000, 3887
1665000, 3752
1670000, 3853
1675000, 3771
1680000, 3818
1685000, 3701
1690000, 3879
1695000, 3795
1700000, 3778
1705000, 3783
1710000, 3765
1715000, 3718
1720000, 3797
1725000, 3883
1730000, 3717
1735000, 3787
1740000, 3764
1745000, 3898
1750000, 3825
1755000, 3846
1760000, 3898
1765000, 3810
1770000, 3873
1775000, 3869
1780000, 3740
1785000, 3787
1790000, 3776
1795000, 3723
