82196 70,
86090 64,
88051 79,
90179 69,
92116 69,
94010 64,
96074 63,
98090 62,
100262 77,
102029 79,
106122 61,
110536 67,
112106 76,
114010 65,
116003 70,
118039 74,
120268 79,
122144 67,
124010 78,
126090 67,
128016 69,
132144 60,
134237 73,
136023 66,
140370 62,
142019 62,
144029 76,
146010 69,
148010 60,
150153 79,
152151 70,
156013 60,
158016 73,
160317 78,
162019 79,
164022 73,
166003 65,
170417 65,
172167 70,
174080 66,
176003 78,
178010 73,
180127 66,
184109 73,
186067 64,
188023 69,
190125 79,
196122 69,
198016 63,
200263 65,
204055 66,
206006 60,
208119 66,
210192 75,
212019 71,
214148 74,
216067 71,
220226 67,
222022 70,
224045 74,
226010 61,
228003 66,
232010 75,
234090 78,
236218 67,
238006 62,
242003 64,
244003 72,
246019 70,
248023 61,
250122 75,
252109 72,
254003 75,
258010 67,
260178 72,
262010 72,
266019 67,
268048 78,
272048 63,
274003 60,
276058 66,
278026 62,
280249 73,
282010 78,
284051 60,
286074 79,
292019 60,
294003 79,
296100 66,
300077 72,
302106 66,
304058 63,
306016 73,
308010 60,
312035 63,
314010 70,
316010 69,
318084 71,
320311 74,
322007 64,
324029 75,
326010 60,
328122 70,
330185 66,
332006 79,
334006 65,
336003 75,
338106 78,
340119 77,
342039 68,
344010 78,
346019 64,
348112 65,
350227 69,
352128 63,
354022 75,
356013 79,
358125 64,
360124 64,
362116 64,
364116 68,
366170 75,
370112 74,
372010 70,
374016 65,
376003 67,
378119 75,
380274 61,
382125 69,
384042 68,
386003 63,
388010 78,
390127 62,
392010 78,
394019 63,
398029 64,
400205 69,
402003 76,
406068 62,
408003 72,
410397 60,
412109 74,
414022 70,
416019 73,
418045 65,
422006 77,
424010 75,
428106 66,
430224 62,
432212 68,
434125 77,
436106 67,
440368 76,
442003 73,
444058 61,
446051 74,
448109 71,
450095 71,
452003 63,
454035 77,
456006 76,
458003 62,
460389 60,
462058 72,
464003 60,
468010 67,
470347 78,
472029 68,
474164 68,
476170 69,
480450 69,
482176 68,
484010 78,
486042 69,
488010 61,
490487 65,
492106 79,
494096 74,
496138 64,
500312 68,
502019 61,
504022 77,
506218 61,
508029 62,
510320 72,
512064 60,
514045 78,
516148 68,
518016 62,
520220 65,
522045 66,
524064 74,
526093 73,
530298 67,
532003 71,
534068 77,
536128 60,
540106 60,
542058 60,
544212 67,
546119 67,
548087 72,
550249 66,
552026 73,
556087 79,
558058 65,
560326 69,
562180 75,
564029 65,
568045 71,
570161 63,
572010 70,
574122 72,
578010 71,
580212 63,
582125 67,
584048 62,
586186 67,
588019 61,
590107 74,
592051 71,
596132 65,
600251 62,
602022 75,
604051 74,
606144 75,
608141 72,
610284 67,
612132 70,
614167 73,
616071 70,
618003 79,
620435 75,
622042 79,
624045 61,
626109 71,
630335 75,
632003 64,
634196 63,
636176 70,
638138 77,
640159 65,
642148 63,
646026 63,
648029 67,
650550 72,
652003 60,
654042 66,
658160 60,
660207 73,
662103 73,
664032 75,
666010 76,
668003 70,
670277 61,
672048 64,
674103 72,
676003 77,
678138 69,
680337 79,
682042 78,
684016 62,
688061 64,
690315 73,
692042 71,
696042 76,
698090 66,
700282 79,
704003 78,
706003 64,
708010 74,
712087 75,
714141 74,
718064 76,
726144 69,
730276 76,
732010 70,
734154 61,
738003 60,
740391 71,
742010 70,
744103 68,
746003 76,
748067 63,
750376 62,
752141 62,
754016 74,
758003 75,
760290 70,
762026 78,
764003 67,
766042 67,
768048 79,
770305 61,
772016 77,
776132 78,
778109 77,
780231 67,
782157 77,
784048 67,
786019 66,
790310 68,
792045 62,
794010 70,
796100 62,
798055 66,
800237 69,
802052 63,
804035 75,
806003 69,
808132 65,
810297 76,
814003 64,
816048 75,
818003 64,
820206 61,
822029 70,
824138 61,
826100 61,
828122 61,
830411 78,
832003 76,
834042 79,
838051 64,
840214 64,
842112 65,
844003 69,
846071 77,
848189 63,
850198 62,
854003 73,
856064 68,
858029 73,
860417 61,
866154 74,
868128 62,
870314 64,
872010 65,
874080 74,
876051 70,
878109 74,
880265 72,
882058 62,
884010 77,
888128 69,
890342 73,
892013 77,
896176 78,
898058 68,
900316 60,
902144 75,
906180 61,
908058 70,
912077 69,
914026 75,
916144 77,
918029 71,
920240 79,
922023 63,
924077 65,
926100 76,
928208 63,
930277 67,
932138 77,
934010 60,
936003 75,
940131 72,
942116 69,
944128 78,
946010 71,
948051 62,
950372 75,
952035 66,
954010 62,
956036 76,
958003 62,
960211 75,
962029 71,
964003 78,
966170 78,
968116 62,
970172 72,
972010 60,
974138 65,
976160 70,
980230 79,
982064 61,
984010 67,
986122 66,
988122 62,
992003 67,
994003 67,
996010 60,
998103 76,
1000112 62,
1002074 66,
1004003 74,
1008003 73,
1010187 64,
1012061 67,
1014132 68,
1016010 66,
1018055 71,
1020247 76,
1024045 60,
1026023 60,
1028221 74,
1030303 73,
1032167 73,
1034051 77,
1038061 64,
1040254 61,
1042135 76,
1046003 66,
1048010 65,
1050235 72,
1052003 67,
1054042 76,
1056003 79,
1058144 67,
1060341 68,
1066003 60,
1068022 60,
1070342 67,
1072022 62,
1074055 65,
1076093 79,
1078010 72,
1080101 77,
1082122 68,
1084003 79,
1086016 72,
1088010 70,
1090461 61,
1094067 70,
1096122 73,
1098010 77,
1102010 71,
1104010 65,
1106010 65,
1108151 73,
1110339 78,
1112138 77,
1116003 66,
1118048 63,
1120281 67,
1122010 76,
1124048 74,
1126128 67,
1128010 63,
1130366 79,
1134010 61,
1138231 66,
1140172 70,
1142080 78,
1144141 71,
1146048 70,
1148003 73,
1150339 72,
1152119 72,
1154010 60,
1156160 60,
1160463 65,
1162029 75,
1164010 66,
1166141 65,
1168003 72,
1170276 75,
1172119 70,
1174003 63,
1176003 60,
1178003 78,
1180393 61,
1182119 68,
1184109 69,
1186055 71,
1188186 77,
1190321 76,
1192010 68,
1196045 64,
1198048 62,
1202010 75,
1204029 77,
1206003 62,
1208202 62,
1210345 70,
1212103 67,
1216167 73,
1218010 70,
1220398 78,
1222019 63,
1224160 70,
1228035 60,
1232010 61,
1236010 64,
1238180 77,
1240332 70,
1242016 67,
1244208 65,
1246029 65,
1250317 74,
1252087 72,
1254125 70,
1256010 65,
1260051 69,
1262010 70,
1264144 78,
1266029 64,
1268029 71,
1270366 72,
1272141 74,
1274141 79,
1276003 63,
1278003 76,
1280345 76,
1282160 64,
1284003 60,
1286048 66,
1288183 60,
1290288 78,
1292048 65,
1296103 72,
1298077 68,
1300426 76,
1302205 78,
1306157 66,
1310518 79,
1312096 65,
1314112 75,
1316061 66,
1320288 60,
1322003 60,
1324103 78,
1326035 60,
1328010 75,
1330116 70,
1334189 71,
1336084 62,
1338003 79,
1340354 60,
1342119 79,
1344109 76,
1346109 71,
1348109 71,
1350338 75,
1352003 68,
1354048 70,
1356109 73,
1360179 76,
1362067 71,
1364026 73,
1366199 64,
1368061 64,
1370179 69,
1372029 67,
1376064 78,
1378103 64,
1380358 64,
1382180 76,
1384192 62,
1386116 62,
1388010 76,
1390307 74,
1392003 66,
1394173 76,
1398003 77,
1400414 73,
1402074 71,
1404135 63,
1406003 60,
1408010 67,
1410192 75,
1412003 73,
1414112 63,
1416026 78,
1418196 66,
1420200 72,
1422003 60,
1424010 72,
1426055 65,
1430277 63,
1432071 79,
1434122 71,
1436010 79,
1438119 64,
1440294 65,
1444170 69,
1446029 65,
1448096 60,
1450233 74,
1452112 61,
1454096 74,
1458029 60,
1460304 79,
1462003 76,
1464003 70,
1466087 68,
1470355 68,
1472199 68,
1476010 61,
1478061 68,
1480275 79,
1482135 65,
1484048 68,
1486064 63,
1488003 78,
1490375 60,
1494055 79,
1496003 62,
1498084 78,
1500352 73,
1502061 64,
1504167 62,
1506003 76,
1510239 75,
1512135 67,
1518051 75,
1520240 62,
1524048 65,
1526003 62,
1528010 77,
1530146 76,
1532109 71,
1534016 69,
1536051 61,
1538112 63,
1540117 60,
1542119 60,
1544013 73,
1546048 75,
1548003 76,
1550314 63,
1552234 78,
1556077 64,
1560224 69,
1562125 78,
1564199 60,
1570319 64,
1574010 69,
1578132 72,
1580251 70,
1582148 71,
1584010 72,
1586231 60,
1588010 74,
1590316 61,
1592116 71,
1594003 67,
1596003 71,
1598093 66,
1600435 68,
1602196 73,
1606116 72,
1610449 71,
1612048 61,
1616132 64,
1618003 78,
1620285 78,
1622071 62,
1624090 64,
1626064 66,
1628154 75,
1630326 72,
1632010 76,
1634128 73,
1636160 62,
1640198 60,
1642003 63,
1644061 75,
1646003 73,
1650164 76,
1652176 66,
1656116 69,
1658100 74,
1660233 75,
1662055 71,
1664010 62,
1666042 76,
1668048 60,
1670202 73,
1674029 61,
1676029 67,
1680368 65,
1682128 68,
1684010 62,
1688010 66,
1692003 79,
1696010 73,
1700280 69,
1702048 76,
1704051 74,
1708010 66,
1710195 67,
1712080 75,
1714173 63,
1718067 75,
1720326 79,
1722157 78,
1724010 68,
1726010 75,
1728003 78,
1730335 72,
1732077 62,
1734010 70,
1736061 67,
1738100 71,
1740322 68,
1744010 72,
1746125 68,
1748010 74,
1752003 71,
1754196 66,
1756026 72,
1758141 69,
1762132 69,
1764135 63,
1766010 72,
1768071 72,
1770483 78,
1772170 63,
1776116 74,
1778180 66,
1780259 75,
1782010 72,
1784151 74,
1788010 76,
1790337 74,
1792013 61,
1794100 61,
1796003 61,
