85192 3739
90136 3887
95032 3792
110047 3772
115138 3871
120094 3867
125148 3719
130232 3770
135029 3719
140175 3778
145134 3875
155058 3767
160058 3773
165131 3747
170117 3831
185029 3751
190322 3787
195010 3897
205019 3733
210219 3838
225106 3714
230297 3719
235125 3844
240068 3878
245151 3765
250024 3751
255119 3891
265032 3781
270187 3722
275003 3896
280091 3856
285148 3750
295003 3716
300123 3775
305006 3840
310019 3738
315093 3762
325074 3750
335100 3783
340150 3898
345010 3716
350253 3865
355144 3833
375170 3726
385061 3883
390213 3752
395051 3827
405003 3705
430126 3705
435109 3895
445205 3723
450184 3859
455119 3819
465183 3729
470422 3818
475119 3864
480203 3846
485141 3751
510081 3768
515010 3897
520118 3710
525010 3722
530326 3760
535131 3852
545170 3873
550145 3804
555042 3716
570104 3842
575122 3869
585003 3728
595010 3738
600145 3716
615138 3867
620173 3865
625010 3774
630171 3806
635032 3831
640030 3881
645042 3710
650288 3846
655061 3799
660037 3776
670395 3899
675003 3886
680307 3853
695032 3733
700296 3829
710195 3887
720017 3861
725010 3776
730158 3885
735003 3771
740239 3840
745042 3879
750139 3878
755189 3714
760206 3878
765116 3758
780116 3876
785061 3766
790078 3887
795128 3854
800330 3707
805109 3847
820174 3898
825010 3724
830265 3767
835119 3747
845032 3866
850252 3789
855099 3711
865003 3845
870126 3795
875055 3895
880053 3839
885148 3847
895042 3779
900203 3820
905099 3755
915003 3828
935042 3864
950321 3789
960181 3794
965010 3707
980397 3885
985010 3722
995061 3842
1000238 3782
1010260 3859
1015010 3826
1025055 3797
1035032 3744
1040452 3777
1045010 3813
1055003 3717
1060192 3832
1065170 3799
1070388 3807
1075003 3796
1085003 3833
1095064 3851
1100188 3874
1105032 3871
1110008 3714
1120107 3836
1125022 3743
1130346 3855
1135138 3711
1140155 3755
1155010 3883
1160403 3742
1165003 3704
1170175 3867
1175010 3814
1180123 3804
1185003 3867
1190393 3750
1200116 3846
1205051 3744
1215192 3764
1225138 3881
1230111 3759
1240184 3852
1245096 3837
1255202 3889
1260211 3841
1265010 3748
1270136 3777
1275010 3758
1280282 3841
1285240 3772
1290017 3742
1305138 3844
1315032 3795
1320200 3812
1325003 3768
1330304 3861
1335100 3754
1340281 3720
1345039 3855
1350180 3877
1360290 3793
1365032 3746
1370159 3707
1380245 3762
1390168 3821
1400252 3741
1405061 3729
1410206 3801
1415032 3724
1425157 3822
1430156 3861
1435176 3849
1440142 3745
1445090 3742
1450226 3816
1455083 3762
1460326 3804
1465074 3823
1475010 3749
1495010 3873
1500177 3849
1510168 3775
1515055 3844
1520304 3794
1535199 3712
1540095 3773
1545010 3873
1555006 3704
1570158 3802
1585125 3898
1595010 3734
1600223 3841
1615010 3857
1620056 3750
1625010 3733
1635010 3734
1640269 3831
1650235 3790
1655010 3885
1660216 3734
1665032 3772
1670273 3720
1675003 3730
1690090 3877
1695109 3807
1705154 3854
1715010 3706
1720155 3741
1725205 3887
1730103 3838
1735010 3872
1740064 3873
1745048 3797
1760173 3780
1765170 3787
1770134 3843
1775039 3754
1780081 3770
1785109 3786
1795032 3755
