85096 3736
90097 3707
105138 3833
110449 3804
115003 3702
120315 3763
130237 3817
135183 3810
140145 3783
145061 3804
150267 3759
155218 3799
160116 3825
165164 3720
170309 3873
175071 3896
185032 3873
190153 3776
195010 3844
200340 3771
205151 3745
215003 3718
225164 3887
235039 3745
240293 3818
245051 3891
250309 3720
265167 3720
270198 3879
285132 3860
290331 3767
295022 3747
300264 3718
305048 3848
310242 3885
315045 3732
320201 3749
325164 3892
340120 3866
345019 3860
350253 3871
355244 3883
360312 3881
370129 3822
375048 3713
385080 3728
400270 3878
405151 3876
420161 3731
425141 3870
445141 3736
455160 3735
460285 3752
475016 3848
495023 3843
505010 3717
535077 3700
540110 3735
545208 3753
550235 3782
560489 3772
565119 3827
575010 3759
585032 3797
595077 3705
600261 3820
605067 3844
615196 3708
620308 3872
625003 3717
635148 3712
650467 3846
660153 3831
665138 3884
670089 3846
690280 3824
705064 3791
710275 3884
715051 3731
725074 3853
730190 3745
735010 3829
740220 3706
745026 3740
750270 3724
760088 3867
765003 3752
780203 3842
785112 3766
795064 3735
800319 3714
805144 3845
810104 3853
815010 3886
830319 3748
835096 3796
840183 3748
845003 3787
865096 3739
870051 3703
880139 3748
885010 3806
890396 3712
895157 3809
915064 3820
920257 3882
930238 3796
945099 3778
950326 3866
955010 3728
965170 3889
970187 3733
975154 3823
1005109 3715
1015010 3797
1025048 3787
1030149 3700
1035144 3759
1040361 3874
1045176 3863
1075032 3866
1080164 3793
1085051 3740
1090206 3867
1095071 3865
1100484 3845
1105055 3771
1110163 3853
1115090 3706
1130489 3754
1140184 3832
1150059 3720
1155048 3849
1165096 3732
1170257 3819
1175287 3814
1185003 3896
1190367 3779
1195003 3876
1200084 3856
1205128 3818
1215010 3850
1225010 3717
1230404 3730
1255144 3740
1265003 3729
1285003 3858
1295083 3867
1305112 3815
1310270 3837
1315045 3731
1320113 3727
1335170 3712
1340188 3816
1345003 3741
1350379 3760
1355010 3852
1385003 3747
1395010 3837
1405048 3728
1410248 3805
1420266 3835
1425122 3859
1430295 3764
1435122 3826
1440137 3891
1450213 3700
1455128 3835
1460167 3784
1465010 3898
1470139 3828
1480201 3831
1495010 3886
1505199 3748
1520313 3842
1530196 3864
1540148 3766
1550441 3854
1560316 3802
1575003 3711
1580303 3796
1585010 3765
1590167 3720
1595144 3726
1600229 3807
1605093 3791
1610291 3844
1615186 3726
1620136 3810
1625196 3809
1635151 3716
1665003 3781
1675103 3874
1685135 3889
1690126 3888
1695003 3804
1700196 3810
1705100 3895
1710318 3757
1720082 3816
1730252 3781
1735055 3742
1755218 3853
1760256 3828
1765003 3870
1770133 3748
1775051 3745
1785010 3848
1790382 3837
1795067 3735
