90021 3893
95084 3835
100121 3830
105006 3758
115042 3818
120203 3797
125051 3719
130080 3841
135022 3755
140233 3806
155080 3870
160236 3823
175183 3761
180137 3854
185029 3794
195048 3719
200413 3708
205122 3882
210206 3878
215038 3847
230236 3802
240164 3771
245058 3830
250060 3838
255003 3865
260220 3831
265003 3788
270143 3730
275074 3737
280203 3769
285115 3706
290298 3777
295176 3773
300172 3786
310218 3717
315003 3733
325122 3816
335016 3811
340206 3768
345010 3796
350265 3722
360158 3851
365052 3868
370143 3872
375218 3748
385061 3863
390126 3761
395010 3785
400119 3768
405061 3815
410238 3735
415003 3877
420283 3753
425038 3833
430043 3751
435010 3766
440196 3804
445045 3894
450110 3863
465003 3899
470263 3887
475042 3867
480113 3817
485032 3884
490107 3785
500179 3765
505128 3879
520172 3714
525074 3859
530188 3888
535087 3769
545003 3740
550161 3864
555019 3855
560357 3738
565019 3741
570299 3871
575010 3794
580132 3764
585160 3892
590239 3715
595026 3711
600206 3897
615061 3805
620227 3786
625051 3890
635045 3759
650235 3733
655010 3763
660077 3764
670109 3814
675064 3885
680276 3844
685067 3735
690254 3883
695096 3826
700136 3870
705010 3712
710397 3844
715032 3897
720110 3817
725071 3798
735010 3755
740391 3783
745010 3751
750101 3854
755003 3807
760222 3816
765026 3810
770306 3760
775151 3726
780280 3821
785010 3819
795032 3876
805138 3784
815010 3873
820075 3851
825090 3730
830209 3827
840180 3808
850177 3767
855010 3837
860347 3850
870261 3831
875122 3747
880096 3757
885067 3851
890137 3737
900270 3764
905003 3898
910171 3837
915003 3805
920142 3720
930057 3884
940167 3785
945090 3764
950320 3775
955003 3854
960180 3804
965003 3701
970222 3863
975128 3827
985125 3887
995061 3746
1000067 3764
1005010 3724
1010025 3748
1015074 3838
1025010 3845
1030127 3850
1035003 3810
1040247 3887
1045106 3798
1050286 3725
1060066 3810
1070358 3734
1075218 3753
1080161 3828
1085051 3727
1090182 3840
1095010 3840
1105096 3794
1110053 3833
1115010 3843
1120305 3775
1135080 3786
1145054 3893
1150174 3805
1155029 3781
1160314 3899
1165090 3713
1175051 3833
1185212 3827
1190057 3722
1195010 3765
1200117 3766
1205147 3854
1215003 3733
1220291 3787
1225093 3847
1240145 3749
1245026 3831
1255115 3853
1260230 3767
1265026 3755
1270078 3752
1275003 3824
1280157 3891
1295116 3899
1300158 3735
1310225 3768
1315135 3781
1320225 3883
1330116 3768
1335099 3761
1340143 3875
1345003 3725
1350094 3841
1355010 3857
1360373 3806
1365010 3845
1375003 3882
1380325 3840
1385032 3848
1390183 3722
1395010 3772
1400323 3775
1405010 3798
1410163 3707
1415112 3799
1425010 3729
1430215 3735
1435221 3848
1450245 3791
1455003 3728
1460150 3890
1465010 3720
1470066 3700
1475003 3864
1480283 3890
1485042 3843
1490344 3756
1505032 3833
1510146 3824
1515125 3739
1520343 3764
1525022 3879
1530046 3819
1540056 3703
1545070 3772
1550224 3726
1555022 3767
1565141 3853
1570081 3723
1575151 3717
1580133 3895
1595032 3776
1600165 3714
1605064 3753
1610415 3849
1615051 3802
1620267 3839
1625116 3892
1630097 3726
1640160 3815
1645128 3884
1650151 3773
1655205 3793
1660318 3786
1665157 3810
1675003 3832
1680125 3769
1690168 3799
1695103 3745
1700244 3790
1705077 3762
1710113 3832
1715003 3755
1720220 3883
1725010 3714
1730128 3705
1735010 3817
1740254 3864
1755148 3750
1760310 3731
1765192 3892
1770097 3847
1775067 3803
1785055 3735
1795003 3811
