100010 1902
110084 2057
120051 2016
140135 2006
160003 2040
180180 2043
190003 1958
210045 1996
220035 1948
230088 1929
260107 1903
270010 1977
280051 1947
290364 2009
300003 2019
310026 1975
320236 1999
330205 1925
360032 2076
370016 2050
380154 1912
390170 1905
400019 1926
420003 2008
430119 1915
440212 2070
450051 2034
470196 1959
490032 2031
520176 1906
530138 2050
540109 1944
550010 2062
590048 1998
610016 2076
620247 2018
640026 1924
650190 2094
670103 2093
680112 2055
690003 2086
710094 2070
730074 2014
750019 1931
760003 2036
780010 1914
800206 2050
810026 2040
820010 2034
830257 1931
840125 1999
870112 2004
900115 2073
920030 2065
940003 1908
970003 2085
980203 2000
1010341 1918
1020080 1960
1030003 2074
1040232 1970
1060061 2057
1070110 1976
1110003 2056
1120003 1937
1130040 1962
1150125 1982
1160123 1913
1170010 2042
1180032 2083
1190099 1968
1200003 2085
1210125 2063
1230090 1933
1240026 2030
1250090 1907
1260032 2074
1270010 2048
1280120 2023
1300003 2018
1310148 1984
1330010 2009
1340184 2000
1350003 2062
1360010 2095
1370053 2028
1380003 2015
1390051 1977
1410010 1996
1420010 2052
1430253 1940
1460158 2076
1470032 2007
1480176 1918
1490072 1982
1500032 1947
1520133 1907
1530093 1909
1540010 2084
1550188 2040
1560173 1938
1570045 1964
1580151 1978
1590016 1962
1600103 1982
1610187 2097
1640120 1965
1660022 2049
1680119 1922
1690071 2038
1700209 2014
1710093 2042
1730166 1901
1740003 2072
1760099 2022
1770010 2012
1780116 1920
1790224 1995
