82006 73,
84003 72,
88074 67,
92074 74,
94003 70,
96045 65,
100390 73,
104010 78,
106006 61,
108112 60,
110121 70,
112035 73,
114144 72,
116039 62,
118051 79,
120242 76,
122006 78,
124003 70,
126116 64,
130137 75,
132103 65,
134010 78,
136029 76,
138173 70,
140133 72,
142058 62,
144029 74,
150095 68,
152100 75,
154022 61,
156087 79,
158003 70,
160205 66,
162039 72,
164023 64,
166029 79,
168003 60,
174314 64,
178167 70,
180297 70,
184186 71,
188035 62,
190282 62,
192106 76,
196100 78,
198138 72,
200475 74,
202048 70,
204039 75,
208003 73,
210226 70,
212064 70,
214106 67,
216010 77,
218039 70,
222087 70,
224074 64,
226055 63,
228061 74,
230124 62,
234096 69,
236026 74,
238170 75,
240169 68,
242151 69,
248003 60,
250252 78,
252084 68,
256064 69,
258048 67,
260273 73,
262058 63,
266019 66,
268010 65,
270249 72,
272003 74,
274003 74,
276045 65,
278003 76,
282003 69,
284064 65,
286022 66,
288039 79,
290365 71,
292202 67,
294100 66,
296026 74,
298039 76,
300129 65,
304051 66,
306052 72,
308003 61,
310230 65,
312080 75,
314003 78,
316029 79,
318010 71,
320170 66,
322148 77,
324055 65,
326125 68,
328148 71,
330394 65,
332084 65,
334045 74,
336042 68,
338144 61,
340197 78,
342039 66,
346003 66,
348064 69,
350414 60,
352019 69,
354106 63,
356006 74,
358048 73,
360271 67,
362093 70,
364029 69,
366013 77,
368196 79,
370246 75,
372109 72,
374016 63,
376058 69,
378061 69,
380305 68,
382016 76,
384128 68,
386019 60,
388048 72,
390307 79,
392019 77,
394183 74,
396189 76,
398058 64,
400188 64,
402042 75,
408112 68,
410421 66,
412064 72,
414077 66,
416003 73,
418119 66,
422045 78,
424109 75,
426042 66,
428006 60,
430191 79,
432019 70,
434010 73,
436032 70,
438087 77,
440160 75,
442116 73,
444026 73,
446026 60,
448055 76,
450301 62,
452106 79,
454022 78,
456170 74,
458052 71,
462058 64,
464042 68,
466006 70,
470418 73,
472003 74,
474122 79,
478003 64,
480219 75,
482010 73,
484125 75,
486006 62,
488093 67,
490140 64,
492090 62,
494029 67,
498022 75,
500169 75,
502032 70,
506122 78,
508048 67,
510193 72,
512151 71,
514003 62,
516039 67,
518087 71,
520178 71,
522064 67,
524003 71,
526160 77,
530287 69,
532029 61,
534026 60,
536074 69,
538176 62,
540381 62,
542013 68,
544003 63,
546052 72,
548042 71,
550181 64,
552042 60,
554061 79,
556055 79,
558084 75,
562010 69,
564029 66,
566067 70,
568010 63,
570187 74,
572125 72,
574010 71,
576087 64,
578010 73,
582010 61,
584074 67,
586048 79,
588064 60,
590347 62,
592164 62,
594096 77,
596019 79,
598048 69,
600198 77,
602022 70,
604084 69,
606244 72,
608003 64,
610200 63,
612144 71,
614058 76,
616122 62,
618310 78,
620126 67,
622026 77,
626100 72,
628202 60,
630236 68,
632019 78,
634096 63,
636003 79,
638176 69,
642106 79,
644093 62,
646010 63,
648016 62,
650362 76,
654058 79,
656112 78,
658010 73,
660297 76,
662055 73,
664032 71,
666003 68,
670387 78,
674003 74,
676010 61,
678019 62,
680330 76,
682013 78,
686003 61,
688096 70,
690298 73,
694080 70,
696010 76,
698186 74,
700041 60,
702144 71,
704051 68,
708048 66,
710236 70,
712003 78,
714039 63,
718026 61,
720320 72,
722138 79,
724010 73,
726180 68,
728042 66,
730220 69,
732221 76,
734109 79,
736010 71,
738010 61,
740250 62,
742003 78,
744068 66,
746042 67,
748003 74,
750154 72,
754003 73,
756048 77,
758010 64,
760233 70,
762035 61,
764096 60,
766080 64,
768010 68,
770259 78,
772064 79,
774006 71,
776061 60,
778016 73,
780088 65,
782093 79,
784125 78,
786006 77,
788003 64,
790204 68,
792003 68,
796042 70,
798013 64,
802006 64,
804096 71,
806010 75,
808035 72,
810223 68,
812026 69,
814128 74,
816173 65,
818010 77,
822068 65,
824010 69,
826148 79,
828157 77,
830297 72,
832122 61,
834029 63,
836116 68,
838010 72,
840326 65,
842048 73,
844029 73,
846010 67,
848103 77,
850209 74,
852013 72,
854010 66,
856039 62,
858042 63,
860231 79,
862151 60,
864067 69,
866048 66,
868135 70,
870087 67,
872055 68,
874013 64,
876074 69,
878135 79,
880042 68,
882058 77,
884048 62,
886029 77,
888202 78,
890295 72,
892026 74,
894148 68,
896061 64,
898080 64,
900278 66,
902067 74,
904103 75,
906003 74,
908032 76,
910277 75,
912029 68,
914122 77,
916003 62,
918048 77,
920454 68,
922003 62,
926051 78,
928064 75,
932003 79,
934148 76,
936010 78,
938003 64,
940324 77,
942151 72,
944164 62,
946029 72,
948151 63,
952106 77,
954119 61,
956003 65,
958042 67,
960136 67,
962068 68,
964010 73,
966061 66,
968042 67,
970063 67,
972148 77,
974112 67,
976144 69,
978010 78,
980318 60,
982170 60,
984157 78,
986029 66,
988048 69,
990351 67,
992084 73,
994003 71,
996010 60,
1000131 61,
1002067 61,
1004074 64,
1006029 63,
1008048 78,
1010323 61,
1012061 61,
1016003 63,
1018016 79,
1020164 75,
1022100 75,
1024100 70,
1026010 64,
1028010 73,
1030243 69,
1032003 72,
1034103 66,
1038116 68,
1040381 78,
1042061 77,
1044010 71,
1046010 73,
1048067 67,
1050198 71,
1052106 73,
1056019 75,
1058048 61,
1060355 79,
1062051 79,
1064116 77,
1066071 69,
1068228 74,
1070346 71,
1072084 66,
1074100 69,
1078048 67,
1080148 60,
1082022 73,
1084003 71,
1086071 61,
1088010 63,
1090294 70,
1092087 75,
1094074 78,
1096003 74,
1098148 66,
1100372 60,
1102077 64,
1104022 67,
1106138 74,
1108061 71,
1110125 71,
1112026 72,
1114061 67,
1116003 70,
1120269 76,
1122093 74,
1126003 65,
1128010 65,
1130436 60,
1134093 61,
1136003 72,
1138010 62,
1140200 63,
1142138 64,
1144064 67,
1146003 70,
1148112 65,
1150244 67,
1152138 67,
1156170 73,
1158010 68,
1160313 79,
1162077 68,
1164074 65,
1166132 62,
1168022 60,
1170415 64,
1172119 73,
1176122 66,
1178071 74,
1182125 75,
1184196 70,
1186157 63,
1188176 78,
1190400 66,
1192090 79,
1194010 78,
1196019 74,
1202068 76,
1204010 62,
1206151 74,
1208157 65,
1210218 73,
1212157 70,
1214039 66,
1216119 78,
1222035 79,
1228048 74,
1230214 74,
1232045 65,
1234071 66,
1236010 69,
1238051 61,
1242087 77,
1244029 67,
1246029 70,
1248003 69,
1250283 64,
1252071 78,
1256045 64,
1258003 63,
1260115 67,
1262164 77,
1264074 66,
1266090 62,
1268208 60,
1270419 69,
1272048 74,
1274192 62,
1276003 71,
1282074 78,
1284071 70,
1286157 66,
1288042 65,
1290535 65,
1292061 71,
1294010 78,
1296061 65,
1298106 60,
1300252 62,
1302112 61,
1304010 68,
1306029 64,
1308125 76,
1310343 71,
1312058 75,
1314103 69,
1316125 79,
1318112 75,
1320323 66,
1322003 70,
1324087 64,
1326035 60,
1328119 71,
1330177 63,
1332160 75,
1334144 68,
1336003 71,
1338010 63,
1340322 66,
1342010 64,
1344237 67,
1348003 71,
1350147 78,
1352010 75,
1356164 69,
1360233 73,
1362148 66,
1364026 64,
1366042 63,
1370353 70,
1372125 68,
1374100 64,
1376148 62,
1378164 71,
1382064 78,
1384109 66,
1386003 65,
1388103 73,
1390394 61,
1392048 71,
1394029 78,
1398010 79,
1402022 72,
1404064 75,
1406010 67,
1410345 77,
1412029 78,
1414148 77,
1416071 67,
1418055 68,
1420185 67,
1422128 70,
1424016 61,
1426010 73,
1428013 79,
1430346 69,
1432071 63,
1434228 69,
1436084 63,
1440276 68,
1442112 73,
1446061 67,
1448128 74,
1450284 74,
1452067 61,
1454103 65,
1456006 70,
1458048 61,
1462029 60,
1464003 61,
1466010 60,
1468048 78,
1470239 78,
1472189 74,
1474029 68,
1476003 66,
1478103 69,
1480167 62,
1482116 68,
1484067 69,
1486064 75,
1488042 70,
1492006 71,
1494119 72,
1496029 73,
1498048 68,
1500360 72,
1502119 72,
1504003 64,
1506157 75,
1508016 75,
1510243 75,
1518010 77,
1520282 77,
1522048 70,
1524003 69,
1526003 60,
1528074 62,
1530086 70,
1534010 62,
1536061 77,
1538061 71,
1540201 73,
1542125 72,
1544022 63,
1546029 76,
1548003 64,
1550446 77,
1552010 60,
1554010 68,
1556051 75,
1558055 79,
1560104 73,
1562010 79,
1566090 68,
1568058 79,
1572003 78,
1574074 74,
1576064 62,
1580403 75,
1582003 72,
1584010 61,
1586003 78,
1588132 61,
1590271 72,
1594026 67,
1596026 62,
1598029 72,
1602010 71,
1604048 64,
1606138 62,
1608010 79,
1610310 73,
1612023 73,
1614055 79,
1616022 62,
1618010 62,
1620131 74,
1622058 60,
1624055 64,
1626010 64,
1628090 61,
1630254 73,
1632061 63,
1634003 67,
1636010 68,
1638135 70,
1640171 74,
1642096 62,
1644125 76,
1646003 79,
1648103 62,
1650201 66,
1652029 71,
1654071 72,
1656010 69,
1658122 67,
1660065 67,
1662019 78,
1664010 63,
1666215 61,
1668010 72,
1670189 69,
1672010 74,
1674045 79,
1676010 60,
1680097 65,
1682045 64,
1684010 62,
1686029 67,
1688122 68,
1690137 67,
1692074 72,
1696003 63,
1698003 66,
1700420 64,
1702026 78,
1704051 63,
1706048 70,
1708112 78,
1710209 68,
1712010 63,
1718013 75,
1720169 76,
1722048 66,
1724022 77,
1726010 75,
1728080 79,
1730381 76,
1732026 62,
1734058 72,
1736003 78,
1738010 70,
1740382 64,
1742029 63,
1744010 75,
1746010 69,
1748029 72,
1750105 75,
1752029 66,
1754231 74,
1756039 60,
1758003 62,
1760136 76,
1762029 75,
1764154 61,
1766109 62,
1768135 69,
1770150 61,
1772096 61,
1774119 78,
1776010 64,
1778048 61,
1780127 60,
1782003 64,
1784132 77,
1786026 64,
1788010 66,
1790427 76,
1794029 60,
1796077 62,
1798029 68,
