90677 1945
110888 1906
120763 2073
130882 1966
150349 1903
180338 1966
200816 2010
210497 1970
220881 1938
230861 2030
240386 1912
260509 1978
280318 2088
290903 1985
310846 2056
330373 1944
340424 1921
350912 2064
381287 1926
410727 2024
450572 2005
510775 2060
530674 2099
550774 1967
560626 2033
580435 1978
640426 1927
650458 2049
660615 1986
670455 2025
680635 1977
710755 1931
720519 1935
730575 1989
740552 1965
750401 1956
760558 2023
770802 2016
780631 2089
810503 2028
831135 1909
860721 1925
870813 2050
880567 2085
890460 2019
940826 1932
951116 1982
960408 2052
970462 2008
990776 2060
1000455 1940
1010845 1949
1020472 2088
1030594 1904
1041059 2050
1060445 2060
1070968 1917
1090580 1901
1100792 1973
1130961 1934
1140389 2089
1150656 2027
1160726 2053
1180464 2053
1190808 2018
1220627 1944
1230717 1922
1240376 1922
1250660 2052
1270535 2056
1290392 1991
1310900 2041
1320424 2058
1380519 2023
1390488 1931
1400717 2057
1410512 1932
1450337 1976
1490680 2076
1500704 2032
1510711 2024
1530476 1957
1580656 2018
1600601 2038
1610886 2070
1620665 2097
1630436 1929
1670934 1976
1680426 1912
1700945 2024
1720720 2047
1730691 2054
1750624 1932
1770441 2091
1790684 1953
