110161 2037
120064 2061
130058 1946
150029 1992
160058 2095
180022 2096
200219 1958
220003 2076
230087 2034
240064 2023
260078 2081
270032 2084
280016 1947
290232 1954
300093 2074
330042 2095
350091 1958
370038 1994
380061 2045
390067 2026
400099 2027
410116 2024
420051 1903
430026 2070
440091 1968
460058 2011
470069 1918
480010 2013
490112 1967
510151 2037
520125 2038
530104 2071
540141 2035
550003 2030
560254 1980
580045 1968
600032 2043
630051 1946
640026 2018
650091 2036
660051 2061
670022 2016
680090 2038
700003 2044
710261 2038
720077 2035
730074 1933
750080 2083
760032 2056
770261 2010
780058 1928
800099 2013
810045 1929
820090 1958
830106 1935
840051 2051
850131 1903
860096 2085
870045 1909
880048 1912
890101 2071
900010 1973
910147 1967
930109 2066
940071 1912
950034 1900
970103 2052
980070 1980
1000093 2076
1010117 1930
1020026 1997
1030132 2062
1040073 2030
1050119 2071
1090054 2013
1110167 1962
1120042 2044
1130098 2040
1140099 2099
1160118 1961
1170164 1922
1190162 1966
1210055 2020
1220158 1914
1240010 1922
1250195 1985
1270231 2004
1280177 2072
1290048 2054
1300003 2025
1310225 1960
1320010 1970
1330138 1995
1340095 1994
1350003 1946
1370078 2064
1380003 2024
1400117 2092
1440071 2087
1460065 2015
1470074 1952
1490117 2072
1500003 2022
1520171 2095
1530138 1922
1570022 2077
1580109 1956
1590054 2067
1600074 1952
1620003 2033
1630032 1993
1640184 1928
1650022 2002
1660042 2079
1670114 2011
1680151 2041
1690032 2049
1700305 1936
1710010 1990
1730082 2086
1740010 1976
1760055 1965
1770010 1937
