111155 4343
141245 4389
201472 4369
231354 4302
261135 4318
290997 4479
320864 4304
351211 4343
441401 4426
470984 4376
621154 4370
650998 4477
680656 4351
711054 4350
771043 4410
830834 4488
891090 4342
981107 4396
1010978 4344
1041405 4435
1071062 4424
1131100 4436
1160993 4484
1191126 4453
1221167 4330
1250922 4385
1311204 4361
1340878 4349
1400916 4329
1430615 4360
1461044 4356
1491395 4418
1521008 4372
1581188 4350
1611374 4421
1640851 4469
1671003 4413
1701118 4302
1731249 4387
1760954 4336
1790922 4398
