84547 72,
88508 61,
95025 75,
97412 63,
101515 74,
104431 67,
112731 64,
115533 78,
116957 73,
118880 79,
122599 68,
124295 76,
126357 76,
128291 68,
132310 70,
133015 63,
134522 69,
136663 70,
138468 79,
143580 70,
144609 74,
148835 70,
151679 73,
152593 76,
161438 68,
162539 73,
164785 78,
166902 64,
168530 68,
171480 73,
178187 70,
187371 74,
194467 68,
202003 61,
208285 65,
211373 74,
218648 62,
221946 75,
224224 77,
226584 65,
228331 79,
232292 62,
233481 62,
236448 77,
241283 67,
242241 73,
244340 64,
252317 79,
254345 73,
256692 64,
258546 74,
261900 69,
263729 67,
264622 76,
272429 71,
281200 64,
284599 75,
288444 76,
291681 63,
294443 79,
296250 68,
298575 69,
301410 61,
306263 60,
308483 60,
312075 66,
322854 60,
325049 75,
328630 76,
332230 62,
336736 63,
342202 74,
343455 72,
344663 61,
346581 63,
348886 76,
353031 62,
354416 63,
356631 76,
358566 68,
361484 73,
364662 68,
368305 61,
372900 76,
378331 63,
383507 72,
391427 69,
394500 74,
396466 72,
401352 76,
402569 62,
404566 60,
408491 70,
413197 69,
414714 68,
418277 72,
421701 79,
422379 66,
424478 73,
426212 68,
428426 72,
431551 76,
432511 60,
442320 74,
444530 61,
446835 60,
451896 60,
454777 77,
461535 68,
462486 73,
466532 76,
471544 75,
474519 71,
476702 76,
478495 60,
481346 67,
482545 60,
488807 72,
491469 65,
494344 70,
496676 70,
498482 74,
502379 69,
504523 68,
506545 77,
508745 79,
512688 66,
514471 75,
516544 75,
521228 70,
522444 73,
524239 67,
527297 63,
528279 69,
532324 76,
533587 68,
538363 77,
541452 69,
542922 70,
544550 62,
548660 71,
551241 74,
556648 78,
558296 68,
562014 61,
563308 63,
564382 65,
571643 62,
572598 69,
574797 73,
576418 72,
581733 67,
582791 60,
584392 75,
586444 68,
588358 75,
591594 60,
592629 79,
596476 67,
598357 68,
601579 64,
604489 66,
608232 63,
611313 64,
612470 66,
614385 77,
618792 61,
621691 78,
624415 66,
634201 79,
638321 76,
641274 62,
642165 68,
648489 68,
652745 73,
656413 61,
664598 75,
666719 71,
671209 69,
673016 60,
681900 67,
692624 78,
694277 76,
696668 64,
698492 60,
701287 79,
704327 63,
706088 62,
708216 67,
711855 62,
712800 71,
714174 65,
716490 66,
721084 71,
722669 75,
724488 78,
728910 66,
731503 73,
734742 73,
736329 72,
738237 70,
741156 78,
748990 68,
756202 76,
758269 78,
761418 61,
762516 72,
766633 77,
768232 63,
771777 76,
772738 72,
774522 66,
781076 60,
784191 71,
786311 70,
788173 78,
792461 69,
794434 71,
796257 64,
801777 75,
804564 75,
806385 67,
808584 77,
811538 65,
812412 73,
814792 73,
816226 79,
818165 64,
822820 64,
824291 79,
826284 77,
828617 66,
831437 79,
834264 79,
836428 64,
838791 68,
841153 72,
842502 75,
846415 73,
854658 76,
858165 68,
864474 64,
866351 77,
872526 75,
881210 75,
884245 67,
886588 61,
888202 74,
891931 75,
893166 71,
894197 66,
896678 65,
898495 60,
900890 79,
902492 77,
911383 75,
912299 77,
914667 61,
916719 65,
921264 73,
922816 70,
924541 64,
936334 70,
938284 64,
941147 79,
942387 71,
944400 75,
946407 60,
948813 68,
952774 67,
954726 69,
956818 63,
958308 67,
961544 67,
966602 63,
968488 62,
971319 75,
974277 69,
976734 72,
978544 78,
981909 65,
983046 64,
984490 65,
986307 67,
988549 74,
991182 61,
992582 65,
994462 67,
996497 73,
998296 77,
1001212 68,
1002503 67,
1004340 69,
1006415 66,
1008548 68,
1011798 75,
1012438 67,
1014375 74,
1016324 65,
1018472 63,
1021479 77,
1022423 72,
1026397 67,
1028473 71,
1032109 65,
1034169 73,
1036122 78,
1038280 71,
1041919 67,
1046367 71,
1048446 64,
1052429 60,
1054467 70,
1056488 60,
1061118 79,
1062318 77,
1064641 68,
1066175 72,
1068367 72,
1074208 79,
1078159 75,
1081056 65,
1084293 64,
1088352 61,
1092342 76,
1101854 77,
1104622 62,
1108421 63,
1114208 62,
1118264 66,
1121355 74,
1122630 74,
1124252 72,
1126720 64,
1131407 73,
1132723 62,
1136262 76,
1138613 77,
1141012 77,
1142345 70,
1144206 61,
1148795 71,
1151230 74,
1152474 70,
1158352 77,
1161565 75,
1164514 68,
1166348 77,
1168389 65,
1172431 76,
1178494 70,
1181050 69,
1186416 67,
1188480 72,
1194531 65,
1196524 73,
1198380 72,
1204321 72,
1206247 74,
1211543 79,
1212478 70,
1214657 78,
1216267 62,
1218583 66,
1221423 72,
1222441 66,
1224460 65,
1226283 69,
1228184 72,
1231306 69,
1232561 78,
1236838 68,
1238295 79,
1244408 65,
1246555 75,
1248328 63,
1251685 71,
1252988 72,
1254378 73,
1256535 67,
1264290 61,
1268342 63,
1271309 60,
1272337 75,
1274358 70,
1276262 78,
1278251 60,
1281709 67,
1282471 65,
1286293 71,
1292507 69,
1294504 62,
1296654 77,
1301435 63,
1302360 63,
1304548 63,
1306384 63,
1310825 63,
1312594 60,
1314466 70,
1316409 67,
1318334 68,
1321259 68,
1322412 75,
1326359 77,
1328459 63,
1332843 75,
1334455 70,
1336306 79,
1338506 69,
1341597 66,
1342414 72,
1344491 72,
1348304 74,
1354318 61,
1356481 72,
1358511 74,
1361119 65,
1362353 66,
1364568 64,
1366261 71,
1368456 75,
1372617 71,
1374347 77,
1376327 79,
1378302 67,
1381165 74,
1382553 69,
1384352 67,
1386390 60,
1388493 75,
1392372 64,
1396581 79,
1398427 77,
1401630 61,
1402774 74,
1404212 70,
1406447 77,
1408257 63,
1411356 68,
1414261 70,
1416265 76,
1421230 70,
1422491 71,
1424528 78,
1426351 64,
1428095 69,
1432309 65,
1436256 61,
1438650 74,
1441412 67,
1442447 75,
1444387 66,
1448295 60,
1450814 74,
1452479 70,
1454211 74,
1458201 76,
1462386 67,
1464172 63,
1468584 72,
1471276 71,
1476778 72,
1480861 62,
1482678 70,
1484203 77,
1486399 72,
1488342 61,
1491535 76,
1493025 66,
1494370 73,
1498351 73,
1501319 75,
1502597 66,
1504384 74,
1506509 62,
1512488 64,
1518304 69,
1521069 78,
1522387 76,
1524435 79,
1526266 63,
1528316 63,
1531384 78,
1532512 75,
1534526 60,
1538364 64,
1541508 62,
1542256 67,
1544486 60,
1546280 61,
1548475 73,
1551438 70,
1552420 71,
1554380 75,
1556276 60,
1561251 74,
1564378 60,
1568544 77,
1571070 72,
1572450 76,
1576483 64,
1578286 61,
1581736 77,
1584225 60,
1588627 78,
1592532 78,
1594463 72,
1596600 74,
1598549 68,
1602508 66,
1604465 76,
1606396 73,
1608321 79,
1612575 61,
1621015 70,
1622350 73,
1626144 77,
1628622 75,
1631246 60,
1632334 66,
1636603 66,
1638785 73,
1641876 71,
1642639 73,
1646203 68,
1651204 79,
1654302 79,
1656534 68,
1658701 62,
1661221 64,
1662485 70,
1664275 67,
1668248 60,
1672652 60,
1674473 60,
1676162 75,
1678532 77,
1681445 68,
1682369 76,
1684370 67,
1688327 78,
1692385 74,
1694209 77,
1696583 62,
1711278 70,
1712441 72,
1714650 66,
1718636 74,
1721146 73,
1722426 76,
1724418 62,
1728498 61,
1731660 68,
1732733 66,
1734623 66,
1736560 60,
1738480 68,
1742265 77,
1744530 60,
1746660 65,
1748629 65,
1754093 65,
1756430 77,
1758184 63,
1762279 64,
1763189 77,
1764390 61,
1766467 67,
1768240 76,
1772328 72,
1776398 76,
1778452 74,
1781183 66,
1782322 77,
1786456 76,
1788640 68,
1792721 60,
1798323 68,
