91840 3874
95722 3858
101522 3712
105644 3864
111633 3763
121594 3755
125980 3865
155553 3863
161224 3736
171982 3802
175600 3829
181459 3850
191749 3880
195420 3764
201592 3850
205414 3742
211236 3757
215502 3765
225617 3773
235564 3726
241314 3736
245562 3852
250902 3814
255532 3811
261677 3795
265392 3773
271246 3778
281189 3723
285716 3784
291615 3788
301291 3829
305638 3878
311258 3789
315715 3799
321834 3893
325641 3748
331107 3720
335596 3869
341169 3811
345302 3790
351532 3737
355450 3754
361286 3883
365289 3859
375489 3746
381508 3873
385365 3890
395620 3740
401443 3741
405819 3837
411933 3737
415440 3897
421148 3831
425475 3815
435590 3894
441614 3824
445611 3800
455519 3772
461431 3731
465620 3849
471599 3789
475412 3732
481087 3702
485499 3779
491170 3867
495356 3717
501750 3790
505636 3740
515551 3838
520958 3785
525475 3717
531883 3740
541324 3794
545335 3707
551184 3817
561829 3823
565482 3891
575601 3723
581084 3862
585234 3774
591565 3874
595512 3837
601327 3889
605492 3762
611503 3731
615613 3719
621514 3893
625405 3836
631273 3763
641256 3837
645483 3721
651465 3726
655624 3824
661175 3821
665392 3870
671081 3768
685400 3827
691306 3717
695457 3734
701185 3828
705607 3703
711623 3786
715457 3768
721463 3859
725627 3772
731352 3743
735544 3759
745446 3806
755556 3762
765463 3712
771931 3857
775428 3714
781214 3735
791110 3814
795627 3875
801505 3896
811310 3792
815223 3809
821121 3851
825420 3723
831414 3751
835522 3768
841216 3738
845572 3870
851320 3815
855407 3777
865454 3850
875333 3860
881268 3887
885528 3790
891800 3746
895539 3778
901170 3784
905270 3794
911225 3828
915355 3851
925456 3802
931283 3739
935501 3878
941339 3766
945432 3828
951566 3769
955474 3727
965351 3716
971404 3800
975345 3846
981485 3798
985450 3720
991313 3730
995478 3725
1001343 3847
1005403 3867
1011956 3756
1015465 3872
1025423 3739
1031146 3734
1035450 3748
1041312 3864
1045506 3849
1051165 3897
1055231 3732
1061066 3730
1065421 3766
1075510 3735
1081093 3778
1085576 3854
1091146 3879
1095496 3884
1101533 3722
1105593 3789
1115453 3704
1125383 3710
1131486 3829
1141133 3770
1145449 3849
1151207 3740
1155350 3720
1161404 3803
1165442 3706
1171343 3876
1175452 3826
1181061 3819
1185405 3705
1191483 3831
1195422 3796
1201110 3832
1205553 3859
1215324 3761
1225435 3862
1235413 3868
1245359 3736
1251624 3774
1255371 3708
1261278 3771
1265555 3766
1271332 3874
1275415 3715
1285440 3797
1291338 3750
1295351 3896
1301091 3844
1305541 3859
1311629 3859
1321302 3886
1325518 3808
1331364 3714
1335454 3727
1345442 3822
1351177 3767
1355337 3809
1361358 3860
1365515 3702
1371651 3824
1375494 3816
1385423 3883
1391049 3844
1395528 3715
1401371 3734
1405374 3736
1411125 3762
1415422 3764
1425531 3843
1435440 3875
1441178 3864
1450900 3820
1455356 3857
1465631 3865
1471240 3819
1475490 3788
1480948 3748
1485626 3740
1491600 3876
1495460 3747
1511068 3764
1515431 3714
1521512 3827
1525448 3730
1531121 3726
1541100 3855
1545435 3847
1551594 3861
1555463 3880
1561238 3796
1565357 3708
1571277 3789
1575462 3700
1585586 3840
1595441 3771
1601258 3872
1605461 3720
1611653 3832
1615412 3884
1621140 3789
1631115 3821
1635473 3880
1641363 3812
1645348 3742
1651135 3895
1655441 3700
1661249 3766
1665369 3791
1671550 3703
1675356 3754
1681283 3815
1685508 3771
1691328 3772
1695506 3802
1701689 3704
1705414 3883
1711032 3770
1715437 3752
1720884 3723
1725484 3732
1731841 3880
1735377 3730
1741024 3761
1745417 3856
1751162 3839
1755494 3767
1761801 3810
1771228 3770
1775442 3868
1785463 3744
1791323 3736
1795532 3862
