84007 64, 5153
86003 69, 5059
88068 74, 5151
90346 60, 5057
94199 70, 5127
98047 62, 5151
100333 67, 5194
102003 69, 5072
104164 73, 5088
108003 64, 5126
110484 70, 5030
114016 69, 5045
120385 63, 5001
122035 63, 5004
124199 62, 5080
128378 68, 5040
130310 64, 5170
132122 64, 5012
136010 61, 5168
138154 78, 5149
142077 73, 5119
144029 64, 5166
154080 78, 5063
160388 64, 5186
168048 73, 5091
170460 66, 5046
176058 60, 5140
180515 74, 5087
182003 76, 5124
184116 66, 5001
186077 65, 5068
188208 65, 5026
190451 78, 5002
192003 70, 5151
194125 71, 5014
196055 66, 5036
198058 76, 5183
202003 72, 5027
204019 63, 5086
206010 78, 5074
212125 69, 5144
214106 78, 5091
216087 69, 5035
218010 70, 5071
220422 63, 5173
222067 68, 5116
224029 69, 5076
226010 79, 5120
232154 73, 5106
238003 63, 5193
240320 78, 5107
246100 61, 5089
248010 74, 5195
252003 63, 5030
254128 72, 5071
260491 73, 5008
262090 70, 5131
264013 66, 5115
266157 79, 5095
272032 61, 5136
274128 65, 5124
276067 71, 5099
278003 64, 5030
280281 73, 5085
282138 61, 5042
284109 76, 5020
286042 69, 5125
288192 77, 5116
290302 76, 5099
292003 69, 5084
294080 67, 5005
296045 70, 5133
298208 74, 5110
302116 73, 5147
304029 60, 5021
306096 69, 5182
308003 67, 5004
312061 67, 5104
314010 76, 5087
318109 61, 5146
320442 79, 5064
322132 78, 5094
324048 69, 5096
326074 65, 5182
328010 71, 5050
330231 67, 5119
334013 66, 5011
340479 72, 5012
344003 78, 5055
346003 66, 5113
348138 63, 5074
350468 66, 5041
352064 67, 5125
354010 66, 5157
356071 76, 5141
360220 68, 5084
362135 65, 5199
368084 68, 5171
370451 64, 5062
374042 62, 5102
376010 79, 5183
380486 69, 5088
382029 76, 5078
384010 66, 5183
386010 61, 5186
388119 72, 5017
390190 70, 5038
392077 65, 5136
396051 67, 5055
398189 71, 5069
404003 78, 5095
410325 63, 5102
416003 62, 5073
424029 71, 5155
432003 66, 5003
436010 62, 5065
438003 62, 5152
440336 71, 5130
442048 63, 5070
444010 64, 5002
446170 72, 5178
448048 70, 5179
452084 70, 5031
454125 71, 5075
456080 72, 5096
460249 60, 5168
462003 64, 5054
464135 75, 5062
466010 69, 5146
472061 65, 5088
474010 62, 5074
478032 72, 5179
480154 78, 5179
484122 66, 5028
488087 78, 5058
490146 61, 5167
496010 71, 5096
498100 69, 5036
500602 61, 5019
502003 64, 5156
504010 71, 5149
506010 77, 5035
508055 65, 5058
510453 79, 5062
512026 64, 5190
514010 71, 5057
518003 69, 5005
520275 75, 5191
522035 66, 5158
526003 72, 5088
528122 77, 5199
530475 60, 5158
538019 62, 5188
540351 63, 5117
542048 79, 5157
546010 75, 5095
548080 66, 5125
554132 75, 5094
556103 71, 5153
558010 76, 5162
562138 76, 5098
564061 69, 5173
568010 65, 5106
572023 63, 5089
574093 63, 5032
576132 77, 5000
578106 66, 5003
580183 62, 5049
582052 73, 5175
588077 66, 5113
592144 71, 5139
594003 62, 5102
596010 60, 5109
602048 74, 5022
604112 76, 5016
606048 64, 5159
610259 79, 5098
614218 64, 5018
616003 75, 5078
618160 69, 5107
620339 62, 5158
622048 77, 5023
624055 77, 5133
630176 79, 5193
632106 63, 5169
636116 70, 5140
638003 72, 5150
640284 78, 5190
642048 78, 5005
644010 73, 5114
654010 67, 5175
658148 61, 5165
662154 77, 5116
664103 77, 5190
666010 71, 5020
668122 78, 5192
672109 78, 5187
674106 71, 5047
676157 62, 5158
678125 70, 5162
680295 69, 5094
682090 72, 5102
686029 61, 5032
688119 76, 5057
690350 72, 5072
696103 79, 5005
698106 62, 5126
700272 77, 5006
702010 60, 5003
704192 67, 5128
706003 77, 5116
710408 66, 5055
712106 61, 5138
714010 67, 5037
716068 77, 5176
718013 65, 5090
720208 74, 5097
724003 60, 5027
726112 67, 5085
728244 68, 5044
730262 76, 5089
734042 76, 5077
738010 64, 5047
742048 76, 5130
744003 74, 5015
746106 68, 5027
748148 79, 5044
752067 76, 5165
758064 69, 5052
760342 67, 5100
768109 74, 5054
772051 65, 5148
776196 70, 5061
778093 63, 5187
780249 72, 5009
782116 73, 5181
786122 66, 5062
788010 77, 5096
790375 62, 5086
792003 69, 5159
794164 65, 5092
804003 71, 5105
806173 79, 5184
814003 77, 5133
816055 60, 5120
824138 71, 5116
826090 79, 5127
830507 68, 5064
832003 63, 5043
834010 74, 5030
836003 60, 5071
840098 65, 5024
842010 76, 5005
844003 69, 5061
846051 72, 5109
848010 75, 5086
850158 62, 5186
852003 60, 5112
856010 70, 5164
862010 60, 5181
868026 71, 5138
874010 75, 5156
876010 64, 5185
878003 61, 5001
886128 76, 5020
892029 79, 5128
894039 65, 5088
898132 66, 5086
900200 78, 5158
902042 65, 5177
904061 67, 5114
908132 70, 5079
912029 63, 5006
914176 62, 5112
916003 79, 5057
918003 75, 5038
922003 65, 5036
924051 67, 5019
926051 66, 5015
930230 63, 5198
934132 79, 5054
938010 74, 5072
940366 71, 5171
942003 68, 5166
944029 62, 5171
946010 68, 5011
952042 70, 5191
956029 70, 5013
960320 76, 5096
966116 64, 5137
970348 65, 5077
978090 64, 5069
986132 76, 5143
988148 63, 5128
992023 61, 5151
994100 62, 5085
996035 64, 5113
998064 63, 5179
1000403 71, 5181
1002048 76, 5146
1004148 64, 5159
1006138 73, 5067
1014003 67, 5085
1016010 72, 5105
1018180 69, 5199
1020377 62, 5069
1022010 79, 5175
1024186 66, 5196
1026141 62, 5038
1032003 65, 5186
1036141 66, 5064
1040391 63, 5027
1042010 69, 5137
1044003 64, 5092
1046151 79, 5113
1052125 74, 5056
1054058 79, 5163
1058010 70, 5117
1060352 71, 5104
1062234 62, 5110
1064023 71, 5126
1068048 75, 5126
1070388 62, 5094
1072173 65, 5044
1076151 64, 5091
1078019 76, 5061
1080265 63, 5087
1082096 74, 5185
1084003 71, 5187
1088036 78, 5172
1092029 73, 5125
1096029 64, 5052
1098010 67, 5176
1104003 67, 5065
1106141 67, 5173
1108003 77, 5135
1114048 67, 5022
1120310 74, 5047
1122003 77, 5140
1124010 65, 5128
1126090 75, 5015
1130404 66, 5008
1134068 60, 5039
1136042 62, 5133
1138084 74, 5113
1140220 76, 5084
1144007 61, 5070
1150274 70, 5151
1152052 62, 5159
1154003 74, 5126
1156128 73, 5142
1158077 60, 5054
1162170 72, 5030
1164106 78, 5098
1166003 62, 5050
1170345 71, 5067
1176013 60, 5013
1178084 72, 5194
1180296 70, 5073
1182048 61, 5078
1184128 61, 5183
1186010 66, 5129
1188010 68, 5077
1192036 66, 5174
1196048 65, 5050
1198003 67, 5063
1202029 60, 5079
1206071 65, 5141
1210209 61, 5157
1214068 64, 5095
1216010 71, 5093
1218026 75, 5188
1222064 78, 5048
1224003 74, 5156
1226084 64, 5049
1228003 71, 5166
1232023 64, 5081
1234141 61, 5010
1236003 63, 5077
1240383 70, 5175
1242167 74, 5168
1244055 62, 5187
1250332 66, 5163
1252084 63, 5173
1256003 76, 5136
1258132 73, 5034
1262029 66, 5194
1264003 66, 5080
1266045 67, 5110
1268010 78, 5043
1270304 74, 5150
1272010 76, 5112
1278112 69, 5014
1282103 66, 5087
1284048 66, 5084
1286160 67, 5087
1290193 62, 5103
1294029 70, 5146
1296122 62, 5126
1298055 76, 5072
1302180 74, 5133
1304064 77, 5049
1306148 77, 5154
1312067 75, 5106
1314164 60, 5123
1316045 78, 5049
1320398 79, 5154
1322071 79, 5110
1324029 68, 5034
1326064 79, 5157
1330224 78, 5187
1334167 71, 5198
1336183 74, 5128
1340364 70, 5175
1342103 70, 5050
1346010 74, 5120
1348157 63, 5106
1350333 67, 5087
1352116 64, 5068
1356010 66, 5126
1358138 65, 5025
1360303 63, 5175
1362128 69, 5017
1364061 76, 5175
1366003 68, 5175
1370436 62, 5082
1374128 60, 5086
1376003 60, 5103
1378061 75, 5126
1382061 78, 5084
1384010 69, 5018
1388010 62, 5019
1390381 63, 5152
1392029 60, 5121
1398029 74, 5013
1402003 67, 5060
1404010 67, 5127
1408064 65, 5056
1410326 68, 5132
1412119 65, 5045
1414010 75, 5180
1418010 79, 5004
1420304 78, 5003
1422196 61, 5197
1424164 70, 5186
1428071 62, 5022
1430340 60, 5088
1438029 62, 5132
1442093 67, 5054
1444045 77, 5027
1446010 79, 5060
1450150 63, 5048
1452058 74, 5181
1454010 71, 5077
1456019 63, 5066
1462071 66, 5188
1464125 67, 5031
1468010 66, 5080
1476151 62, 5098
1478183 63, 5018
1484048 71, 5179
1488029 79, 5001
1490321 61, 5149
1492010 77, 5039
1498100 69, 5185
1502003 67, 5036
1504042 62, 5071
1508003 77, 5177
1510442 60, 5028
1512055 74, 5135
1514109 69, 5178
1518051 66, 5020
1520438 64, 5188
1524048 64, 5052
1526003 61, 5023
1528003 63, 5134
1530121 79, 5076
1532051 78, 5054
1538003 66, 5126
1540326 69, 5028
1542112 77, 5144
1544064 63, 5099
1546010 77, 5189
1550247 79, 5050
1552064 73, 5146
1554093 73, 5174
1556080 73, 5135
1558029 63, 5165
1560200 72, 5066
1562093 66, 5072
1564109 63, 5031
1566112 62, 5159
1568026 76, 5192
1570220 74, 5009
1572122 66, 5060
1574003 72, 5143
1576135 68, 5160
1578119 73, 5075
1580335 70, 5090
1584010 72, 5064
1586141 60, 5133
1588154 68, 5194
1590351 64, 5068
1592087 77, 5011
1594010 62, 5183
1596058 72, 5003
1600238 78, 5032
1602109 77, 5147
1606003 72, 5169
1610399 63, 5179
1612003 73, 5013
1616103 67, 5175
1618003 61, 5046
1620051 76, 5084
1622061 68, 5102
1624039 74, 5024
1626048 71, 5112
1628048 75, 5064
1630310 66, 5189
1632019 62, 5169
1634003 70, 5059
1636096 70, 5079
1638119 65, 5156
1640413 61, 5009
1646003 73, 5168
1648010 74, 5163
1652003 62, 5039
1654003 66, 5040
1656058 63, 5050
1658003 70, 5030
1660193 62, 5056
1662116 76, 5157
1664003 69, 5019
1666023 60, 5051
1670351 79, 5140
1672084 62, 5113
1674029 76, 5031
1676029 71, 5061
1678125 67, 5099
1680135 69, 5026
1684010 75, 5137
1686128 61, 5021
1688061 68, 5072
1692119 77, 5179
1696010 79, 5122
1698010 62, 5188
1702138 69, 5091
1704003 71, 5075
1708135 78, 5002
1710227 65, 5168
1712084 77, 5045
1720444 65, 5012
1722106 74, 5046
1724042 62, 5180
1728023 65, 5015
1730496 68, 5096
1736003 77, 5033
1738138 70, 5060
1742003 75, 5089
1746010 77, 5052
1748003 64, 5177
1750253 77, 5051
1756003 63, 5070
1758003 75, 5076
1762077 76, 5072
1764109 64, 5081
1766084 72, 5111
1768112 75, 5188
1770320 73, 5085
1774003 68, 5040
1778010 75, 5093
1780220 61, 5004
1782003 60, 5119
1784196 63, 5109
1786003 60, 5154
1788010 60, 5090
1790474 79, 5188
1792003 70, 5026
1794128 65, 5133
1798148 78, 5123
