90016 2028
100003 2086
110289 1997
120003 1926
130003 2099
150022 2008
170272 2064
180022 1930
190003 1993
210054 1916
220022 2055
230145 1953
260085 1904
280038 2075
290133 1984
300032 2021
310099 2087
320254 2044
330019 1994
340084 1993
350030 2019
360013 1981
370026 2090
380131 2040
390010 2059
410124 1906
420109 1915
450003 1982
460010 2024
470213 1941
510032 2045
520112 2038
530199 2075
540038 1998
550077 2081
560099 2083
570003 1932
580061 1993
590151 1949
600064 1938
620059 1910
630093 1956
640003 2069
660029 2001
670103 2021
680047 1900
700125 2094
710174 1970
740219 2045
750019 1998
760084 1951
770158 1986
780116 1987
790010 1969
800120 1951
810013 2014
820003 1949
830134 1985
840010 1910
850032 2090
870010 2038
880048 2053
910208 1929
920030 1932
930019 2065
980110 1940
990138 2060
1000228 2003
1010154 2055
1020026 2025
1030022 2064
1050051 1997
1060035 1992
1070087 1964
1080010 2098
1090010 2083
1110022 1938
1120042 1922
1130209 2017
1140003 2007
1180032 1910
1200029 1904
1210077 1950
1220190 2075
1230045 2034
1240026 1934
1250057 2050
1290026 1930
1310354 1995
1320032 1974
1330010 1934
1340118 2050
1360048 2098
1370152 1937
1390106 2095
1420128 2022
1430062 1932
1460071 1911
1470003 2042
1490155 1991
1500003 1996
1510010 2048
1520079 2005
1540048 2007
1550215 2001
1560003 1915
1570010 2084
1580171 2093
1590054 1996
1600003 1927
1610115 1904
1640178 2098
1660208 2051
1670126 2073
1680022 1964
1690003 1983
1700075 2005
1710122 2054
1730299 2046
1740010 1994
1750192 2001
1760249 2087
1770093 2031
1790069 1935
