83189 73,
84734 66,
86993 66,
92815 71,
93558 61,
94701 63,
98988 63,
101894 71,
103310 66,
105538 76,
107725 76,
108484 78,
113710 60,
114361 75,
115730 61,
117248 72,
118872 76,
122927 73,
123658 62,
124531 71,
128209 67,
132877 65,
133383 63,
134490 76,
136865 67,
138814 68,
144866 65,
151888 62,
152635 77,
155363 71,
156885 75,
158743 73,
161658 64,
164736 74,
167076 72,
168596 76,
173404 66,
178672 68,
181748 61,
182976 72,
188592 66,
191789 70,
194717 64,
197099 68,
198329 68,
203264 73,
204528 69,
205298 71,
207219 73,
208802 71,
211314 78,
212932 61,
214685 68,
216699 69,
218744 66,
222440 69,
224672 74,
227104 71,
228808 77,
232751 76,
233586 61,
234749 68,
236407 68,
241481 71,
242910 64,
244791 66,
246430 78,
248653 63,
251434 64,
252526 77,
254597 60,
256803 65,
259005 79,
263819 64,
264837 62,
266546 66,
268651 63,
271981 74,
272406 67,
274602 73,
276501 78,
278561 73,
281709 67,
282975 72,
284839 66,
286386 79,
288794 72,
292418 72,
293047 64,
296726 73,
298646 69,
301554 72,
302582 61,
304405 60,
306732 70,
308491 70,
311748 63,
312538 67,
316663 63,
325800 70,
329372 70,
332768 75,
334002 74,
337583 79,
339173 77,
345172 62,
346628 77,
349365 77,
356555 78,
358582 68,
361949 74,
363377 62,
365388 78,
366756 67,
368673 60,
371906 72,
372956 67,
376798 61,
378690 67,
383906 73,
386638 70,
388224 69,
391697 64,
394596 74,
396548 62,
398813 63,
401951 69,
402672 63,
404708 75,
406957 62,
408909 79,
413484 74,
415248 67,
418804 73,
421912 60,
422790 64,
424659 79,
426590 65,
428542 66,
431919 65,
432418 61,
434742 70,
436792 64,
443283 72,
444890 66,
446946 74,
448714 71,
453145 72,
454805 77,
456490 72,
458739 66,
461704 74,
462679 68,
464713 77,
468814 73,
472950 76,
473922 65,
476861 75,
478513 74,
482570 70,
485454 75,
486976 77,
488964 65,
491643 79,
492477 72,
496811 78,
502624 62,
503087 71,
504667 60,
506671 66,
512795 72,
514562 62,
516621 62,
518530 69,
521712 69,
522816 77,
524481 64,
533004 65,
533423 71,
534773 74,
536738 77,
538592 74,
541904 71,
542936 68,
544528 70,
546841 60,
548629 78,
551659 74,
552507 77,
554990 76,
556822 66,
558340 62,
562498 60,
563266 76,
564613 64,
568410 65,
571546 77,
572527 71,
574858 60,
576918 69,
578563 62,
582432 75,
583057 61,
584623 69,
586660 69,
588672 70,
592237 75,
592654 73,
594639 73,
598734 65,
601568 77,
602469 70,
604680 68,
606716 68,
608739 79,
611578 61,
612966 75,
614807 68,
618871 72,
623178 63,
624360 60,
626573 68,
628731 66,
631202 74,
632839 72,
634655 69,
636498 73,
638696 65,
644537 64,
646474 78,
648820 62,
652425 66,
652776 70,
654662 68,
658761 63,
661928 70,
662894 68,
664539 71,
668683 66,
672402 77,
672966 60,
678561 64,
682003 69,
682980 70,
684376 63,
691646 76,
692708 68,
694660 75,
696897 73,
698533 76,
701678 71,
704633 70,
706658 73,
708712 62,
712287 70,
713457 76,
714681 63,
716621 74,
718684 78,
721678 78,
722849 72,
724688 67,
726655 73,
728949 74,
731963 78,
732432 73,
734865 72,
736416 63,
738603 69,
742790 65,
751544 70,
752513 60,
754652 71,
758830 65,
761734 75,
762622 66,
764591 69,
766764 60,
768472 64,
772788 63,
774643 63,
776863 76,
781466 76,
782549 64,
786551 78,
791546 68,
792422 60,
794731 78,
796745 64,
798661 77,
802989 67,
803258 65,
806716 65,
808526 64,
811489 60,
812652 66,
814787 74,
816438 73,
818664 63,
821687 79,
822882 67,
824558 62,
826526 74,
828560 65,
831913 71,
832773 65,
834406 75,
841627 67,
842620 75,
844709 78,
846737 65,
852327 61,
852528 71,
854890 60,
861935 67,
862612 60,
864359 69,
866528 64,
868690 77,
871734 63,
872670 69,
874523 77,
876557 77,
878590 65,
881273 61,
882331 71,
884769 66,
886712 72,
888597 64,
892394 74,
893110 76,
894388 78,
898453 73,
901453 72,
902475 76,
904574 60,
906519 65,
908502 62,
911448 77,
912605 72,
914957 73,
918790 69,
922342 70,
922782 60,
924673 78,
928410 62,
931569 78,
932622 60,
934569 75,
936430 76,
938506 65,
941395 71,
942791 64,
944519 62,
948844 62,
954578 75,
956962 73,
958615 67,
961787 64,
962684 65,
966645 72,
968632 71,
971584 77,
974599 69,
978704 70,
982530 70,
983289 74,
984613 63,
988520 75,
991533 64,
992660 79,
994598 60,
996568 62,
998605 65,
1004537 78,
1006631 73,
1008592 70,
1011475 73,
1012754 78,
1014430 70,
1016597 72,
1018668 76,
1021691 76,
1022523 75,
1026576 61,
1028418 77,
1031409 72,
1034314 64,
1036549 60,
1042418 75,
1043110 77,
1044762 74,
1046601 63,
1048724 60,
1051533 69,
1052740 67,
1054472 62,
1056502 67,
1058540 67,
1061946 70,
1062610 63,
1064757 68,
1066573 61,
1068639 60,
1071897 70,
1072865 64,
1074518 62,
1076684 73,
1078884 77,
1081429 61,
1082482 71,
1084866 64,
1086498 79,
1088549 73,
1091547 68,
1092777 77,
1094674 78,
1096636 64,
1098356 74,
1102372 61,
1102965 69,
1104715 63,
1106599 76,
1108518 66,
1111891 79,
1112612 77,
1114508 65,
1116564 76,
1122717 79,
1124735 67,
1126706 72,
1132346 75,
1132929 60,
1134704 73,
1136398 72,
1141491 67,
1142510 79,
1144502 61,
1154533 70,
1156498 67,
1158493 73,
1161886 78,
1162780 77,
1164487 63,
1166327 67,
1168549 76,
1171492 74,
1172758 78,
1174692 63,
1176373 71,
1178644 77,
1181515 64,
1182539 63,
1184654 69,
1186705 76,
1188595 70,
1192728 78,
1193150 65,
1194724 64,
1196377 78,
1198502 75,
1201562 79,
1202815 79,
1204653 75,
1206614 78,
1208389 64,
1211695 67,
1212592 64,
1214629 75,
1218691 75,
1221707 72,
1224591 74,
1226485 66,
1228416 62,
1231565 77,
1232585 69,
1234589 68,
1236786 77,
1238654 70,
1241364 61,
1242502 71,
1244706 62,
1246681 71,
1248347 70,
1252279 64,
1253126 64,
1254726 69,
1256615 78,
1258384 63,
1261707 60,
1262712 72,
1264788 71,
1268640 69,
1271458 72,
1272550 78,
1274713 68,
1276656 67,
1278623 69,
1281926 69,
1282875 77,
1288566 67,
1292582 66,
1294701 62,
1296747 62,
1298552 62,
1301925 70,
1302763 73,
1304400 69,
1306651 73,
1312986 65,
1314745 76,
1316536 64,
1318594 67,
1321403 77,
1322450 79,
1324595 75,
1326755 63,
1328405 61,
1331439 74,
1332697 79,
1334502 71,
1336421 72,
1342668 64,
1344508 76,
1348867 75,
1351782 69,
1354530 62,
1356639 68,
1358708 78,
1361361 71,
1362501 76,
1366605 79,
1368525 67,
1372369 72,
1372923 65,
1374601 79,
1381018 77,
1382899 79,
1384465 76,
1386544 66,
1388472 62,
1391461 67,
1392473 77,
1394661 78,
1398722 66,
1402593 68,
1402955 70,
1404724 76,
1406809 69,
1408599 74,
1412636 73,
1414882 67,
1416584 60,
1418737 74,
1421756 69,
1422620 73,
1426626 61,
1431774 71,
1434605 64,
1436547 63,
1438719 61,
1441542 72,
1442764 70,
1446544 75,
1448623 63,
1451328 61,
1452574 72,
1454535 77,
1456702 77,
1458539 69,
1461786 67,
1462381 79,
1464578 69,
1468718 75,
1471445 63,
1472569 78,
1474728 67,
1476903 77,
1478608 64,
1482814 69,
1484597 64,
1486776 64,
1492648 74,
1493124 60,
1494519 60,
1496573 72,
1498508 68,
1504680 67,
1506482 77,
1508470 65,
1514527 65,
1516613 60,
1521915 78,
1522435 69,
1526640 68,
1528508 74,
1532483 69,
1536667 78,
1538485 73,
1541793 63,
1542711 75,
1544437 63,
1546563 79,
1548441 70,
1551860 68,
1556479 66,
1558689 71,
1561539 70,
1562641 61,
1564663 62,
1566727 69,
1568610 69,
1571310 62,
1572727 79,
1574426 74,
1576315 67,
1578569 79,
1581809 70,
1582867 78,
1584280 65,
1586423 64,
1588576 65,
1591543 77,
1592463 67,
1594617 74,
1596752 74,
1598678 65,
1601529 65,
1602552 63,
1606494 78,
1608597 71,
1612607 72,
1614550 70,
1616680 69,
1618687 64,
1622603 71,
1624614 70,
1626500 75,
1628398 71,
1631463 64,
1632595 78,
1634667 74,
1636849 65,
1638767 67,
1641966 64,
1642858 77,
1644461 61,
1648620 65,
1651340 79,
1652515 69,
1654613 69,
1656445 67,
1658709 64,
1661502 74,
1662599 79,
1664617 62,
1666572 76,
1668547 71,
1674307 78,
1676679 65,
1678560 72,
1681530 74,
1682386 71,
1684605 71,
1686397 76,
1688608 63,
1692472 71,
1694638 79,
1696605 62,
1698589 79,
1702723 61,
1708578 60,
1711494 74,
1712631 72,
1714569 62,
1718341 67,
1721517 69,
1722513 64,
1724509 77,
1726712 76,
1728598 65,
1732288 62,
1732586 72,
1734439 75,
1736518 79,
1738449 73,
1741479 72,
1742659 74,
1744454 66,
1746305 66,
1748438 65,
1751533 76,
1752697 77,
1754600 62,
1756447 65,
1758726 75,
1762526 79,
1763089 60,
1766677 62,
1768715 74,
1771302 63,
1772483 66,
1776650 72,
1778661 76,
1781436 71,
1782690 74,
1784674 61,
1786634 60,
1788526 79,
1792373 79,
1794653 69,
1796548 67,
1798481 73,
