101933 2077
122878 2094
132899 2031
142733 1961
152262 1943
161808 1957
173049 2022
191591 2032
202825 1958
241499 2046
263096 1997
281261 1993
291942 1964
301487 2044
311334 2080
332809 2060
342516 1965
362811 2092
371874 1956
401441 1925
413252 2008
442712 1967
451916 2036
481851 2066
502596 1920
511756 2086
571650 2005
581793 2024
622295 2070
631603 2019
641563 1930
651742 2057
661888 2025
682233 1992
692013 1907
701661 1926
712319 2080
741576 2099
771976 1944
781084 2073
801885 2024
831468 1972
881520 2042
901069 1974
911541 1953
922008 2075
931338 2031
941243 2026
952377 2032
961625 2045
971470 1981
982693 1983
1001475 1946
1021531 1923
1071914 2028
1081326 2026
1102523 1973
1121577 1942
1141427 2020
1151340 1938
1171163 2006
1201511 2083
1221546 2027
1231341 1958
1252330 1927
1261556 1949
1271649 1978
1301663 2046
1312022 2095
1321506 1919
1331687 1957
1341641 2096
1351744 1924
1361375 1972
1421664 1963
1431833 2047
1441459 2066
1450989 2090
1471563 2096
1481206 1961
1492517 2020
1501509 2042
1511510 1998
1521760 1912
1551720 2064
1561451 1908
1582604 1900
1591681 1964
1601186 2052
1611954 1958
1621401 1987
1651436 2069
1661406 2050
1671742 2073
1681656 1989
1691514 2058
1701800 1924
1711370 2013
1751431 1937
1762442 1969
1771431 2033
1781638 1913
1791994 1912
