90147 1966
100026 2070
110093 1920
130022 2097
140047 2092
150051 2032
160010 1951
170067 2034
190144 1923
220010 2035
230089 2034
240125 1921
250096 2081
260235 1941
270003 1940
290187 2090
300019 2071
330208 2065
340022 1915
350347 2085
390016 2036
410200 2069
420128 2071
430051 2074
440152 1980
460038 2034
470386 2041
480026 1911
490051 1992
500039 1914
510003 2051
520003 1989
530228 2074
540205 1982
550042 2049
560098 2085
570032 2018
580051 2034
590053 1913
600084 1981
640003 1996
650293 2033
660157 2090
670173 1920
680129 2026
690032 1942
700019 1949
710124 1916
740187 1963
750019 2055
760164 1930
770064 2077
780016 1983
790080 1954
800206 2037
820074 2051
830095 1953
840112 2028
850074 2083
870054 1957
880003 1933
890088 1928
910010 2088
930010 1939
940151 1906
950043 1943
960003 2054
970022 2090
980235 1927
990122 2025
1000010 2095
1010130 2063
1030032 1916
1050051 2048
1080128 1930
1100168 1952
1110093 1919
1120051 1999
1130177 1917
1140112 1949
1150064 2028
1160153 1964
1180157 2004
1210138 2001
1220125 2027
1230003 1955
1240038 1993
1260067 1990
1270237 1922
1280203 2091
1290488 1977
1310184 1971
1320167 2001
1330010 2054
1340235 2000
1350064 1995
1370120 2010
1380109 2044
1390115 2036
1400104 1934
1420080 1904
1430312 1953
1440003 2025
1450010 1973
1460344 2000
1480119 2016
1490078 2002
1500022 2035
1510071 1950
1520245 1910
1530003 1984
1540032 1920
1560003 2068
1580097 2001
1600022 1965
1610161 2065
1620083 2014
1630096 2070
1660003 1971
1670135 1911
1710144 1916
1720051 2079
1730196 1939
1740010 2028
1750064 1982
1760068 2044
1770042 1916
1780010 1904
1790136 2046
