90662 1930
100523 2006
120924 2018
130490 2038
160902 2040
190692 1936
201977 1900
231522 1920
240962 2083
261686 1972
270627 2016
281077 2039
311008 1976
321528 2014
351824 2094
380746 2024
400781 2013
411064 2027
440856 1919
450753 1911
471503 2071
501478 1939
510979 2043
520876 2013
531221 1963
570867 1938
621375 2070
630790 2034
670666 2088
690799 2070
700371 1946
741398 2014
760408 1991
771369 2030
790923 2066
801073 1926
810700 2015
850768 1997
861157 2061
891117 2078
920921 2004
930726 1942
951180 1922
960579 2073
970721 1943
1011373 2008
1020790 1925
1080835 2000
1090789 2088
1101163 1925
1110847 2088
1131267 2076
1151074 1912
1180576 1946
1200598 2048
1240668 1946
1251320 1982
1261221 2094
1270668 1930
1300716 1913
1330889 1984
1360751 2055
1390575 2000
1401005 2099
1420823 1921
1440713 2072
1480888 1998
1491141 1997
1510492 1983
1521052 2062
1531166 2023
1560840 2081
1600529 1917
1650814 2085
1671229 1949
1720580 1955
1731144 1961
1740814 2047
1761893 1912
1791259 2068
