121963 2055
131254 2024
141724 2017
172448 2038
181494 1995
191569 1926
210826 1952
231909 2013
241141 1903
250906 1972
261526 2024
271160 2018
281146 1954
291465 1915
301263 2088
311161 1901
321071 2050
361263 2076
371570 1921
381504 2042
411844 2070
421055 1917
431286 1906
461362 1907
471639 2060
481046 1942
491139 2007
511116 2085
531750 1967
541069 2085
571073 1948
591623 2095
601120 2073
611339 1984
621490 2088
631199 2070
641093 2059
671108 2048
681550 1946
691209 2087
711267 2035
721421 1906
731014 1908
741651 2029
771836 2010
781100 1946
801632 1933
811190 1941
831240 1921
841195 1909
851183 2025
881162 1913
891467 1939
921469 1960
941246 2069
960960 2034
971306 1905
981397 1993
991054 1931
1001398 1969
1011856 2082
1031055 1966
1041486 2005
1050938 1950
1071564 2003
1091174 2028
1111041 2029
1121113 1988
1131475 1945
1151069 1979
1161362 2080
1191267 1962
1200997 2043
1221376 2088
1231019 2078
1241075 2009
1251580 2061
1261201 1946
1271207 1913
1281427 1928
1291359 2003
1311503 1963
1321097 1974
1331264 2045
1341444 1994
1361225 1996
1371675 1914
1380884 1906
1401201 2068
1431629 2052
1441124 2081
1461553 1919
1480958 1920
1491505 1982
1521398 1901
1551614 1942
1561312 2032
1571170 2089
1581331 2087
1601147 1943
1611465 1962
1621234 1917
1641411 2023
1651298 1904
1671603 2073
1681154 1911
1701561 1940
1710991 1964
1731378 1929
1741098 1946
1751111 1976
1761744 2076
