100234 1942
130096 2051
160135 2067
170159 1928
190003 2010
210090 1971
240051 1980
250022 2098
260086 2049
290119 1976
300048 2088
310010 2047
320081 2010
330003 2037
340022 2059
360100 2051
370026 1953
380158 1904
390026 1993
400093 2085
420151 1958
430003 2094
450042 1904
460122 1983
470264 1939
480026 2076
490022 2016
500277 2004
520106 1927
530142 1973
540010 1992
550010 2043
560071 2029
570010 2042
590070 1920
600112 1964
630152 2026
650326 2024
660087 1917
680200 2026
690119 2087
700103 2039
720128 2015
730003 1960
740171 2002
770079 2090
780016 2058
790042 2002
800190 1903
810087 2085
840003 2077
860309 1926
870116 2045
890274 1976
900157 2021
910180 2044
930141 2044
950180 1943
960003 2057
970003 2029
980099 1958
1000032 1935
1010123 1907
1020099 1901
1050003 2063
1060099 1958
1070158 1931
1080003 1997
1130085 1986
1160123 2028
1170122 2053
1190158 2069
1200093 2034
1220255 2025
1230003 2082
1240154 1934
1250145 2055
1260032 1947
1270045 1933
1280192 2061
1290010 1956
1300215 1913
1310317 1962
1330087 1971
1360054 2078
1370114 1918
1380010 1900
1390010 1931
1400224 1938
1410010 2064
1420122 1948
1440042 1940
1450038 1926
1460248 2029
1470115 1997
1480093 2033
1490215 1967
1520113 2091
1530003 1967
1540064 2040
1550225 2043
1560038 2079
1580191 1962
1590010 2096
1600010 2092
1610286 2002
1620131 2006
1640151 2034
1650074 1911
1660096 2053
1670161 1903
1680010 1961
1690003 2096
1700115 2007
1730242 2059
1740112 1941
1750003 2024
1760088 2070
1780022 1934
1790270 2034
