141503 4397
201581 4495
291433 4456
320986 4383
381453 4367
411875 4372
471385 4351
501446 4475
531724 4487
561703 4476
590992 4356
651426 4417
710944 4308
741389 4408
771659 4444
801395 4374
831117 4385
891248 4388
921334 4402
981261 4396
1011780 4466
1041223 4362
1071437 4396
1161386 4353
1191232 4492
1221323 4462
1251397 4477
1281254 4479
1311472 4425
1341313 4429
1371668 4485
1431500 4335
1461321 4374
1491586 4428
1521241 4322
1551449 4374
1581468 4475
1641138 4313
1671456 4321
1731719 4354
1761600 4369
