85692 3729
105082 3802
111203 3722
120856 3872
131032 3773
150980 3758
165292 3718
171476 3845
175345 3894
181150 3766
195180 3781
201477 3791
210521 3882
225433 3891
231266 3706
240836 3872
255219 3768
261155 3826
285467 3710
290888 3711
295459 3709
301214 3851
305321 3754
310840 3731
315376 3882
321169 3814
335178 3855
340620 3795
345142 3747
350726 3738
355323 3731
360531 3896
365353 3766
375191 3810
385101 3872
391030 3755
400781 3757
405494 3718
411416 3896
415313 3833
430978 3846
435432 3865
445342 3743
455262 3732
465231 3735
475536 3817
485078 3804
495333 3756
501198 3739
505609 3748
515268 3744
535642 3882
555495 3838
561394 3730
575498 3884
585059 3827
590865 3844
600757 3728
610887 3791
615568 3849
621192 3825
625319 3814
640941 3840
645386 3877
665279 3820
670961 3703
675325 3833
681478 3892
685614 3827
690672 3895
695439 3734
715282 3881
721034 3731
735428 3783
740993 3848
745428 3830
750819 3706
765251 3817
771310 3717
781022 3829
790724 3888
795331 3880
805401 3859
815506 3873
825294 3803
835383 3875
845384 3811
855331 3857
865369 3881
875114 3769
880973 3739
885406 3744
895472 3700
900674 3868
910964 3719
921075 3739
925247 3811
935216 3766
940867 3753
945424 3747
951299 3803
970919 3864
981113 3889
990550 3749
1015389 3876
1021076 3831
1025454 3860
1050660 3850
1055182 3855
1065199 3831
1075343 3788
1085358 3792
1090639 3829
1105173 3731
1115125 3887
1120844 3799
1125210 3880
1145218 3855
1165359 3758
1185196 3776
1190847 3875
1205295 3715
1215198 3829
1220880 3750
1225276 3732
1230484 3821
1235351 3723
1240692 3838
1245262 3808
1255297 3767
1280765 3857
1290790 3862
1295305 3854
1300594 3744
1305436 3823
1320682 3761
1325282 3849
1335282 3777
1341062 3708
1345388 3883
1355260 3724
1360616 3715
1380901 3773
1385379 3793
1395143 3712
1400821 3774
1410903 3825
1425341 3898
1435302 3705
1440982 3734
1445193 3878
1461124 3867
1475429 3833
1485371 3815
1491072 3814
1495323 3702
1500550 3782
1505168 3744
1515202 3880
1520986 3743
1525263 3721
1535335 3842
1540660 3823
1545162 3713
1555414 3870
1565252 3816
1575213 3777
1581048 3761
1595220 3704
1605248 3723
1611209 3729
1615254 3814
1625513 3791
1635259 3732
1640986 3757
1645317 3722
1650887 3768
1665055 3866
1685399 3816
1695334 3780
1700909 3799
1705321 3790
1710890 3723
1715097 3897
1720650 3740
1725264 3821
1731175 3726
1740625 3764
1750873 3886
1755081 3781
1761282 3764
1770620 3792
1775320 3705
1781202 3869
1785416 3703
1791237 3844
1795226 3841
