85138 3753
90108 3852
105006 3797
110232 3759
115087 3795
125003 3773
130097 3703
135051 3853
145026 3731
150078 3850
160226 3706
165026 3811
175026 3746
180328 3805
185029 3700
190289 3752
205064 3882
215103 3702
225106 3769
240123 3780
245068 3818
250114 3762
255215 3814
260533 3771
275010 3861
290201 3832
305115 3701
320425 3760
325048 3803
330091 3720
335022 3843
340067 3725
345029 3725
350310 3706
355048 3730
390174 3737
395109 3843
405071 3799
415003 3737
420232 3843
425010 3875
430111 3848
445157 3751
450289 3899
455003 3802
460274 3765
480282 3864
495006 3811
505019 3826
510261 3862
515003 3834
520155 3874
525067 3829
535087 3744
555196 3726
560332 3841
565138 3739
575032 3867
595096 3716
600242 3726
605112 3731
615003 3705
620255 3771
625003 3805
645035 3737
655010 3711
660161 3886
675032 3813
685045 3864
700277 3749
705202 3748
715032 3802
720148 3802
725003 3708
730047 3701
735010 3826
740260 3715
745042 3871
750113 3881
755032 3760
765122 3756
770131 3739
775003 3824
780245 3800
790017 3779
795010 3823
800338 3808
810177 3896
820063 3832
825003 3834
830316 3742
835032 3897
845135 3812
850110 3868
855132 3705
870197 3844
875164 3842
880269 3835
890323 3801
895119 3893
905099 3896
910030 3713
915099 3802
925170 3800
935003 3897
940206 3737
945010 3700
950483 3812
960008 3887
985032 3735
990229 3717
1000097 3707
1005010 3796
1015010 3875
1025173 3778
1030212 3811
1040329 3718
1045022 3749
1060196 3749
1065055 3851
1070465 3752
1080063 3866
1085135 3892
1095045 3762
1100232 3759
1115010 3842
1120271 3886
1125122 3873
1130534 3862
1135039 3805
1140283 3871
1145003 3741
1150238 3701
1160435 3766
1165048 3715
1175010 3887
1180079 3712
1190363 3748
1195125 3777
1200334 3851
1205051 3761
1210069 3754
1215003 3702
1220374 3798
1225010 3895
1230184 3746
1235003 3869
1240094 3798
1245160 3738
1255003 3812
1260129 3719
1265170 3884
1270193 3734
1275010 3893
1295010 3796
1315003 3762
1325096 3862
1330126 3851
1335010 3727
1340048 3777
1345135 3890
1355087 3705
1365010 3719
1375010 3776
1380142 3738
1385010 3755
1395093 3771
1400323 3792
1405154 3870
1415032 3850
1425183 3827
1430140 3721
1435221 3839
1440017 3822
1445125 3745
1450158 3841
1455192 3840
1460287 3846
1470209 3875
1475099 3884
1485212 3795
1490361 3833
1495010 3773
1500146 3716
1510184 3846
1520179 3744
1525180 3871
1530173 3874
1535039 3728
1540041 3774
1555071 3883
1560180 3714
1565051 3857
1580220 3744
1590148 3852
1595003 3848
1605003 3861
1615022 3867
1625122 3798
1630296 3712
1635010 3754
1640204 3816
1645010 3799
1655032 3848
1670456 3886
1690263 3801
1695138 3790
1700257 3840
1705010 3772
1715141 3817
1720130 3878
1725003 3889
1730436 3723
1745157 3789
1765045 3721
1770253 3854
1775003 3762
1780078 3776
1790336 3817
1795093 3710
