93583 66,
97090 79,
98993 79,
101537 69,
105488 65,
107547 64,
108180 77,
112211 72,
114950 71,
117181 72,
126730 77,
128943 74,
132183 75,
133059 72,
134353 68,
136624 66,
143514 68,
144414 60,
146661 68,
148856 77,
151550 73,
152662 78,
162589 60,
164389 63,
166362 78,
171799 67,
173241 69,
175244 76,
176858 66,
178342 70,
181021 60,
182835 78,
184245 75,
188330 60,
193037 61,
194509 64,
198171 69,
202852 75,
204443 69,
204832 73,
206670 74,
208262 75,
211482 61,
212690 68,
214376 68,
218600 60,
221799 74,
223004 73,
232720 66,
236550 73,
241599 72,
242078 60,
244786 65,
246177 77,
248405 60,
251365 69,
252341 75,
258977 70,
264793 71,
266607 64,
268432 71,
271410 70,
274495 70,
282560 60,
284395 70,
286422 61,
288598 62,
294564 78,
298699 78,
301239 65,
302389 75,
304433 72,
306505 60,
308591 72,
314553 65,
316387 79,
321921 67,
325459 77,
327163 72,
328712 69,
333461 61,
334440 65,
339239 75,
343875 62,
346553 79,
356490 77,
358214 68,
364870 72,
366374 72,
371848 72,
373053 74,
378187 74,
382130 78,
384607 70,
386301 60,
396622 75,
398104 72,
401560 74,
404669 75,
406625 68,
408415 63,
413068 62,
413801 62,
416189 79,
422701 75,
426494 70,
428450 70,
432410 71,
434367 79,
436671 78,
442278 73,
443228 61,
444775 65,
451700 74,
454177 73,
456494 65,
461626 78,
462227 66,
466629 62,
468585 71,
472977 79,
473413 78,
474347 65,
481676 78,
482411 68,
486634 70,
488722 70,
490877 67,
492304 61,
494266 67,
496174 69,
501599 79,
504478 65,
508669 74,
511250 65,
512764 73,
514313 66,
516746 74,
522702 66,
524366 63,
528290 72,
532350 62,
533613 62,
538290 63,
541043 71,
542975 61,
551601 78,
554685 79,
556561 67,
558347 66,
561779 70,
563255 63,
566344 71,
568361 69,
574415 77,
576358 78,
578406 68,
581996 71,
583018 76,
586638 63,
592560 67,
594591 65,
598332 79,
601257 69,
602208 64,
606671 76,
608647 64,
611436 60,
612517 78,
614529 63,
616459 66,
621914 62,
628386 69,
632391 75,
634528 66,
641248 61,
642176 69,
644350 72,
648797 70,
651910 64,
654548 71,
661460 66,
668721 68,
671548 66,
674125 74,
676709 63,
678522 64,
682572 72,
686497 73,
691215 74,
694621 73,
696237 78,
698395 75,
701037 75,
702533 70,
708420 72,
711826 74,
714458 60,
718621 65,
722536 62,
724564 70,
726129 67,
728460 69,
732582 62,
736298 76,
741201 62,
742581 65,
744352 74,
746359 67,
748822 63,
750938 76,
752214 76,
754394 65,
758261 60,
761654 68,
762372 61,
764267 79,
766562 63,
772774 76,
778311 63,
782414 79,
784388 64,
786301 62,
788408 74,
792538 68,
794524 79,
796429 61,
798195 61,
803210 62,
804219 69,
806339 60,
811285 78,
812631 61,
818605 63,
821546 75,
822318 61,
824332 74,
828393 72,
832781 79,
834378 79,
836380 60,
838426 67,
841072 75,
842354 61,
846570 68,
848212 74,
852659 62,
856395 69,
858611 60,
861742 63,
862789 77,
864655 76,
866281 76,
868286 61,
872734 74,
874616 61,
878549 70,
882400 63,
884285 73,
886363 61,
888281 74,
891826 66,
892725 72,
894420 69,
896412 66,
902446 75,
906410 71,
908271 78,
911456 68,
912489 60,
914914 61,
916699 77,
921679 65,
922874 67,
924579 66,
931452 76,
934290 61,
938555 75,
942702 75,
944557 72,
948326 76,
951321 74,
952696 68,
954629 75,
961520 74,
962302 77,
966211 70,
971296 62,
972240 61,
974142 71,
976778 72,
978441 77,
981635 69,
984357 73,
991157 75,
992399 67,
996384 72,
998155 75,
1001315 67,
1002434 76,
1004542 60,
1006320 70,
1008385 66,
1011735 72,
1012462 64,
1016156 76,
1018331 60,
1021341 61,
1024579 65,
1026266 70,
1028341 78,
1031386 69,
1032393 65,
1036283 70,
1038346 60,
1041527 67,
1042878 73,
1046518 67,
1051127 70,
1052489 75,
1054199 68,
1058181 73,
1064333 78,
1071666 70,
1074415 72,
1078611 62,
1084241 72,
1088244 61,
1094519 65,
1096489 68,
1101989 62,
1104390 63,
1108413 64,
1111328 67,
1112571 64,
1114471 73,
1116201 77,
1121474 66,
1122430 60,
1124228 70,
1126782 71,
1128245 72,
1132657 70,
1134591 66,
1136276 71,
1140825 68,
1151529 68,
1152272 66,
1156248 78,
1158207 69,
1161820 60,
1162477 61,
1164226 60,
1166544 64,
1168230 62,
1171273 75,
1172469 62,
1176239 72,
1178324 62,
1181268 61,
1184577 77,
1192230 65,
1193047 78,
1198369 76,
1202461 75,
1204583 68,
1206194 79,
1208486 60,
1210860 63,
1212423 70,
1214515 64,
1216323 66,
1218737 65,
1222300 74,
1224513 64,
1226382 66,
1232660 74,
1234434 78,
1236138 73,
1238514 72,
1241282 60,
1244537 63,
1246410 67,
1248186 70,
1252789 68,
1256593 74,
1261504 74,
1264504 64,
1266592 61,
1268413 65,
1272536 60,
1274464 71,
1276560 79,
1278651 67,
1282567 71,
1288168 65,
1291461 74,
1292283 65,
1296408 61,
1301670 63,
1302205 60,
1306584 64,
1308256 62,
1312569 69,
1314566 66,
1316228 65,
1318474 78,
1321410 78,
1322340 64,
1326417 76,
1328462 74,
1334390 73,
1336188 60,
1341315 65,
1342341 64,
1346481 74,
1351790 79,
1352431 62,
1354276 76,
1356567 72,
1358271 66,
1361230 60,
1364539 69,
1366327 63,
1368561 65,
1372258 74,
1372843 62,
1378422 64,
1384258 62,
1386476 79,
1388352 67,
1391418 64,
1392501 63,
1394158 72,
1396463 65,
1404306 71,
1406237 69,
1408224 65,
1411100 65,
1412250 70,
1414841 79,
1421469 68,
1422396 70,
1424449 64,
1426330 71,
1428592 60,
1432547 78,
1434335 65,
1436588 67,
1438583 60,
1440848 73,
1442428 71,
1444600 68,
1446273 79,
1448466 62,
1451008 66,
1452084 67,
1454175 79,
1461710 64,
1466324 68,
1468300 62,
1470795 71,
1476491 75,
1478135 79,
1481228 67,
1482479 63,
1484408 64,
1488602 78,
1492620 74,
1493042 74,
1494473 71,
1498375 78,
1501157 61,
1504422 78,
1506198 71,
1508441 67,
1511118 67,
1512469 78,
1514314 73,
1516590 60,
1524285 76,
1526441 75,
1530819 75,
1536462 79,
1538503 61,
1541537 70,
1542653 79,
1544572 65,
1546482 70,
1548333 78,
1552433 67,
1554294 68,
1556337 71,
1558291 78,
1561234 77,
1562613 76,
1564484 61,
1566451 66,
1571291 60,
1576243 63,
1581722 78,
1582829 62,
1584156 78,
1586449 77,
1588357 72,
1591142 61,
1592553 76,
1596302 75,
1598391 72,
1600924 60,
1606244 61,
1608635 74,
1611558 67,
1614338 64,
1616431 63,
1618326 61,
1624319 67,
1626125 63,
1628129 61,
1631001 77,
1634645 61,
1636320 61,
1638379 69,
1641601 65,
1642687 61,
1644256 78,
1646386 75,
1648716 62,
1651365 68,
1654361 76,
1661325 62,
1666496 75,
1674559 73,
1676526 67,
1678618 75,
1694404 74,
1698575 62,
1704406 65,
1706377 69,
1708303 61,
1711305 61,
1714359 73,
1716399 71,
1718346 74,
1721311 77,
1724355 63,
1726642 70,
1728416 75,
1731299 64,
1732458 62,
1738227 72,
1741382 68,
1742161 61,
1744333 62,
1746340 75,
1748611 77,
1751300 78,
1754544 71,
1756395 61,
1763184 72,
1764263 77,
1768616 66,
1772607 62,
1776182 77,
1778238 62,
1781097 69,
1784566 77,
1786525 64,
1791974 71,
1798421 67,
