86389 3867
91191 3824
95996 3762
125465 3885
130974 3726
145663 3763
155933 3845
165728 3886
175734 3861
195235 3835
215354 3706
235230 3850
241343 3893
245245 3724
255385 3833
261428 3700
265523 3788
305503 3841
315428 3872
331385 3801
336482 3745
365672 3828
371885 3793
375807 3833
405592 3702
421518 3712
425526 3705
431576 3832
445664 3853
455239 3715
465582 3800
471415 3884
475421 3895
495505 3890
501786 3850
505305 3752
511120 3709
531974 3882
541016 3741
545592 3789
555582 3760
561095 3729
571018 3803
575673 3820
581372 3743
605393 3865
615422 3823
625205 3855
631069 3853
651439 3713
661135 3800
665505 3730
675214 3806
685483 3728
691503 3884
695170 3777
705141 3848
711753 3840
721010 3742
731821 3771
735408 3779
741454 3887
745564 3846
750714 3824
755198 3821
765978 3747
775447 3755
791216 3813
801583 3828
811254 3759
815330 3711
821294 3851
825647 3761
831506 3732
835395 3729
841432 3853
850763 3764
875412 3725
881323 3721
885479 3716
892001 3895
895619 3881
900507 3704
905288 3743
915589 3773
921398 3863
925447 3872
945292 3721
951271 3854
955471 3769
961301 3764
965851 3701
981291 3876
985406 3899
995245 3836
1020905 3788
1035367 3771
1041505 3886
1045209 3820
1050908 3821
1065744 3873
1075613 3896
1085384 3830
1101227 3890
1111279 3705
1115259 3884
1140710 3805
1150933 3736
1155261 3813
1161752 3736
1195714 3765
1205428 3741
1210584 3878
1215297 3877
1221180 3899
1235160 3757
1245281 3847
1255385 3846
1265214 3862
1275362 3871
1281291 3788
1285523 3711
1291359 3770
1305465 3787
1325337 3798
1335264 3709
1341492 3724
1345351 3721
1351012 3876
1355392 3781
1375514 3744
1385319 3737
1395322 3852
1401443 3757
1405230 3841
1415309 3836
1421079 3766
1425216 3858
1435284 3851
1445427 3890
1450982 3844
1465571 3894
1475323 3763
1480771 3813
1485502 3733
1491356 3868
1495507 3732
1500932 3751
1505591 3726
1521317 3840
1531232 3860
1541062 3712
1555250 3866
1560706 3896
1565467 3813
1575273 3704
1581757 3728
1585179 3875
1591301 3700
1600969 3835
1605511 3847
1625321 3722
1631040 3704
1635546 3844
1641782 3708
1645207 3883
1650894 3861
1655435 3883
1661391 3796
1665242 3768
1675271 3729
1681025 3892
1691246 3736
1695213 3776
1705277 3778
1720915 3868
1725120 3784
1735503 3708
1745312 3777
1751019 3792
1755442 3764
1765371 3853
1785363 3709
1791317 3806
1795573 3780
