90800 1984
121245 1992
131054 2081
141633 2079
191154 1911
201654 2067
220535 1937
230963 2094
250685 1907
271192 1974
280855 1902
290986 2030
310711 2050
321101 1909
330850 1918
341363 2069
351656 2096
360684 2010
410799 2028
440930 1988
460791 1963
471026 1967
480676 1972
490493 1952
501341 1918
510938 1993
520533 2015
561254 1909
591334 1966
610733 2000
621279 2011
630602 2073
680851 1901
690691 1983
711083 1926
720587 2081
730859 2061
761266 2023
770834 1913
801192 1957
810728 1989
840645 1952
861251 1925
880592 2062
910561 2037
921317 1979
930833 1932
981335 2075
990494 2055
1000796 1918
1011299 1972
1030555 2052
1041124 2067
1050525 1973
1060505 1958
1080509 2055
1090412 2059
1101053 1948
1130815 1949
1150797 2010
1160956 2069
1180528 2042
1200960 2034
1210458 1966
1221099 2036
1230663 2066
1251000 2023
1260794 2072
1270869 1949
1311258 2069
1341026 2082
1361105 2005
1371153 2005
1380567 2089
1390895 2096
1410961 2079
1431064 2091
1440894 1943
1460775 2068
1480361 2056
1491445 1966
1510821 1937
1550888 2016
1560460 1936
1570673 2021
1590593 1935
1620786 1911
1650670 2098
1670830 2088
1680698 1919
1690512 2069
1701127 1922
1710499 1916
1740559 2008
1750500 2081
1761389 2088
1791075 2085
