84132 77,
86035 76,
92013 79,
94109 69,
100339 69,
102084 64,
104132 60,
106154 61,
108022 73,
110286 68,
112106 77,
114010 67,
118026 67,
122022 71,
124010 68,
126029 68,
128112 78,
130348 69,
132071 76,
134087 65,
136122 65,
140353 64,
142135 70,
144048 69,
146176 68,
150303 73,
152109 61,
154022 63,
156013 72,
158189 67,
160339 68,
166029 68,
168112 72,
170459 73,
172077 78,
176003 69,
178080 71,
180153 61,
182336 68,
184042 61,
186010 78,
188087 63,
190353 72,
194173 75,
196019 63,
198112 69,
200251 61,
202157 62,
208164 75,
210111 64,
212042 70,
214074 67,
216010 60,
218010 74,
222022 70,
224122 75,
226003 76,
228141 74,
230336 60,
232010 71,
234019 74,
236026 64,
238042 75,
240250 69,
244019 75,
246106 72,
248045 63,
250461 68,
252006 62,
254010 61,
256055 72,
260439 70,
262151 61,
264029 75,
266064 73,
270268 78,
274003 78,
276125 65,
278061 75,
280274 78,
282093 65,
284010 79,
286013 70,
290382 68,
292039 71,
294029 76,
298077 68,
300210 69,
302055 68,
304029 65,
306080 72,
308077 71,
310277 69,
312061 63,
314003 66,
316132 74,
318048 61,
328016 62,
330385 75,
332013 69,
334032 67,
336010 72,
338042 67,
340256 68,
344010 70,
346013 61,
348096 62,
358010 64,
362013 65,
364186 67,
366148 65,
370275 71,
372186 65,
374010 72,
376029 79,
382157 69,
384212 70,
386051 67,
388055 76,
390375 72,
392026 72,
394026 70,
396026 73,
398093 68,
400329 76,
402051 75,
406029 69,
412096 74,
414023 69,
420146 63,
422138 61,
424154 74,
426029 72,
428013 65,
432006 78,
434048 60,
436064 63,
438058 61,
444039 71,
446013 69,
448138 67,
450214 72,
452029 78,
454055 68,
456109 75,
458003 68,
460207 71,
462064 63,
464199 72,
466026 60,
468087 65,
470403 75,
472003 65,
474228 70,
476109 76,
478016 61,
480249 76,
484067 72,
486160 65,
488189 78,
492080 60,
494084 66,
496006 78,
498116 76,
500341 70,
502032 64,
504022 63,
506042 72,
508055 69,
512045 62,
514125 60,
516112 60,
518055 68,
520102 72,
522003 61,
524010 65,
526125 67,
528090 61,
530442 75,
532010 72,
534019 78,
536003 71,
538231 77,
540403 63,
542013 75,
544071 66,
546023 73,
548061 74,
552003 64,
556154 63,
558045 68,
562148 60,
564010 66,
566122 73,
568058 67,
570201 70,
572010 64,
576058 72,
578212 63,
580194 67,
588003 60,
590196 61,
592132 64,
594029 61,
596019 77,
598022 67,
602048 72,
608116 79,
610368 78,
612160 73,
614003 66,
616010 61,
618180 75,
622087 79,
624010 76,
628003 67,
630076 69,
632192 78,
636119 78,
640241 65,
642010 66,
644138 69,
646026 78,
648003 75,
652010 77,
654090 65,
658003 74,
660427 73,
662003 76,
664013 73,
666106 68,
670364 67,
672138 62,
676029 65,
678109 75,
680483 64,
682125 77,
684016 65,
686064 74,
688135 61,
690247 77,
694003 69,
696042 62,
702010 79,
704160 66,
706003 72,
708048 74,
710385 75,
712074 77,
714080 77,
716010 68,
718010 76,
720228 70,
724087 63,
728090 71,
730227 61,
732010 62,
734096 61,
736170 74,
738029 73,
740347 70,
746003 73,
748116 68,
750195 75,
752093 77,
754022 75,
756010 66,
758100 74,
760329 63,
762112 77,
764010 75,
766010 75,
768039 77,
770203 76,
772016 60,
774077 79,
776022 63,
778010 78,
780166 66,
788196 63,
790256 71,
794010 66,
796048 77,
800315 72,
802006 72,
804148 75,
806010 71,
808051 67,
812058 77,
814010 60,
816003 67,
818048 72,
820141 73,
822010 77,
824164 71,
826003 65,
828026 72,
830348 64,
836067 74,
838026 70,
840105 70,
842010 60,
844135 75,
846048 76,
848116 68,
850378 61,
852061 65,
856003 75,
858010 79,
860288 67,
864157 60,
866003 66,
868208 71,
870246 63,
874080 61,
876003 73,
878093 62,
880346 64,
882077 61,
884074 72,
886074 64,
890148 67,
896010 71,
898010 66,
902003 68,
904003 65,
910207 64,
912170 61,
914006 70,
916019 62,
918084 60,
920461 79,
926090 68,
928003 64,
930299 70,
934093 68,
936003 61,
938116 70,
940227 63,
942183 66,
944090 61,
946173 77,
948051 64,
956048 65,
958010 66,
960175 74,
962199 70,
964064 78,
966061 77,
970121 74,
972170 78,
976010 78,
978084 77,
980111 64,
982003 72,
984045 65,
986010 60,
990374 64,
992154 76,
994010 67,
996042 70,
998135 79,
1000438 68,
1002132 74,
1004003 66,
1006003 77,
1008048 73,
1012167 62,
1014010 65,
1016003 79,
1018016 75,
1020091 66,
1022093 68,
1024003 66,
1026087 77,
1028029 69,
1030105 73,
1032087 77,
1034077 67,
1036010 76,
1038010 68,
1040429 79,
1042074 60,
1044003 60,
1046003 68,
1048051 60,
1050319 60,
1054192 64,
1056019 74,
1058010 63,
1060201 79,
1062151 67,
1064080 72,
1066096 72,
1068010 69,
1072100 68,
1074090 62,
1076205 66,
1080336 71,
1082090 76,
1084003 74,
1086058 70,
1088093 68,
1092003 66,
1094048 64,
1096132 79,
1098003 62,
1100461 67,
1102096 64,
1104010 70,
1106061 62,
1108010 73,
1110206 79,
1114010 75,
1116116 70,
1118010 61,
1120145 65,
1124010 65,
1126048 69,
1128051 61,
1134058 76,
1136010 71,
1138022 64,
1140163 60,
1142122 62,
1144096 73,
1146157 64,
1148186 77,
1150072 77,
1154048 65,
1156096 70,
1158080 74,
1162148 64,
1164003 60,
1166173 61,
1168151 72,
1170304 65,
1172228 66,
1174135 60,
1178042 69,
1180313 68,
1182090 69,
1184160 72,
1186116 79,
1188013 61,
1190221 61,
1192003 61,
1194080 60,
1200230 77,
1202154 73,
1204010 61,
1206164 60,
1208010 61,
1210116 69,
1214058 67,
1216010 74,
1218003 69,
1222003 68,
1224010 72,
1226029 66,
1228068 62,
1230283 65,
1232016 78,
1234170 60,
1236003 79,
1238045 70,
1240278 68,
1242080 78,
1244003 62,
1246010 60,
1252212 66,
1254029 60,
1256010 64,
1258010 76,
1262192 71,
1264010 75,
1266052 68,
1268029 69,
1272048 64,
1276010 67,
1280207 72,
1282010 76,
1284144 61,
1286010 63,
1288100 71,
1290230 78,
1292048 69,
1294010 72,
1296154 63,
1298228 75,
1300293 67,
1302019 72,
1304064 63,
1308010 61,
1310260 66,
1312097 74,
1314019 64,
1316154 71,
1320212 67,
1324048 75,
1326003 76,
1328048 78,
1330361 65,
1332016 63,
1334048 66,
1336003 60,
1338010 75,
1342029 64,
1344003 60,
1346010 78,
1348026 74,
1350416 68,
1352010 61,
1354010 69,
1356071 66,
1358103 67,
1360252 65,
1362103 63,
1364019 73,
1366023 63,
1368010 66,
1370484 75,
1374010 63,
1382023 70,
1384029 79,
1388003 62,
1392003 72,
1394010 71,
1396010 72,
1398003 71,
1400401 78,
1402090 63,
1404048 62,
1406071 67,
1410268 69,
1412157 60,
1414039 65,
1416026 64,
1418180 67,
1420399 75,
1422003 63,
1426042 64,
1428135 70,
1432125 68,
1434003 72,
1438003 64,
1440294 63,
1442119 78,
1444010 63,
1446080 71,
1448048 60,
1452042 65,
1454010 79,
1460440 78,
1464048 76,
1466010 75,
1468003 67,
1470068 61,
1472064 60,
1474010 63,
1476141 64,
1478010 65,
1480251 77,
1484003 60,
1486080 69,
1488003 66,
1490156 63,
1494138 73,
1498071 60,
1500378 67,
1502154 66,
1504042 73,
1506093 70,
1510316 70,
1512128 71,
1514084 75,
1516003 66,
1518003 78,
1520378 65,
1524218 66,
1526042 70,
1530141 78,
1534109 73,
1536208 67,
1540377 75,
1542157 69,
1544080 64,
1546128 75,
1548010 67,
1550384 79,
1552010 60,
1554157 71,
1558010 77,
1560236 72,
1564003 71,
1568074 74,
1570449 60,
1572067 67,
1574093 73,
1576010 73,
1578116 71,
1580442 61,
1582116 78,
1584010 66,
1586151 70,
1590110 79,
1592051 67,
1594112 62,
1598048 73,
1600409 65,
1602029 60,
1608141 71,
1610197 60,
1612164 78,
1614003 71,
1616157 62,
1618093 76,
1620097 69,
1622215 69,
1624010 78,
1626003 78,
1628003 68,
1630286 70,
1632189 76,
1634003 60,
1636010 63,
1638010 73,
1640577 70,
1642019 65,
1644138 77,
1646154 71,
1648103 71,
1652125 65,
1654010 73,
1656003 72,
1658080 65,
1660092 72,
1662212 70,
1664122 73,
1666231 66,
1668010 60,
1670269 68,
1672029 69,
1674100 67,
1676087 69,
1678138 62,
1680083 63,
1682003 76,
1684141 72,
1688093 64,
1690252 63,
1692103 61,
1694048 78,
1698010 79,
1700366 61,
1702074 65,
1704003 67,
1708029 69,
1710164 70,
1712042 76,
1716116 69,
1720358 60,
1722010 66,
1724164 78,
1726003 71,
1730353 69,
1732103 71,
1734003 63,
1736138 78,
1738010 79,
1740165 79,
1742151 71,
1744119 66,
1746003 67,
1750336 68,
1752003 63,
1754116 66,
1756003 76,
1760337 76,
1764176 78,
1766109 75,
1768010 79,
1770493 78,
1772141 76,
1774003 63,
1776061 72,
1778106 66,
1780322 63,
1782096 60,
1784006 63,
1788128 66,
1792180 63,
1794003 66,
