82029 75,
84010 77,
86003 62,
88135 68,
90168 66,
92128 73,
94029 65,
96183 66,
98039 74,
108055 76,
110184 76,
112186 71,
118173 74,
126003 79,
128125 71,
130304 61,
132003 77,
134071 76,
138202 70,
142058 71,
144215 78,
146208 67,
148010 62,
150400 77,
152055 74,
154116 70,
156013 70,
158051 71,
162151 74,
164100 62,
168093 64,
172122 68,
174116 78,
176029 63,
178010 72,
184109 73,
186023 76,
188087 66,
190268 74,
192183 69,
194010 74,
196019 66,
198010 65,
200370 64,
202141 63,
204071 60,
206007 73,
208010 65,
210393 68,
212328 78,
214106 72,
218167 77,
220342 76,
226048 64,
230378 73,
236167 76,
238109 78,
240339 60,
242048 74,
244180 70,
246090 62,
250278 67,
252026 66,
256103 78,
258048 68,
260379 77,
262058 67,
264048 64,
266208 71,
268003 66,
270252 78,
272074 62,
276007 62,
278026 66,
280329 65,
282048 78,
288048 65,
290372 73,
292061 68,
296026 67,
300182 74,
304010 64,
308010 64,
310313 73,
314093 74,
318010 73,
320327 71,
322164 75,
326205 60,
328010 64,
332032 71,
338074 74,
342003 66,
346013 64,
348035 76,
350177 65,
358003 68,
362087 63,
364109 78,
366071 63,
370336 66,
372010 66,
374077 72,
384199 61,
386052 61,
390334 74,
392061 71,
394003 73,
398087 65,
400200 63,
404010 70,
406067 73,
408039 74,
412032 62,
414116 74,
416019 70,
418010 75,
420323 72,
424109 68,
426067 68,
428144 60,
430271 78,
432173 60,
436199 73,
438106 64,
440542 64,
444071 79,
446090 78,
448186 65,
450214 60,
452010 67,
454132 64,
456035 68,
466039 70,
468029 78,
470381 78,
472048 73,
476061 66,
478103 70,
480211 74,
482055 65,
484167 71,
486154 65,
488106 73,
496007 75,
502026 69,
504023 64,
508064 78,
510333 63,
512029 62,
514068 68,
516080 71,
520286 77,
522035 62,
524077 74,
526106 65,
528029 75,
530225 65,
532003 63,
534048 68,
536167 78,
538029 68,
540311 68,
542039 62,
546160 70,
548029 72,
552010 60,
558010 65,
560364 70,
562010 72,
564135 61,
568029 66,
572010 63,
574167 70,
576067 65,
578023 64,
580158 75,
586119 71,
588035 61,
590250 60,
596007 67,
598125 61,
600230 67,
602032 76,
604141 61,
606151 72,
608010 69,
610218 67,
612010 65,
614026 61,
616010 73,
620266 60,
622067 65,
624010 65,
626148 66,
630408 66,
632119 63,
634048 71,
636003 72,
638068 71,
640438 74,
642035 68,
644003 65,
646186 72,
648100 78,
650622 69,
654003 79,
656106 62,
658100 62,
660332 66,
662116 65,
664013 75,
668061 64,
670071 64,
672007 61,
674061 64,
676125 67,
678019 75,
680459 76,
682151 75,
684090 61,
688003 69,
690258 66,
694003 78,
696010 63,
698048 75,
700367 75,
702003 78,
704218 60,
706077 67,
708003 71,
712109 65,
714003 74,
716112 62,
718064 71,
720117 66,
722010 61,
724003 76,
726154 72,
728003 60,
730168 61,
732003 70,
734122 60,
736116 60,
738010 79,
742100 72,
744016 61,
746019 79,
750334 79,
754023 72,
756010 78,
758135 60,
760294 71,
762013 77,
764003 70,
768003 65,
772039 75,
778125 68,
780310 77,
782132 74,
786013 66,
790339 78,
792045 61,
794010 67,
802007 67,
804240 67,
806151 76,
810268 67,
812039 69,
814010 64,
818003 72,
820294 79,
822164 69,
826135 72,
828055 71,
830352 74,
832029 69,
836010 75,
840187 62,
844003 79,
846048 68,
850137 69,
852007 67,
856029 66,
860346 67,
862202 62,
864010 68,
868042 78,
870288 66,
874007 77,
878003 65,
882010 79,
886010 62,
892007 65,
894003 73,
896010 70,
898074 60,
900223 74,
902003 71,
904183 79,
906029 73,
914144 64,
916019 60,
918016 61,
922051 65,
926010 65,
928164 74,
932103 73,
934010 61,
938010 66,
942010 71,
948202 66,
950364 62,
952064 72,
954067 62,
958077 65,
960316 69,
964003 77,
966084 63,
968157 73,
970214 66,
972003 78,
974003 62,
976003 76,
978003 75,
984071 70,
986138 76,
988010 77,
992196 67,
994100 71,
996023 78,
998122 67,
1004202 69,
1006003 72,
1010331 71,
1012048 71,
1014212 75,
1016084 66,
1018055 65,
1020230 77,
1022122 65,
1024112 60,
1028087 75,
1032010 67,
1034116 66,
1038010 66,
1040414 74,
1042019 76,
1046087 60,
1048029 63,
1050269 77,
1052010 64,
1054003 71,
1056100 78,
1060253 77,
1062138 65,
1064135 70,
1066125 60,
1068090 64,
1074141 77,
1076173 66,
1080344 73,
1082074 64,
1084010 73,
1086042 74,
1090056 78,
1094074 64,
1100314 61,
1104023 65,
1106048 65,
1108048 63,
1110374 67,
1112064 62,
1118010 76,
1120331 62,
1122003 73,
1124029 75,
1130089 70,
1132003 72,
1136003 66,
1138023 77,
1140302 66,
1142010 64,
1144160 79,
1146116 63,
1148192 67,
1150236 69,
1160554 76,
1162010 79,
1166148 63,
1170201 74,
1172061 68,
1176003 60,
1180176 63,
1182125 75,
1186093 63,
1190343 67,
1192042 64,
1196087 74,
1198029 64,
1202003 74,
1204010 71,
1206064 76,
1208029 79,
1210230 60,
1212029 70,
1214119 64,
1218010 67,
1220331 76,
1222096 74,
1226010 65,
1228125 76,
1230192 79,
1232173 61,
1236010 78,
1240217 75,
1244218 67,
1246116 69,
1248090 73,
1250248 66,
1252010 65,
1254087 64,
1256106 71,
1258045 68,
1260353 74,
1266010 61,
1268071 67,
1270207 67,
1272109 72,
1274173 63,
1276151 77,
1278186 72,
1280431 77,
1282048 73,
1288093 60,
1294010 70,
1296096 77,
1298029 63,
1300142 79,
1302055 60,
1304221 60,
1308003 67,
1312208 73,
1314003 79,
1316035 70,
1318135 75,
1320316 72,
1322116 60,
1326170 62,
1328003 76,
1330365 68,
1332151 67,
1334157 68,
1338096 71,
1340200 73,
1344048 61,
1348003 74,
1350372 79,
1352093 63,
1354132 69,
1358160 77,
1360340 70,
1362068 64,
1366061 79,
1368135 60,
1370531 64,
1372010 72,
1374144 66,
1376003 68,
1378003 69,
1380444 77,
1384003 79,
1386010 61,
1390413 67,
1392029 74,
1394010 60,
1400465 76,
1402023 77,
1404003 74,
1408048 72,
1410137 60,
1412042 73,
1414160 72,
1418003 70,
1426003 61,
1428119 72,
1430502 79,
1434154 70,
1436180 61,
1438093 67,
1440150 65,
1442186 71,
1444074 71,
1446154 60,
1448003 74,
1450168 73,
1452138 64,
1456007 61,
1460311 60,
1462109 73,
1464080 76,
1466029 68,
1468138 75,
1474010 63,
1476119 62,
1478189 71,
1480243 69,
1482003 63,
1484010 79,
1486173 66,
1490421 66,
1492071 62,
1496119 68,
1502080 68,
1504010 77,
1506016 62,
1510364 69,
1512167 65,
1514003 71,
1516148 70,
1518003 68,
1520348 77,
1522003 74,
1524003 70,
1528010 64,
1530298 71,
1532080 67,
1534071 63,
1538010 71,
1542196 72,
1544125 70,
1546077 64,
1548170 76,
1550397 66,
1552109 64,
1554010 75,
1556077 65,
1560288 61,
1562151 73,
1566116 62,
1568003 60,
1576003 73,
1578003 65,
1580262 78,
1582035 63,
1584048 78,
1586010 69,
1588119 64,
1590426 66,
1592170 71,
1594058 69,
1596048 70,
1598003 66,
1600265 76,
1602138 64,
1604003 66,
1608003 75,
1610236 71,
1612112 74,
1614151 70,
1618003 77,
1620120 79,
1622010 61,
1626119 62,
1628048 60,
1632112 61,
1634176 71,
1636192 64,
1640382 72,
1642077 69,
1644087 64,
1650321 65,
1652141 78,
1654061 65,
1658048 65,
1660338 72,
1664132 73,
1666157 73,
1668109 73,
1670495 72,
1672042 66,
1674151 65,
1676003 79,
1678048 62,
1680316 62,
1682112 65,
1686003 62,
1688003 76,
1690287 74,
1694087 67,
1696010 70,
1698173 67,
1704019 77,
1708128 63,
1710217 78,
1714103 71,
1716029 73,
1722141 61,
1724023 72,
1728003 77,
1730434 79,
1732103 72,
1734109 68,
1736192 74,
1738119 75,
1740211 67,
1742029 63,
1744003 63,
1748116 78,
1750380 60,
1752048 70,
1756116 74,
1760272 64,
1762067 65,
1764122 72,
1766189 74,
1768010 75,
1770303 70,
1778100 60,
1780461 79,
1782138 62,
1784026 77,
1786003 66,
1788042 77,
1792106 73,
1796003 62,
