82109 72,
84010 73,
86003 69,
88010 71,
92019 78,
96010 68,
98103 75,
100138 74,
102071 70,
106084 72,
108055 71,
110325 78,
112173 71,
116003 72,
118141 65,
120300 65,
124010 77,
126138 61,
130377 76,
132010 72,
136023 68,
138183 71,
144010 65,
152074 71,
156007 61,
160357 61,
162039 60,
166167 63,
170247 76,
172003 72,
176068 62,
178029 61,
180100 70,
184132 76,
186023 67,
188132 77,
194154 60,
196064 71,
198016 62,
200405 73,
204167 63,
206189 60,
208051 60,
210284 70,
212199 60,
214003 76,
220296 65,
222042 66,
224045 68,
226048 65,
228010 61,
230410 70,
232170 67,
236026 67,
238103 61,
240217 71,
242003 77,
244144 76,
246112 64,
250265 61,
252055 78,
254010 60,
260344 69,
262058 77,
264003 61,
266173 61,
268119 63,
270288 64,
272068 64,
274026 77,
276084 75,
278080 60,
280238 78,
282119 69,
284010 74,
288109 72,
292019 69,
294160 67,
298071 75,
300147 71,
302029 60,
304003 61,
306016 66,
308045 74,
310313 72,
316029 70,
318003 68,
320461 69,
328224 66,
334234 70,
342071 77,
344141 74,
348007 72,
350396 68,
352052 72,
354106 76,
356013 75,
360092 79,
362013 72,
364138 77,
366228 69,
372103 76,
374016 78,
376064 67,
378023 78,
384003 68,
388010 77,
390138 65,
394064 76,
396231 76,
398122 71,
402128 76,
404183 60,
406010 62,
410356 76,
412138 79,
414007 60,
422013 65,
426003 75,
430173 69,
432084 71,
436064 76,
438135 64,
442010 67,
444104 71,
446090 63,
448180 64,
450114 60,
452064 72,
454055 71,
456055 67,
458003 73,
460432 78,
468003 66,
470287 79,
472010 67,
478180 77,
480281 65,
482010 65,
484032 68,
488010 60,
490323 79,
492196 68,
494084 60,
496067 60,
498122 74,
504128 70,
506096 71,
512087 78,
520270 63,
522051 62,
524026 68,
530543 61,
532010 77,
536100 79,
540291 64,
542125 71,
546023 78,
548093 65,
552042 69,
554026 74,
562154 73,
564003 75,
566019 63,
568093 60,
570170 66,
572109 73,
578084 66,
584132 74,
586048 71,
588048 79,
592039 73,
594003 72,
596007 61,
598007 69,
600294 70,
602074 74,
604090 78,
608116 63,
612003 60,
614058 65,
616058 67,
618144 71,
620218 69,
626132 75,
628003 60,
630257 61,
632003 64,
634144 61,
636010 79,
638003 77,
640107 74,
642196 64,
644061 73,
646026 77,
648138 76,
650438 60,
652112 60,
654084 69,
656154 69,
658068 72,
660223 74,
662151 65,
664048 67,
666090 67,
668122 63,
670140 73,
678019 68,
682058 64,
686003 76,
688205 64,
690328 72,
692080 72,
694010 72,
702010 73,
706141 74,
708003 64,
716003 71,
722003 67,
724003 73,
726084 78,
728151 77,
730240 61,
736003 78,
740506 75,
748003 71,
750125 77,
752071 67,
756048 69,
760275 65,
764119 66,
768119 76,
778010 60,
782029 64,
784148 67,
788003 62,
790479 72,
792003 60,
794010 63,
796048 78,
798074 61,
800359 60,
804196 73,
808003 79,
810169 73,
814090 75,
816196 69,
818048 63,
822010 75,
824106 65,
828144 70,
830232 76,
832003 72,
834042 63,
836125 76,
838176 70,
840138 65,
842048 61,
844205 75,
846003 71,
858055 75,
860284 71,
862151 68,
864164 78,
866080 72,
874141 79,
878087 74,
880303 62,
884003 76,
886003 76,
888189 62,
894087 77,
896003 68,
898109 72,
900175 70,
902164 62,
904231 63,
906029 69,
910345 79,
916096 60,
918003 65,
920534 69,
922122 67,
924003 72,
926010 76,
928199 73,
934003 60,
936010 61,
938138 61,
940409 72,
944119 78,
946173 68,
950312 74,
954010 77,
958035 77,
960355 62,
962135 67,
964132 68,
966103 71,
970018 64,
972224 66,
974090 74,
976154 60,
978003 69,
980385 63,
982077 64,
992010 68,
996119 69,
998205 76,
1000300 73,
1002109 74,
1006160 69,
1008048 62,
1014010 77,
1016003 77,
1018010 64,
1020294 60,
1022100 70,
1024106 64,
1028068 72,
1030230 72,
1034010 76,
1036055 74,
1038003 61,
1040388 62,
1042003 73,
1046048 69,
1048148 75,
1050336 68,
1054010 71,
1058003 70,
1062010 65,
1064116 62,
1068010 77,
1070501 70,
1072144 78,
1076087 75,
1078164 68,
1082167 74,
1084106 63,
1088109 68,
1090342 66,
1092135 65,
1094116 67,
1096112 68,
1098010 73,
1102003 63,
1104023 74,
1106144 79,
1110451 70,
1114003 65,
1116138 74,
1124048 72,
1126029 77,
1128029 63,
1130289 78,
1132029 67,
1136003 69,
1138061 68,
1140302 77,
1142068 61,
1144135 77,
1150329 75,
1152096 79,
1154048 78,
1160422 74,
1162003 65,
1166106 78,
1168125 66,
1170258 65,
1174029 71,
1176048 62,
1178096 61,
1182055 73,
1186003 70,
1190509 65,
1192042 65,
1194010 78,
1202132 76,
1206093 68,
1210380 72,
1212010 63,
1214109 71,
1216010 75,
1218154 72,
1222064 79,
1224003 64,
1226010 75,
1228010 61,
1232003 70,
1234035 76,
1238122 62,
1242135 63,
1248003 67,
1250225 61,
1252045 71,
1256003 67,
1258154 68,
1260201 79,
1262010 76,
1264096 68,
1266058 71,
1268090 73,
1270255 70,
1272029 69,
1278061 63,
1282010 71,
1284157 76,
1286096 72,
1288176 75,
1290421 68,
1296183 78,
1298010 71,
1302019 61,
1308125 62,
1310439 68,
1314035 71,
1316010 74,
1318003 75,
1320237 78,
1322010 73,
1324010 60,
1326035 75,
1328010 72,
1330361 67,
1332010 60,
1334010 64,
1336010 69,
1340298 64,
1346003 77,
1350255 71,
1356029 79,
1358064 75,
1360368 75,
1362048 67,
1364132 67,
1372029 69,
1374112 60,
1376189 74,
1380162 72,
1382003 76,
1384048 64,
1390461 71,
1392132 68,
1400319 63,
1402042 64,
1404003 75,
1408132 71,
1410291 60,
1412173 73,
1414051 61,
1418003 72,
1420238 67,
1424010 73,
1426003 76,
1430226 65,
1434029 63,
1436116 69,
1438010 62,
1442119 74,
1446010 79,
1450300 69,
1452090 67,
1456167 73,
1460532 78,
1466144 73,
1468003 77,
1470079 60,
1472010 74,
1474106 62,
1476160 70,
1478067 63,
1480275 75,
1482103 78,
1484010 66,
1486096 78,
1490465 72,
1492090 75,
1494055 69,
1496051 63,
1498125 76,
1502010 68,
1504003 74,
1506087 78,
1508045 75,
1510373 75,
1512003 77,
1514064 64,
1516100 76,
1520505 63,
1522173 66,
1526003 70,
1528010 60,
1530254 61,
1532164 61,
1534122 75,
1536003 72,
1538055 61,
1540470 64,
1542010 66,
1548106 70,
1550407 79,
1552058 78,
1554010 74,
1556029 75,
1558173 60,
1560265 68,
1562003 68,
1566048 76,
1568192 78,
1572003 61,
1574119 64,
1576029 78,
1580240 61,
1582122 70,
1588148 69,
1590182 72,
1592151 62,
1596135 69,
1600307 69,
1602010 70,
1604071 74,
1606173 70,
1608010 66,
1610205 75,
1612112 75,
1614055 77,
1616090 75,
1618010 70,
1620136 70,
1624106 66,
1628170 61,
1630238 70,
1632003 64,
1634003 79,
1638048 71,
1642135 70,
1644087 79,
1646138 67,
1650336 67,
1652029 64,
1654010 72,
1656160 60,
1660377 76,
1664132 71,
1666215 66,
1668010 77,
1672010 64,
1674106 74,
1676080 79,
1678192 74,
1680282 67,
1682090 76,
1684058 75,
1686093 75,
1688003 63,
1690248 62,
1694196 78,
1696010 77,
1698116 64,
1700245 60,
1704224 60,
1706010 72,
1708061 77,
1714010 74,
1716010 64,
1718196 63,
1720206 78,
1722010 69,
1724096 73,
1726144 62,
1730127 65,
1732148 70,
1736003 63,
1738039 64,
1742157 62,
1744003 75,
1748055 67,
1750147 70,
1752215 75,
1754048 69,
1760215 71,
1762144 61,
1764106 61,
1768010 78,
1770242 69,
1772048 77,
1776144 74,
1778199 67,
1780259 73,
1784090 76,
1786189 67,
1792007 75,
1794010 65,
