86368 3805
92918 3741
102474 3748
106844 3851
116585 3834
122950 3860
125877 3879
132933 3791
135527 3716
145593 3732
155960 3863
161812 3877
165844 3729
173076 3808
175972 3840
181898 3793
191599 3741
195885 3807
211538 3769
233065 3718
235617 3833
241579 3745
245700 3889
251811 3764
271807 3700
275513 3816
285717 3728
292103 3879
301546 3743
305550 3717
311528 3796
315666 3851
323970 3851
328386 3754
332829 3740
353446 3771
356288 3875
362831 3891
372155 3798
382883 3865
385627 3800
405857 3773
413301 3706
415745 3718
421943 3882
425652 3884
431898 3825
436497 3700
445757 3896
452433 3724
455835 3891
461875 3759
472909 3723
475521 3824
481896 3864
485831 3877
502620 3853
505602 3849
511859 3846
515813 3800
526714 3791
532825 3855
535566 3748
542344 3730
545836 3831
562648 3786
565612 3726
571677 3887
575906 3811
585808 3765
592295 3793
595711 3803
601655 3866
605622 3802
612220 3800
615654 3713
625543 3869
631639 3893
641621 3828
645524 3853
652414 3719
655487 3752
662280 3885
665536 3700
672366 3826
675563 3885
685565 3872
692124 3769
695555 3887
701850 3868
705499 3893
721441 3787
725682 3719
741789 3881
751266 3879
755675 3785
762233 3827
765868 3769
775693 3750
785388 3897
795564 3732
802406 3862
805877 3833
811622 3851
815522 3825
821953 3836
831806 3886
835658 3781
852288 3860
855481 3724
862411 3854
865559 3861
871802 3824
881619 3899
885394 3875
895526 3758
905718 3712
911609 3849
915683 3757
925695 3825
941478 3823
945578 3726
952417 3820
955407 3768
961700 3822
965899 3871
971510 3755
975654 3783
982719 3749
985453 3836
991594 3864
995642 3893
1005564 3717
1012245 3712
1015583 3890
1021566 3751
1025556 3886
1031463 3714
1035631 3847
1051522 3898
1055550 3869
1061982 3854
1065887 3832
1075585 3779
1081395 3875
1085480 3871
1091485 3810
1095644 3759
1102540 3808
1105611 3878
1111908 3704
1115920 3766
1132303 3780
1135563 3857
1145634 3801
1151915 3778
1155856 3804
1161982 3761
1171383 3747
1175823 3754
1185392 3813
1192786 3770
1195815 3797
1201537 3832
1205555 3779
1211822 3815
1215677 3720
1221719 3800
1225669 3785
1231515 3823
1235256 3704
1241316 3757
1245569 3872
1252489 3848
1255902 3841
1261715 3704
1265645 3772
1275606 3791
1282118 3832
1285550 3700
1295693 3774
1305682 3741
1315822 3819
1321526 3813
1325609 3873
1341648 3833
1345669 3877
1351858 3870
1355670 3799
1365747 3763
1381336 3826
1391678 3756
1402209 3712
1405632 3845
1411566 3886
1415581 3798
1421695 3897
1425536 3890
1431904 3790
1435656 3891
1441484 3773
1445383 3876
1455593 3778
1465447 3873
1471571 3731
1485656 3734
1495659 3785
1501517 3871
1505516 3795
1511541 3892
1515616 3880
1521787 3894
1525681 3811
1531755 3866
1535401 3767
1545538 3709
1551959 3768
1555700 3812
1561672 3871
1565634 3817
1571324 3837
1575455 3782
1582618 3749
1585503 3883
1591778 3885
1595631 3726
1605632 3805
1615628 3898
1621506 3733
1635729 3762
1642383 3784
1645434 3713
1651486 3771
1655731 3771
1675406 3701
1691651 3717
1695728 3791
1702001 3770
1711450 3796
1721439 3854
1725638 3827
1732372 3818
1735384 3784
1741612 3768
1745490 3788
1751489 3708
1765802 3700
1771468 3775
1775523 3810
1781669 3796
1785670 3858
1792257 3796
1795667 3737
