101912 2080
113483 2063
132694 2096
151933 2005
161725 1946
172137 1970
181987 1932
203464 2058
211451 2074
222666 2045
233044 1983
241648 1960
251652 2006
271932 2022
282401 1911
311724 2075
331998 1980
353518 1924
383044 1930
413495 1972
431819 1933
461735 2006
473309 1909
481991 1999
491417 1978
502687 1939
532913 1968
561874 2000
591871 2005
641348 1913
652241 2003
661761 2045
701729 2030
712432 2014
731422 1979
742350 2045
761805 1949
772000 1941
802767 2028
811666 1907
821023 2022
831902 1925
841663 1985
851533 1928
871600 2009
911643 1998
941562 2049
961561 1901
971611 2032
982764 2035
991629 1990
1011913 1923
1031542 2025
1042476 2024
1061986 1905
1071741 1957
1081483 1911
1091390 1956
1121257 1953
1141624 1911
1171266 1990
1181483 1983
1192395 1967
1201497 1991
1221454 1984
1231406 2067
1261524 2056
1271632 2060
1281870 1920
1301641 2090
1321605 1975
1341850 2025
1351410 1988
1361332 1931
1391787 1915
1402562 1949
1411377 1947
1421464 2087
1432227 1934
1441385 2005
1451255 2092
1461928 2022
1471144 2043
1481459 2012
1492806 2010
1501193 1957
1521973 2011
1551732 1916
1561606 1953
1571450 1926
1582422 2019
1601386 1998
1621338 2068
1651503 2019
1661722 2010
1671777 2095
1681437 2006
1691572 2042
1702126 2093
1711589 1992
1721414 2003
1741552 1966
1781259 2052
1791889 1915
