85071 3759
90157 3724
105096 3791
110342 3859
120072 3864
125148 3812
130232 3758
135125 3863
140255 3836
145055 3711
160341 3713
175026 3802
180141 3814
185112 3809
190129 3858
195093 3866
200368 3880
205087 3781
210059 3874
220117 3802
225010 3821
235199 3890
240069 3742
250053 3862
255160 3835
260220 3815
270171 3886
275224 3815
280222 3709
285167 3789
290274 3758
310215 3752
325019 3861
335006 3788
340067 3877
345010 3856
350377 3852
360238 3753
365093 3845
370171 3721
375106 3854
385039 3765
390017 3874
405125 3778
410238 3778
415058 3745
420152 3705
430039 3806
435003 3764
440406 3852
445096 3763
455003 3794
465074 3883
470125 3885
480084 3778
485106 3725
490044 3788
500303 3783
505147 3873
520299 3859
525010 3812
530156 3793
545058 3717
555042 3864
560230 3867
570273 3775
575144 3740
580241 3711
590101 3825
610230 3883
625003 3782
635003 3873
645010 3736
650242 3781
655189 3857
665093 3844
675010 3791
680156 3882
690225 3804
695003 3838
700196 3804
705010 3854
710257 3754
725109 3800
735003 3881
745003 3734
750044 3796
755051 3868
765224 3817
775045 3868
780158 3824
790142 3714
795010 3795
800447 3836
805032 3749
810094 3768
830090 3889
835003 3889
840110 3831
845032 3887
850116 3709
855010 3711
860441 3827
865003 3768
870080 3830
875003 3826
880353 3876
885045 3815
890218 3881
895144 3885
900174 3709
910321 3784
925003 3803
935125 3776
940129 3827
945010 3745
965010 3702
970363 3868
975173 3838
985196 3763
990302 3898
1000164 3889
1005154 3825
1015045 3760
1020184 3878
1025010 3747
1030271 3870
1040108 3857
1045003 3700
1050056 3719
1055003 3861
1065055 3765
1075064 3767
1090158 3769
1095144 3781
1105003 3752
1110118 3864
1120225 3796
1125048 3778
1135039 3746
1140184 3870
1145160 3850
1150080 3887
1165058 3890
1170251 3897
1180165 3736
1185010 3712
1195042 3832
1205003 3789
1210209 3859
1220170 3863
1225032 3832
1240206 3871
1245167 3713
1255051 3707
1260306 3889
1265074 3841
1275176 3843
1285045 3831
1290232 3702
1300305 3705
1315010 3779
1320093 3797
1325157 3712
1340134 3804
1345039 3825
1355087 3795
1365010 3867
1370253 3752
1375119 3810
1380123 3773
1385106 3707
1390225 3884
1395003 3756
1400371 3892
1405061 3804
1415128 3725
1420148 3811
1425205 3847
1430185 3853
1435116 3731
1450078 3763
1455032 3834
1460124 3779
1465003 3894
1475138 3729
1480232 3808
1490055 3754
1495010 3829
1500025 3703
1505180 3864
1510107 3739
1520307 3819
1525003 3745
1530241 3755
1535132 3873
1540224 3720
1550293 3841
1555087 3740
1560271 3764
1565151 3829
1580266 3808
1585003 3859
1595144 3797
1600107 3767
1605055 3746
1620289 3714
1630145 3805
1635154 3879
1645106 3846
1650114 3758
1655003 3793
1660177 3735
1670262 3729
1675119 3739
1680242 3892
1695093 3751
1700351 3865
1705032 3828
1715071 3876
1720110 3812
1725135 3786
1735010 3706
1740389 3856
1745112 3708
1755087 3872
1765112 3746
1775144 3701
1790375 3810
1795010 3858
