91732 2067
101214 1988
111448 2054
131365 1939
141704 1972
151228 1979
161205 2079
171816 2096
191662 2092
201571 1945
231917 1970
241186 2009
250732 2097
281157 1949
291588 1965
301159 1951
311042 2030
331058 2077
361219 1928
371574 2069
381493 1988
390872 2070
411756 1930
421029 2071
431431 2091
471532 2003
481064 2021
501661 2077
511148 1915
520868 2059
531808 1958
551136 1953
591493 1939
601278 2014
621443 2043
671074 1905
681644 1932
711336 2000
731249 2028
750911 2087
761368 2062
781137 2032
801426 1916
811269 1956
821114 1954
831390 2044
841178 2067
851312 2080
861433 1940
891648 2070
901147 2024
931272 1922
941291 2092
951535 1968
961071 2062
971333 1908
981420 1912
1001317 1996
1011934 2008
1041243 1995
1051157 1932
1060954 2061
1071504 1910
1081069 1954
1111061 2038
1121037 2087
1141122 2034
1151192 1971
1161376 2025
1171320 1908
1180999 1936
1191466 1994
1201007 1904
1221646 1917
1251621 1909
1261237 1900
1271277 1969
1281388 1975
1291331 1965
1301064 2044
1311541 2003
1321279 2000
1331314 1996
1361337 2081
1371593 1964
1390969 1962
1401367 2094
1411055 1915
1431615 1923
1441151 2062
1450887 2001
1461575 2056
1491432 2096
1501107 1991
1521494 2098
1531083 2055
1540966 1904
1551586 2040
1561185 2032
1581306 1902
1590987 1977
1601175 2038
1611629 2060
1621130 2046
1651110 2001
1671494 1950
1681046 1953
1691304 1903
1701644 2025
1720806 1947
1731817 2081
1740877 1924
1751131 1929
1771111 1990
1781254 1922
