85122 3773
90273 3782
95173 3771
100232 3808
125010 3846
130101 3861
135196 3862
145026 3879
150207 3806
160088 3795
170416 3804
175019 3834
180068 3883
185045 3881
190121 3716
195115 3741
205093 3739
220197 3793
235135 3804
240405 3801
245003 3888
250069 3722
255035 3853
260267 3749
270032 3765
275003 3821
280182 3776
285045 3860
290318 3828
300102 3710
305055 3838
325019 3820
335125 3719
345093 3771
355003 3828
360158 3813
375064 3799
380319 3892
385112 3749
395003 3718
400144 3793
405071 3764
410350 3798
415128 3879
420261 3727
425125 3797
435003 3788
455010 3781
460331 3878
465003 3764
470576 3771
475103 3898
485051 3838
500272 3878
505039 3876
525042 3701
535051 3762
545099 3708
555093 3804
565003 3816
575010 3852
580212 3762
585083 3893
595205 3783
600097 3751
605093 3788
625003 3746
630076 3814
635151 3834
640406 3889
655010 3762
660293 3858
670079 3773
675032 3787
680372 3755
685045 3789
695154 3857
700129 3756
705003 3742
715067 3851
725010 3748
730133 3719
735032 3843
740272 3742
745058 3823
750177 3758
755003 3722
760185 3868
775010 3828
785077 3737
795010 3730
815189 3891
825003 3708
830273 3898
835093 3887
850110 3761
855003 3846
860322 3802
880158 3732
890355 3836
895006 3759
900063 3810
925039 3731
930113 3828
935048 3706
945003 3749
950227 3785
955010 3722
960113 3847
975003 3788
980336 3806
985010 3865
990142 3821
995003 3888
1005003 3880
1020292 3872
1025003 3733
1035077 3813
1040065 3720
1045022 3716
1050083 3738
1060196 3801
1065093 3808
1075064 3755
1085032 3768
1090136 3874
1095010 3859
1105096 3885
1110293 3749
1120229 3765
1125048 3822
1130329 3781
1145003 3873
1150225 3717
1160177 3830
1165003 3819
1170132 3852
1175196 3773
1185010 3700
1190151 3809
1195176 3830
1200101 3724
1210130 3852
1215010 3714
1225064 3867
1230184 3772
1240235 3818
1245045 3806
1250281 3701
1255138 3895
1260180 3766
1265026 3722
1275192 3867
1280515 3895
1285109 3839
1290287 3753
1295051 3799
1305080 3815
1310313 3860
1315003 3742
1325010 3785
1330145 3751
1335077 3792
1340512 3848
1350265 3706
1370082 3800
1375112 3824
1385176 3854
1390100 3709
1400281 3872
1405154 3892
1415003 3895
1425093 3733
1440205 3758
1445096 3713
1450302 3804
1460249 3791
1470025 3761
1475010 3817
1480112 3890
1485103 3764
1500244 3854
1505032 3740
1510040 3751
1515083 3892
1520149 3895
1525138 3710
1535039 3802
1540143 3853
1545112 3752
1555199 3768
1560289 3715
1570258 3808
1580249 3762
1585074 3725
1590215 3711
1600148 3742
1605167 3825
1610361 3774
1615023 3756
1620280 3888
1625003 3700
1630261 3709
1635003 3764
1640244 3797
1645003 3814
1655010 3727
1665071 3793
1675164 3813
1680229 3783
1695010 3800
1700274 3758
1720110 3842
1730233 3724
1735183 3895
1740056 3718
1745244 3827
1750152 3866
1760215 3720
1765045 3825
1775010 3824
1780085 3822
