86084 63, 5061
90282 75, 5048
92003 65, 5162
94096 71, 5005
104071 74, 5177
106231 61, 5095
108128 67, 5025
110385 74, 5143
114023 67, 5077
116061 68, 5120
120099 65, 5008
122051 67, 5089
124100 74, 5045
126045 71, 5021
128093 70, 5138
134080 69, 5131
140377 76, 5164
146160 79, 5128
148128 77, 5165
152144 71, 5165
154103 77, 5178
156010 76, 5100
160361 63, 5092
162122 61, 5140
164003 74, 5168
166003 69, 5132
168215 75, 5046
170465 79, 5005
172370 74, 5178
174061 66, 5150
178029 74, 5129
180176 79, 5171
184067 71, 5184
186010 60, 5168
188122 77, 5136
192090 62, 5102
196026 62, 5103
198132 63, 5027
202157 70, 5004
206061 65, 5097
212209 77, 5122
216116 69, 5072
218003 65, 5155
220192 70, 5052
222048 63, 5093
224042 61, 5196
226010 63, 5037
228010 74, 5140
230297 61, 5190
232196 76, 5060
234167 73, 5148
236023 60, 5031
238003 66, 5159
240115 61, 5179
242067 63, 5124
244067 66, 5002
246010 73, 5148
248154 72, 5144
250073 78, 5098
252106 61, 5159
254061 67, 5139
256128 74, 5152
258141 78, 5075
262125 77, 5006
266119 79, 5015
272141 77, 5186
276003 63, 5043
278087 65, 5049
280239 66, 5150
286042 63, 5004
288116 72, 5193
290388 62, 5033
292087 66, 5130
294010 71, 5129
296357 74, 5036
300457 69, 5144
302116 69, 5000
304010 75, 5149
306029 63, 5097
308003 61, 5081
310360 61, 5147
318048 61, 5139
326064 70, 5022
328010 73, 5103
330225 61, 5058
332003 73, 5076
336039 74, 5074
338029 74, 5190
344116 65, 5156
346167 66, 5065
348084 68, 5043
350382 64, 5168
352183 79, 5015
354160 78, 5097
356106 65, 5196
358064 66, 5021
360252 66, 5188
362003 71, 5088
364003 70, 5138
366058 73, 5067
372010 76, 5015
374135 61, 5066
376164 77, 5183
382010 60, 5109
384010 76, 5151
386199 69, 5010
388010 66, 5131
392154 79, 5158
396003 78, 5005
400212 69, 5119
402125 68, 5159
408148 77, 5104
412010 60, 5109
414198 64, 5163
416212 60, 5091
418119 73, 5070
420278 72, 5143
422164 71, 5098
424003 62, 5083
426096 71, 5078
428084 69, 5193
432003 78, 5015
436080 69, 5020
438180 76, 5071
440486 78, 5038
444135 67, 5066
450284 62, 5149
456074 65, 5162
458010 68, 5088
460274 76, 5030
462003 64, 5032
464176 64, 5017
466003 78, 5126
468093 73, 5199
470147 72, 5044
472010 78, 5029
474048 76, 5045
478064 65, 5123
482003 79, 5191
484045 79, 5066
490180 72, 5125
492100 67, 5032
496029 69, 5048
498036 67, 5065
500321 74, 5178
504122 78, 5148
510371 66, 5046
514042 79, 5077
516003 63, 5159
518003 69, 5040
520363 61, 5148
522119 67, 5086
524125 71, 5042
526186 65, 5088
528039 77, 5111
530164 63, 5171
534003 64, 5048
536090 70, 5029
538135 74, 5116
540371 74, 5176
542048 63, 5032
546170 78, 5122
548180 69, 5172
550137 65, 5015
552090 63, 5016
554051 66, 5127
562010 68, 5112
564132 61, 5098
566003 66, 5072
568100 71, 5078
574029 71, 5028
576010 68, 5034
578148 65, 5098
586148 73, 5112
588093 69, 5010
590112 67, 5062
592087 63, 5193
594064 64, 5045
596215 74, 5178
598003 79, 5026
600246 79, 5144
602003 65, 5154
606010 65, 5152
608010 79, 5052
610248 70, 5098
616051 71, 5028
618003 79, 5097
620279 71, 5110
622096 65, 5043
624090 68, 5071
626090 65, 5073
630312 65, 5132
634003 79, 5104
640304 70, 5146
644010 77, 5141
646208 64, 5116
648003 79, 5122
652010 72, 5038
654003 78, 5158
658010 76, 5190
660315 68, 5084
664180 68, 5122
666109 77, 5188
668084 73, 5105
670262 61, 5056
678003 76, 5022
680176 68, 5196
686010 68, 5031
688035 69, 5098
692141 72, 5149
694058 64, 5070
696141 66, 5081
698023 67, 5195
702003 64, 5091
704128 61, 5169
706048 77, 5010
708106 65, 5033
710274 79, 5013
712135 71, 5126
716055 77, 5056
718096 72, 5032
720262 74, 5073
726135 64, 5023
730204 70, 5028
732164 60, 5077
734103 79, 5013
740510 61, 5109
742048 61, 5049
744010 66, 5013
746048 65, 5160
748087 71, 5032
752173 72, 5098
754093 68, 5076
756090 76, 5111
758029 65, 5095
760154 72, 5040
762106 73, 5031
766029 78, 5033
768010 62, 5172
770264 67, 5116
774093 72, 5064
776010 68, 5008
780275 78, 5055
782144 69, 5037
784003 72, 5172
786003 72, 5088
788221 74, 5190
790147 60, 5077
792176 73, 5015
798061 61, 5006
800497 71, 5075
802180 78, 5125
804010 60, 5156
812003 75, 5160
814058 67, 5124
816096 71, 5124
818144 72, 5168
820252 74, 5066
822003 64, 5089
826164 60, 5064
828138 69, 5121
830108 65, 5032
832010 60, 5178
834100 69, 5162
838003 60, 5047
840237 60, 5030
842100 76, 5064
844116 67, 5075
846106 63, 5085
848003 76, 5011
850124 69, 5060
852029 66, 5047
854096 60, 5069
856010 74, 5167
860500 70, 5031
862003 69, 5163
864010 66, 5007
866003 74, 5106
872010 71, 5161
874231 65, 5022
876010 77, 5008
880457 65, 5092
882116 72, 5015
886048 60, 5025
888100 73, 5040
894003 72, 5063
896003 73, 5027
902125 71, 5105
904003 77, 5173
906170 72, 5149
908042 62, 5015
910326 78, 5118
912048 76, 5095
914061 70, 5045
916192 68, 5142
918010 76, 5110
920465 74, 5177
924058 70, 5016
928074 78, 5082
930423 71, 5105
934058 74, 5038
936035 64, 5010
938228 79, 5096
940331 70, 5127
942055 74, 5184
944029 64, 5063
946167 64, 5055
948077 67, 5098
958112 68, 5067
964003 77, 5076
970402 69, 5171
972215 74, 5023
974048 74, 5180
976003 75, 5109
978003 64, 5009
984148 67, 5081
986061 61, 5199
988003 66, 5160
994003 71, 5121
998003 68, 5089
1000169 72, 5037
1002029 66, 5000
1004148 77, 5107
1006003 79, 5193
1012029 74, 5028
1014010 64, 5155
1018003 68, 5051
1024042 69, 5015
1026003 61, 5027
1030308 79, 5023
1032189 61, 5167
1034003 74, 5140
1036003 72, 5126
1038003 72, 5023
1042003 68, 5106
1044010 66, 5040
1046010 73, 5025
1048141 71, 5025
1052003 76, 5045
1054128 64, 5042
1060103 73, 5095
1064023 61, 5087
1066106 78, 5152
1068010 60, 5180
1074141 64, 5057
1078032 70, 5126
1080340 70, 5177
1082003 69, 5187
1084042 68, 5068
1090162 61, 5179
1092029 61, 5006
1094141 69, 5112
1098029 75, 5154
1100476 73, 5037
1102042 61, 5008
1104010 68, 5074
1106003 69, 5101
1110141 73, 5025
1114138 70, 5089
1120233 64, 5145
1122010 68, 5183
1124003 70, 5097
1126048 75, 5037
1128122 73, 5007
1130306 74, 5087
1132010 72, 5024
1134061 73, 5062
1138170 71, 5183
1140262 68, 5075
1144064 66, 5075
1146003 70, 5071
1148007 70, 5141
1152003 73, 5076
1158103 61, 5151
1160413 61, 5079
1162144 65, 5040
1164003 60, 5190
1166003 73, 5156
1168003 61, 5114
1170275 73, 5010
1172010 65, 5106
1174148 68, 5110
1176199 62, 5123
1178003 70, 5189
1180246 68, 5148
1182003 65, 5155
1188122 62, 5001
1190628 69, 5115
1192100 69, 5056
1194048 77, 5146
1196116 73, 5064
1198010 77, 5014
1200105 78, 5148
1202003 79, 5100
1204048 77, 5118
1206061 71, 5135
1208010 65, 5047
1210377 79, 5129
1216167 70, 5029
1218116 63, 5190
1220217 69, 5001
1222010 79, 5143
1224010 61, 5086
1226003 63, 5017
1228010 68, 5170
1230440 69, 5020
1234100 73, 5110
1238029 69, 5069
1240227 71, 5178
1244010 79, 5145
1246119 71, 5175
1248199 75, 5185
1250452 72, 5160
1254148 63, 5092
1256048 77, 5162
1258010 63, 5062
1260318 67, 5103
1262010 74, 5125
1264087 70, 5016
1268003 65, 5090
1270310 72, 5017
1272100 76, 5112
1280393 72, 5116
1286071 67, 5136
1288093 75, 5078
1292074 61, 5026
1294173 72, 5185
1296116 66, 5028
1298090 76, 5081
1300347 71, 5028
1304029 66, 5007
1306071 78, 5173
1308055 62, 5002
1312010 61, 5071
1316128 69, 5030
1318119 64, 5008
1324144 67, 5082
1332067 77, 5016
1334003 75, 5162
1336010 76, 5106
1338036 71, 5137
1340137 72, 5047
1342202 66, 5181
1348039 73, 5101
1350256 65, 5164
1352019 63, 5094
1354141 79, 5170
1356148 65, 5115
1358106 78, 5171
1360217 60, 5033
1362215 78, 5177
1368345 69, 5177
1374096 69, 5026
1376192 68, 5169
1378148 79, 5086
1382148 69, 5092
1386029 65, 5163
1388109 64, 5005
1390246 71, 5077
1394023 65, 5040
1396148 68, 5080
1398010 70, 5061
1402253 79, 5027
1404183 62, 5105
1406109 79, 5071
1408064 65, 5044
1410300 65, 5098
1412029 73, 5121
1414112 63, 5140
1416189 68, 5144
1418058 67, 5134
1422003 65, 5007
1424029 70, 5039
1426087 77, 5141
1428010 66, 5191
1430205 72, 5134
1434064 76, 5046
1438023 61, 5094
1444010 74, 5021
1446010 63, 5065
1448074 71, 5053
1450182 61, 5036
1464042 64, 5025
1468176 65, 5056
1470371 70, 5049
1472084 66, 5070
1476164 60, 5006
1482010 69, 5071
1484048 74, 5042
1486167 68, 5027
1488173 79, 5145
1492176 67, 5012
1494010 61, 5112
1496003 68, 5088
1498138 75, 5065
1504003 65, 5136
1506135 71, 5022
1508010 76, 5152
1510437 72, 5122
1512003 62, 5095
1514138 74, 5087
1516087 76, 5163
1518010 61, 5132
1520328 66, 5101
1522032 78, 5011
1524058 66, 5087
1526042 65, 5075
1528010 66, 5119
1530267 64, 5115
1532154 72, 5001
1534023 60, 5130
1538003 79, 5159
1542176 79, 5131
1546010 72, 5032
1550360 79, 5146
1552189 66, 5115
1558029 75, 5021
1560310 70, 5143
1562010 75, 5033
1564010 62, 5183
1566003 66, 5028
1568026 71, 5080
1570396 72, 5098
1572048 73, 5017
1576010 74, 5179
1578029 60, 5059
1580290 78, 5196
1582003 68, 5017
1584010 71, 5171
1586048 62, 5049
1590326 63, 5055
1592010 75, 5132
1594003 75, 5043
1596010 73, 5173
1598096 62, 5018
1604048 60, 5030
1608128 71, 5066
1610479 61, 5138
1612100 64, 5150
1614132 65, 5183
1616010 66, 5015
1618093 66, 5133
1620386 71, 5153
1622164 74, 5040
1626029 76, 5012
1634010 60, 5156
1638067 71, 5129
1642029 60, 5189
1644103 61, 5118
1648106 77, 5097
1652071 72, 5166
1654003 66, 5173
1660401 73, 5037
1664003 72, 5148
1666003 71, 5040
1668151 65, 5021
1670289 64, 5043
1672084 68, 5150
1674003 64, 5172
1678100 64, 5017
1680392 60, 5058
1682128 71, 5152
1684045 76, 5017
1688003 62, 5199
1690294 60, 5140
1692048 79, 5002
1694074 72, 5036
1696112 61, 5029
1698228 71, 5075
1702100 66, 5050
1704061 78, 5135
1708151 65, 5039
1710361 61, 5118
1712010 69, 5057
1714116 64, 5084
1716087 76, 5037
1718068 71, 5191
1720147 74, 5042
1724023 70, 5043
1728010 65, 5149
1732010 70, 5053
1736003 77, 5177
1740400 63, 5012
1744093 63, 5100
1746151 64, 5019
1748003 70, 5089
1750346 67, 5160
1752010 64, 5080
1754003 74, 5083
1756148 69, 5162
1760461 63, 5040
1766003 63, 5177
1768010 63, 5067
1772003 76, 5145
1774010 78, 5168
1776003 68, 5061
1780407 60, 5101
1784003 70, 5057
1788192 75, 5189
1792010 71, 5041
1796029 75, 5188
1798154 60, 5071
