82039 78, 5092
84116 67, 5076
88144 60, 5107
90212 60, 5153
92061 75, 5044
94084 63, 5190
96093 61, 5052
98039 62, 5026
100268 77, 5055
104010 74, 5154
106029 77, 5111
108023 66, 5006
112026 68, 5046
114016 63, 5015
116010 77, 5049
118003 70, 5081
120175 70, 5070
122064 62, 5086
126019 74, 5030
128003 75, 5108
130331 65, 5032
134052 64, 5185
136183 69, 5018
138003 78, 5084
140449 77, 5143
142116 66, 5176
146010 66, 5012
150268 62, 5073
152003 71, 5136
156003 72, 5147
158029 70, 5156
160429 60, 5060
162010 75, 5192
164003 75, 5154
166112 68, 5107
168106 65, 5017
170129 66, 5029
172170 67, 5075
174045 66, 5017
180297 69, 5149
182003 61, 5061
184003 67, 5079
186151 76, 5014
188074 69, 5167
190236 60, 5158
192032 77, 5006
194010 79, 5057
198125 72, 5071
204003 66, 5125
206010 69, 5049
208109 61, 5097
210347 60, 5051
212003 78, 5173
218003 67, 5037
224003 63, 5060
228058 69, 5035
230385 77, 5051
232116 72, 5156
234180 60, 5081
236427 69, 5031
240334 72, 5146
244119 62, 5164
246029 63, 5068
248029 75, 5030
252100 74, 5095
258019 61, 5078
260241 76, 5085
264141 75, 5127
266106 74, 5169
268096 70, 5193
270233 60, 5134
272003 67, 5014
274003 67, 5125
276067 68, 5192
280188 65, 5112
282122 75, 5170
284010 69, 5151
286148 63, 5003
288010 61, 5166
290168 65, 5085
292106 79, 5134
296087 62, 5186
298026 60, 5089
300275 62, 5106
306048 63, 5015
308157 75, 5166
310408 74, 5009
314087 62, 5008
316010 78, 5153
318010 72, 5185
320455 79, 5077
322055 65, 5098
326042 62, 5186
328141 78, 5190
330146 66, 5056
332250 79, 5144
334055 63, 5005
336183 62, 5179
338003 70, 5058
340206 63, 5186
342042 63, 5147
344010 77, 5120
356023 64, 5194
358157 74, 5162
360319 76, 5086
364093 79, 5006
366167 62, 5093
368138 65, 5000
372064 75, 5109
374042 77, 5193
376157 76, 5160
378007 67, 5010
380276 69, 5075
382160 69, 5073
386135 77, 5037
388003 63, 5098
390094 72, 5116
392003 79, 5039
394154 60, 5111
396042 68, 5149
398003 79, 5009
400083 78, 5187
402064 62, 5021
406135 69, 5053
408099 70, 5054
412109 72, 5167
414023 61, 5175
416071 60, 5124
420236 74, 5038
422010 61, 5024
424048 68, 5197
426345 76, 5138
428042 64, 5155
432010 69, 5133
434167 69, 5050
436067 77, 5000
440507 61, 5093
442100 64, 5198
444010 71, 5061
446042 75, 5081
448003 65, 5130
450240 73, 5067
454116 70, 5158
456010 77, 5039
460287 66, 5137
462010 73, 5150
464010 62, 5102
466151 71, 5004
470243 75, 5010
474003 71, 5096
476003 71, 5071
478064 65, 5165
482003 74, 5109
484196 76, 5100
488010 61, 5075
490101 69, 5155
492003 60, 5078
494084 64, 5033
496096 68, 5118
498068 64, 5110
500537 69, 5004
504106 66, 5144
506003 77, 5085
508224 74, 5143
510162 75, 5107
512135 70, 5161
514228 60, 5021
516010 68, 5115
518010 73, 5189
520210 61, 5096
522093 63, 5193
524010 67, 5072
526003 73, 5192
528003 79, 5007
538039 69, 5146
540346 66, 5057
544003 72, 5175
550387 60, 5173
552106 67, 5023
554003 72, 5118
556048 61, 5000
558029 67, 5061
560300 68, 5082
562003 64, 5051
564061 73, 5054
566010 72, 5002
568109 65, 5083
570063 64, 5092
572061 61, 5124
574003 73, 5116
578010 66, 5041
580380 64, 5131
582096 71, 5055
584119 72, 5111
586106 65, 5061
588003 60, 5036
590477 77, 5125
592010 62, 5103
594003 74, 5098
596026 66, 5022
604010 64, 5185
608061 78, 5044
612048 61, 5008
614003 66, 5042
620413 72, 5189
622096 62, 5066
624151 70, 5116
626154 74, 5127
630292 77, 5035
632164 66, 5013
634138 74, 5154
638048 73, 5092
646045 60, 5115
648003 63, 5117
652010 68, 5173
654077 77, 5192
656234 70, 5039
658215 60, 5138
660221 75, 5051
662003 76, 5026
668052 62, 5012
670152 60, 5052
676151 77, 5149
678010 72, 5032
682026 77, 5145
684135 66, 5093
686010 66, 5141
688090 65, 5134
692074 71, 5197
694141 62, 5066
696010 66, 5014
698132 61, 5019
700247 72, 5012
702058 74, 5032
704032 71, 5107
708039 64, 5030
710321 68, 5184
712061 64, 5045
718058 73, 5137
722183 66, 5005
726084 63, 5137
728061 69, 5193
730198 66, 5025
732048 72, 5026
740199 65, 5165
742087 70, 5091
744003 71, 5072
746010 78, 5062
748010 64, 5086
752010 63, 5151
754010 72, 5185
756135 65, 5051
758071 69, 5028
760150 64, 5189
762106 76, 5072
764087 73, 5091
766090 73, 5178
772071 63, 5132
776148 75, 5109
778067 64, 5095
782010 71, 5040
784010 68, 5119
786003 65, 5115
788048 60, 5127
790147 75, 5191
792093 65, 5079
794100 69, 5046
796167 64, 5061
798144 77, 5030
800388 79, 5147
802090 66, 5100
804103 62, 5079
806128 72, 5189
808029 75, 5039
810198 72, 5069
812003 60, 5156
814205 65, 5110
818138 66, 5074
820409 63, 5167
824112 77, 5199
828010 73, 5064
832010 76, 5158
836068 77, 5119
838148 66, 5067
840266 73, 5088
842003 78, 5124
846090 79, 5143
850358 61, 5136
852119 74, 5162
856010 61, 5156
858048 77, 5197
860247 77, 5014
862003 63, 5167
864026 68, 5033
866029 79, 5100
870406 70, 5153
872039 78, 5008
876010 64, 5082
878116 67, 5159
880158 63, 5136
882029 73, 5016
884067 72, 5025
888080 63, 5069
890273 63, 5088
896019 79, 5102
898010 63, 5127
900267 60, 5079
902077 76, 5180
904019 72, 5120
906048 62, 5049
910281 76, 5173
912029 71, 5068
914035 76, 5062
916138 68, 5079
920363 60, 5121
922180 76, 5102
924058 62, 5039
926058 76, 5063
928010 66, 5158
930227 74, 5134
932100 60, 5126
934042 77, 5113
936029 74, 5131
940242 63, 5039
942010 75, 5125
944132 67, 5050
946010 71, 5081
950451 68, 5144
954068 79, 5179
958048 61, 5174
960237 63, 5131
962023 74, 5163
964010 67, 5162
966003 62, 5090
970300 60, 5011
972003 66, 5198
976051 75, 5077
978106 78, 5009
982048 65, 5066
984007 65, 5151
986055 68, 5004
990358 77, 5000
992010 62, 5022
994164 72, 5091
996029 76, 5047
998186 71, 5089
1002048 60, 5180
1004148 67, 5029
1006052 77, 5095
1008106 72, 5163
1016125 65, 5128
1020074 73, 5093
1024003 72, 5132
1026029 75, 5086
1028051 75, 5049
1034096 70, 5163
1036010 75, 5022
1040368 75, 5132
1042148 68, 5066
1044010 66, 5163
1046010 70, 5160
1050141 79, 5015
1052148 67, 5197
1056003 71, 5073
1060196 61, 5060
1066090 67, 5024
1068003 66, 5059
1070213 62, 5044
1072026 62, 5198
1076103 65, 5172
1078013 70, 5176
1080326 77, 5145
1082112 66, 5169
1084042 72, 5157
1086023 69, 5004
1088132 77, 5009
1090163 75, 5184
1094112 64, 5076
1096106 68, 5023
1098010 73, 5086
1100224 68, 5165
1102013 66, 5058
1106029 68, 5094
1108093 61, 5182
1112016 78, 5013
1114003 60, 5131
1118029 71, 5185
1120393 78, 5183
1122010 60, 5190
1128010 65, 5139
1130521 61, 5138
1132010 77, 5089
1134080 60, 5190
1136109 63, 5021
1138019 78, 5031
1140252 64, 5078
1146010 67, 5071
1148058 70, 5106
1150130 71, 5123
1152010 67, 5059
1156122 77, 5173
1158093 79, 5171
1160330 74, 5162
1162010 64, 5031
1166010 74, 5106
1168042 78, 5111
1170294 71, 5021
1172003 66, 5021
1176013 63, 5124
1178116 67, 5110
1180413 70, 5003
1182125 63, 5007
1184003 76, 5195
1188077 67, 5199
1192100 60, 5087
1194096 74, 5167
1202048 62, 5127
1204010 69, 5021
1206003 78, 5161
1210243 77, 5197
1212023 76, 5004
1216010 73, 5145
1218122 68, 5011
1220335 75, 5112
1222003 65, 5198
1224003 60, 5065
1226068 79, 5029
1228128 68, 5077
1230273 71, 5137
1232003 77, 5127
1236058 73, 5177
1238135 79, 5039
1240451 73, 5198
1242052 67, 5188
1244080 65, 5047
1248010 79, 5024
1250572 62, 5124
1252010 71, 5125
1254003 72, 5194
1256116 69, 5086
1258167 71, 5176
1262048 68, 5189
1264010 73, 5137
1266010 70, 5052
1272122 68, 5000
1274010 63, 5114
1276064 64, 5124
1280355 69, 5142
1284221 75, 5043
1286029 60, 5135
1288010 62, 5126
1290232 66, 5151
1294003 65, 5171
1298016 78, 5082
1300195 73, 5012
1304077 72, 5091
1306010 75, 5039
1308048 71, 5149
1310441 76, 5153
1314055 74, 5165
1316045 64, 5161
1320331 74, 5130
1322003 70, 5113
1324029 62, 5174
1326003 74, 5023
1328061 71, 5033
1330208 60, 5028
1332003 69, 5157
1334109 69, 5034
1336026 63, 5113
1338035 66, 5141
1342003 65, 5068
1344003 60, 5043
1350201 65, 5052
1354221 72, 5170
1356048 70, 5010
1358032 70, 5011
1360354 62, 5113
1364010 70, 5005
1366109 78, 5167
1368061 61, 5165
1370180 77, 5039
1372023 73, 5067
1374010 72, 5146
1376186 74, 5096
1378106 66, 5030
1380217 66, 5167
1384010 65, 5144
1386068 65, 5029
1388010 66, 5129
1392010 66, 5056
1394061 63, 5066
1396026 75, 5156
1398064 79, 5174
1400356 79, 5107
1402100 62, 5109
1406010 73, 5117
1410198 60, 5093
1412218 74, 5080
1414090 66, 5005
1416029 77, 5127
1418180 71, 5152
1420256 62, 5113
1422003 69, 5062
1424071 73, 5138
1426003 62, 5049
1428010 69, 5162
1430209 77, 5100
1434116 64, 5187
1436080 64, 5141
1438048 79, 5048
1444061 70, 5126
1446205 77, 5189
1448010 65, 5077
1452019 61, 5169
1454080 69, 5117
1456048 64, 5144
1458154 63, 5014
1460376 62, 5047
1462003 77, 5053
1466192 61, 5195
1468148 60, 5159
1470249 69, 5075
1472010 66, 5185
1474186 66, 5048
1476144 79, 5071
1478067 62, 5160
1480260 66, 5171
1482141 76, 5079
1484055 65, 5144
1488048 63, 5153
1490314 62, 5029
1492112 76, 5084
1496003 62, 5117
1498035 79, 5063
1500387 74, 5198
1502106 66, 5109
1504042 74, 5048
1512132 75, 5191
1514068 72, 5045
1516141 73, 5177
1518132 78, 5039
1524010 68, 5064
1530156 79, 5190
1532013 74, 5126
1534023 74, 5116
1536125 76, 5082
1538003 77, 5135
1542003 65, 5071
1548071 67, 5175
1550277 62, 5079
1554010 78, 5178
1556128 62, 5042
1558035 68, 5020
1564128 75, 5114
1566003 72, 5083
1570381 67, 5037
1572048 74, 5190
1576010 78, 5189
1578064 77, 5098
1580389 62, 5156
1582010 71, 5189
1584087 74, 5189
1586048 60, 5113
1588010 71, 5146
1590227 62, 5005
1592003 74, 5072
1594003 73, 5039
1598029 64, 5014
1600111 66, 5079
1602023 69, 5091
1604029 73, 5125
1606048 67, 5086
1608064 76, 5010
1610424 75, 5020
1612023 60, 5117
1614003 67, 5062
1618237 64, 5110
1620354 72, 5142
1628048 79, 5147
1632090 68, 5074
1634192 71, 5018
1636084 66, 5047
1638003 79, 5175
1640286 69, 5090
1644119 63, 5007
1646100 79, 5017
1648151 62, 5184
1650057 75, 5012
1654010 79, 5118
1656058 71, 5046
1658192 68, 5168
1660161 63, 5029
1662170 74, 5079
1664093 66, 5065
1666141 62, 5194
1668029 71, 5105
1670398 74, 5176
1672138 77, 5089
1674071 79, 5087
1678003 78, 5095
1680262 66, 5194
1682189 78, 5120
1684160 78, 5015
1686112 75, 5062
1688122 66, 5093
1690220 72, 5011
1692125 70, 5159
1698144 69, 5179
1708010 64, 5079
1710220 73, 5133
1714003 75, 5103
1716071 70, 5039
1718010 67, 5028
1720220 60, 5047
1722048 70, 5015
1724010 62, 5028
1726087 73, 5131
1728077 75, 5073
1730420 65, 5003
1734125 67, 5032
1736122 76, 5011
1740185 66, 5195
1742003 62, 5124
1744080 62, 5131
1748003 61, 5039
1750183 74, 5121
1754058 70, 5075
1756128 61, 5004
1758003 68, 5133
1760327 63, 5074
1762003 75, 5075
1770364 72, 5197
1772042 78, 5088
1774173 76, 5192
1776010 68, 5030
1780323 69, 5002
1782109 67, 5146
1784003 76, 5079
1786010 69, 5152
1788141 71, 5117
1790340 61, 5089
1792003 72, 5100
1794029 72, 5108
1798010 69, 5023
