90306 3796
95003 3824
100164 3797
120190 3729
130088 3837
140255 3830
150200 3836
160104 3710
165132 3762
170428 3890
175144 3740
180228 3715
185003 3797
195010 3807
205093 3881
215064 3721
225048 3816
230409 3763
240215 3862
265010 3767
270222 3732
280117 3886
285074 3895
295032 3732
320165 3733
325109 3752
330240 3864
335093 3728
345115 3813
355106 3847
370312 3807
375003 3701
385003 3780
410383 3856
415010 3758
420190 3863
430346 3790
440175 3868
445051 3888
450158 3718
455010 3812
460228 3837
480369 3883
490130 3791
495026 3863
500316 3898
510142 3728
515125 3728
525160 3867
535010 3742
540212 3747
545010 3838
550040 3861
555058 3748
565003 3725
595010 3762
600193 3803
605087 3876
620274 3834
635010 3863
645119 3816
685023 3770
700078 3714
705051 3707
710343 3726
715003 3738
720212 3834
725093 3896
730321 3755
740037 3804
745010 3752
750197 3728
755003 3736
760116 3787
765006 3719
785128 3771
795003 3861
800438 3855
805010 3877
815074 3710
835119 3820
840145 3856
845205 3867
850101 3879
855003 3785
860318 3750
865051 3780
870261 3821
875032 3871
880118 3734
885131 3880
890467 3787
900104 3733
905119 3701
915003 3875
925003 3776
930256 3894
935099 3780
940097 3828
950451 3844
960057 3806
965010 3802
970118 3830
975010 3886
980371 3784
985119 3771
1005032 3734
1010312 3810
1015151 3765
1020084 3703
1025055 3805
1030028 3724
1035010 3770
1040184 3739
1050225 3875
1055010 3816
1065003 3897
1070063 3845
1075077 3852
1085052 3734
1090055 3870
1095026 3705
1100055 3836
1105160 3703
1110126 3823
1125186 3757
1135032 3795
1140083 3873
1145003 3801
1150110 3819
1155058 3759
1160310 3860
1165096 3843
1175003 3835
1180040 3864
1190297 3848
1200008 3840
1205003 3848
1220291 3886
1230155 3882
1235125 3766
1245051 3820
1250316 3889
1255032 3702
1265154 3819
1270216 3782
1275003 3750
1280236 3867
1290075 3783
1295144 3747
1305010 3846
1310179 3729
1315135 3768
1325003 3861
1340428 3776
1345010 3862
1350184 3837
1355010 3774
1365135 3745
1375071 3719
1380097 3810
1390082 3703
1410107 3792
1415090 3897
1420143 3777
1425003 3815
1430185 3880
1435115 3838
1440017 3732
1445125 3814
1450361 3747
1455003 3898
1460114 3832
1465147 3729
1475058 3836
1480120 3844
1490361 3896
1495096 3888
1500222 3794
1505132 3833
1510287 3790
1515010 3825
1525003 3831
1530280 3769
1540116 3717
1545135 3857
1550281 3765
1555045 3864
1560235 3823
1565141 3881
1570068 3777
1575003 3886
1585141 3735
1590136 3893
1595003 3828
1605087 3769
1615208 3881
1625010 3729
1635003 3733
1645003 3743
1660408 3847
1665052 3895
1670160 3797
1680292 3871
1685010 3862
1695032 3847
1705138 3811
1710181 3713
1715010 3715
1725090 3703
1730252 3774
1750258 3793
1755099 3750
1760298 3848
1765106 3785
1770142 3779
1775119 3772
1785055 3724
1790102 3783
1795093 3876
