85227 3823
90729 3850
100717 3781
110663 3843
115091 3712
125081 3704
135166 3764
145100 3769
155167 3797
175255 3812
195194 3789
200803 3807
205142 3738
220386 3806
225142 3714
230565 3804
235281 3808
245117 3765
255142 3876
270465 3731
275207 3782
280435 3832
285266 3879
295335 3705
300493 3781
305185 3802
310399 3756
315261 3819
340484 3741
350446 3717
355101 3792
360380 3869
370362 3819
375357 3850
390587 3871
400528 3836
405129 3853
430585 3821
445110 3833
480504 3815
485292 3736
490413 3720
505363 3856
530603 3794
545371 3856
550489 3770
555342 3761
560604 3899
565110 3786
575216 3874
590512 3740
595193 3885
600491 3886
605160 3845
610514 3835
620553 3754
630276 3826
635267 3758
645129 3800
650723 3887
660543 3753
665117 3726
680647 3704
685245 3800
690507 3880
695138 3768
705258 3706
715238 3736
720348 3837
725179 3864
730705 3823
745110 3775
755098 3785
760255 3793
775247 3855
785356 3709
790519 3898
800720 3795
805161 3710
810428 3766
815185 3813
820715 3841
825096 3859
840608 3870
845284 3711
850279 3817
855183 3797
865216 3805
870369 3724
880416 3776
885280 3880
890523 3799
895074 3739
905241 3848
920565 3761
925055 3876
930409 3773
935246 3792
955075 3850
965198 3797
975133 3775
985089 3780
990612 3897
1005084 3756
1020332 3766
1025137 3849
1035229 3896
1045152 3794
1055203 3700
1065139 3854
1075190 3791
1080470 3709
1085235 3868
1090505 3844
1095193 3853
1105203 3865
1115149 3770
1120481 3739
1125100 3765
1130625 3765
1140435 3793
1150288 3841
1155192 3853
1165254 3861
1180470 3843
1200707 3756
1205199 3780
1210366 3757
1215158 3895
1220663 3844
1225211 3818
1230315 3821
1235231 3764
1250761 3749
1260496 3815
1265074 3769
1270376 3835
1295431 3792
1305155 3711
1310717 3727
1315236 3810
1320516 3714
1325397 3714
1335164 3763
1340554 3832
1345152 3749
1350429 3831
1355128 3881
1365168 3821
1375152 3796
1380739 3822
1385081 3873
1390659 3774
1400465 3832
1405245 3708
1410433 3798
1415297 3848
1425134 3819
1430536 3869
1435145 3836
1445246 3702
1465189 3728
1470533 3766
1475206 3871
1480633 3716
1490660 3712
1495234 3749
1500395 3867
1510429 3835
1515290 3726
1520247 3743
1530465 3791
1545229 3822
1555182 3725
1560736 3845
1565188 3814
1570220 3745
1575126 3858
1585160 3858
1595165 3893
1600512 3747
1605117 3855
1620482 3884
1625099 3823
1630249 3775
1640462 3876
1645217 3829
1650386 3805
1655180 3880
1660489 3737
1665126 3771
1670581 3793
1680457 3766
1685089 3710
1690588 3862
1695093 3793
1710512 3886
1725214 3712
1730633 3770
1745239 3803
1760659 3881
1765120 3884
1770445 3794
1775078 3772
1780641 3770
1795250 3712
