85600 3808
91795 3811
96236 3869
101873 3771
105880 3882
115830 3755
125761 3781
131510 3731
135457 3725
141854 3857
145520 3707
160930 3776
165447 3703
171420 3870
190973 3711
205714 3759
210899 3822
215774 3702
220623 3805
225263 3857
241131 3862
245596 3899
251228 3771
261660 3778
275267 3712
280770 3765
291449 3834
300775 3714
310645 3744
345954 3867
351900 3822
365549 3822
375400 3803
382310 3768
395399 3863
405757 3886
421017 3742
425277 3743
431249 3718
435912 3800
441697 3850
455496 3776
460923 3796
465527 3732
491169 3762
501794 3729
505516 3889
511389 3829
515545 3735
520890 3721
531283 3832
535169 3899
541398 3829
551071 3829
561196 3879
575475 3853
580808 3736
585263 3752
595633 3760
600499 3797
605421 3838
610795 3776
615350 3712
621300 3861
630691 3856
640894 3798
651731 3842
655291 3820
661747 3842
670946 3777
675497 3840
681331 3856
691232 3734
695433 3876
700972 3774
705213 3899
711448 3811
715407 3731
720916 3708
725222 3745
731321 3823
735319 3798
741451 3716
745505 3782
750891 3794
771296 3722
791236 3734
821135 3709
825294 3858
831344 3743
840851 3732
845260 3782
865540 3833
870679 3869
875671 3773
881109 3726
885391 3765
900938 3805
910934 3703
915513 3727
925179 3739
930966 3775
935323 3871
941293 3814
945169 3707
951448 3714
955347 3797
965602 3804
981318 3756
985246 3793
991026 3850
995616 3769
1015453 3873
1020851 3706
1030742 3742
1041888 3786
1045238 3875
1051230 3859
1055522 3858
1061094 3711
1065040 3881
1071065 3823
1085556 3704
1091037 3773
1095252 3745
1101346 3811
1105263 3829
1115669 3738
1125266 3782
1135535 3730
1145287 3889
1155537 3778
1161221 3893
1165458 3804
1175488 3788
1185374 3897
1191326 3801
1201124 3817
1205510 3748
1215302 3700
1235367 3868
1240552 3730
1245369 3850
1251398 3796
1255509 3776
1265603 3809
1270820 3824
1275277 3783
1291006 3864
1295307 3763
1305675 3788
1311522 3804
1315703 3805
1320890 3840
1325567 3805
1331274 3710
1335522 3719
1341319 3735
1345419 3865
1351203 3747
1355256 3857
1370967 3854
1380913 3755
1385185 3860
1395276 3780
1401273 3893
1405512 3867
1410734 3815
1415405 3879
1425453 3750
1431476 3733
1441056 3777
1445164 3780
1450727 3722
1455254 3805
1461522 3895
1465407 3819
1470694 3802
1475401 3851
1480982 3808
1492304 3778
1495449 3880
1511030 3774
1515391 3702
1525382 3738
1531155 3761
1541132 3856
1545320 3872
1570568 3716
1575529 3792
1581564 3866
1585204 3757
1590928 3705
1595432 3877
1605337 3796
1611381 3843
1625148 3754
1630925 3737
1635502 3828
1641235 3769
1645175 3899
1655225 3851
1665452 3747
1671063 3809
1675218 3748
1681221 3744
1685312 3744
1701279 3826
1710986 3718
1725546 3732
1731474 3757
1735262 3819
1741104 3741
1750797 3786
1755291 3737
1765423 3718
1775330 3711
1785400 3833
1795464 3788
