82555 62, 5026
84757 71, 5017
86460 70, 5029
88476 71, 5025
91857 76, 5122
96633 67, 5126
98627 79, 5070
104520 63, 5079
106870 65, 5117
108737 64, 5062
114393 71, 5015
116460 77, 5114
118649 64, 5001
122121 73, 5165
122406 77, 5120
124508 60, 5055
126908 66, 5007
128842 67, 5012
131555 74, 5039
132526 73, 5065
134432 66, 5150
136708 78, 5169
141809 77, 5178
142607 60, 5151
144484 67, 5108
146479 69, 5056
148461 68, 5193
151512 79, 5015
152734 65, 5193
154633 62, 5126
156670 60, 5054
158400 75, 5068
161430 76, 5124
162661 77, 5069
164491 63, 5174
166386 76, 5152
168878 78, 5041
172523 70, 5007
174360 66, 5029
176416 68, 5141
178717 70, 5157
181517 65, 5138
182588 70, 5004
186745 70, 5187
188762 79, 5147
191697 68, 5095
192769 78, 5046
194605 72, 5061
198487 74, 5056
201837 76, 5139
204442 77, 5063
208545 68, 5129
211192 66, 5013
212521 60, 5001
214477 67, 5105
216521 65, 5013
222594 76, 5040
224474 60, 5191
226589 69, 5040
228390 64, 5053
231964 72, 5180
232375 73, 5169
234469 74, 5007
236447 71, 5121
238395 78, 5062
241290 76, 5037
242471 74, 5004
248504 77, 5044
252643 78, 5034
254499 74, 5169
256513 63, 5071
261635 61, 5071
262670 68, 5178
264391 70, 5004
266457 75, 5016
271222 66, 5140
272675 67, 5131
274291 79, 5103
276673 76, 5145
278598 75, 5177
281285 71, 5015
282516 71, 5028
284484 71, 5141
286599 65, 5092
288566 71, 5112
291507 72, 5160
292452 69, 5048
294604 78, 5083
296423 76, 5195
298590 68, 5138
301429 65, 5078
304470 62, 5119
306425 75, 5196
308497 63, 5122
311209 64, 5021
312782 62, 5048
316477 73, 5187
318344 60, 5149
321806 62, 5033
322697 68, 5170
324530 79, 5042
328748 67, 5061
332423 61, 5093
338497 70, 5079
341341 77, 5127
342541 68, 5194
344413 76, 5138
346421 76, 5182
348676 67, 5002
351504 78, 5067
352476 68, 5106
354567 61, 5115
358463 65, 5101
361349 74, 5051
362566 70, 5084
364582 66, 5000
368667 73, 5045
371679 70, 5049
372457 60, 5071
374518 75, 5084
376602 68, 5009
378489 68, 5129
381732 69, 5078
382672 79, 5048
384417 60, 5101
388665 67, 5002
391486 70, 5089
392447 73, 5108
396609 62, 5171
398452 60, 5101
401435 62, 5054
404344 64, 5043
406785 72, 5092
408650 64, 5195
411960 73, 5027
412868 60, 5194
414354 79, 5128
416351 64, 5076
421188 60, 5141
422542 65, 5018
431495 78, 5140
432665 65, 5015
434352 79, 5188
436563 73, 5094
438621 78, 5184
444408 73, 5002
446403 60, 5197
448504 66, 5145
451257 68, 5029
452537 76, 5167
454494 63, 5137
456464 72, 5015
461570 75, 5195
464497 63, 5194
466629 63, 5100
468974 70, 5018
471680 61, 5029
472338 65, 5171
474644 78, 5063
476466 60, 5026
478372 79, 5190
481178 61, 5084
484665 69, 5022
486305 78, 5090
488504 66, 5186
491240 69, 5154
492673 69, 5110
496578 68, 5188
498476 75, 5188
501778 65, 5054
502412 78, 5109
506375 78, 5115
508475 65, 5181
511121 63, 5069
512493 62, 5020
514596 74, 5017
516461 75, 5181
518433 66, 5153
521067 65, 5045
522520 77, 5144
524625 79, 5138
526498 71, 5153
528445 79, 5167
531819 76, 5022
536410 71, 5029
538503 79, 5014
541353 71, 5062
542441 74, 5088
551238 65, 5199
558525 62, 5055
562418 67, 5035
564591 75, 5037
566588 69, 5058
568504 66, 5121
571179 65, 5027
572433 77, 5038
576535 78, 5001
578413 61, 5098
581248 60, 5171
586531 69, 5017
588508 65, 5027
591747 77, 5149
592635 60, 5058
594529 79, 5062
596502 78, 5130
598451 79, 5012
601264 70, 5129
602521 69, 5140
604475 66, 5007
606344 73, 5168
608472 63, 5134
611493 72, 5030
612422 60, 5047
614489 60, 5079
616539 62, 5106
618524 72, 5187
621729 63, 5104
622437 72, 5061
624435 67, 5001
626467 66, 5180
628443 77, 5180
631296 79, 5197
634401 62, 5039
636486 62, 5050
638741 79, 5186
641313 74, 5139
642378 64, 5035
644461 62, 5127
646552 76, 5054
648443 74, 5021
651553 72, 5064
652464 72, 5162
658443 66, 5185
661225 64, 5176
662440 72, 5198
664456 76, 5065
666511 69, 5184
668498 76, 5027
671176 67, 5139
674474 65, 5141
676558 64, 5017
681711 76, 5125
682426 71, 5005
684476 78, 5044
686603 60, 5167
688668 65, 5157
691275 73, 5118
692545 63, 5135
694548 78, 5090
698547 78, 5060
701302 70, 5171
702481 78, 5074
704386 61, 5020
706473 69, 5083
708596 78, 5160
711615 71, 5118
712607 73, 5009
714394 79, 5102
716640 62, 5006
718374 73, 5166
722441 77, 5079
724397 74, 5065
728497 71, 5103
731385 75, 5041
732368 71, 5013
734350 79, 5196
736356 76, 5065
738547 76, 5091
741701 68, 5035
742376 78, 5198
744510 60, 5007
746315 73, 5076
748494 70, 5143
751064 76, 5156
754479 71, 5083
756675 62, 5088
758328 64, 5021
761530 68, 5181
762460 68, 5089
764406 78, 5041
768575 77, 5031
772437 60, 5133
774649 73, 5048
776434 63, 5172
778530 62, 5039
781145 77, 5173
782463 78, 5009
784534 77, 5180
786493 72, 5087
788562 72, 5133
791241 60, 5028
792408 75, 5197
794408 67, 5128
796489 62, 5063
798396 64, 5186
801679 66, 5154
802314 75, 5160
804469 76, 5198
806518 67, 5072
808425 79, 5182
812471 72, 5059
814479 70, 5108
816645 74, 5184
818494 78, 5016
821087 79, 5131
822407 69, 5094
824710 79, 5191
826506 61, 5039
828446 74, 5144
831343 76, 5042
832551 79, 5112
834548 72, 5042
836536 78, 5066
838516 71, 5077
841322 70, 5062
842439 77, 5057
844606 69, 5085
846479 69, 5166
848446 71, 5024
852650 74, 5028
854347 64, 5088
856549 68, 5054
858358 63, 5100
861703 75, 5032
862440 65, 5144
864378 69, 5187
866284 78, 5114
871086 77, 5192
872502 69, 5091
874364 67, 5139
876505 78, 5125
881309 67, 5073
882626 77, 5115
886638 76, 5155
888652 77, 5187
891509 78, 5100
894485 72, 5098
898545 65, 5023
901103 62, 5144
902460 67, 5138
904452 68, 5008
906471 62, 5000
908589 62, 5194
911327 60, 5135
912525 74, 5037
914481 68, 5159
916541 60, 5113
918389 65, 5049
921568 71, 5190
922369 60, 5192
924297 67, 5175
926548 70, 5037
931328 69, 5066
932539 77, 5107
934490 79, 5186
936425 60, 5052
938382 76, 5149
941406 64, 5005
946318 76, 5052
948735 67, 5097
951630 65, 5012
952411 65, 5026
954523 66, 5153
956547 69, 5157
958618 60, 5150
961134 67, 5060
962496 77, 5131
964379 72, 5107
968553 71, 5125
971438 65, 5025
972583 73, 5046
978571 62, 5091
981531 69, 5032
982423 72, 5094
984454 60, 5082
986617 64, 5198
988547 70, 5057
992428 62, 5090
994504 71, 5006
996461 64, 5144
998357 78, 5136
1001475 76, 5141
1004423 73, 5131
1006572 68, 5113
1008311 61, 5125
1012397 62, 5107
1014416 68, 5041
1016561 76, 5169
1018332 74, 5076
1021401 63, 5110
1022362 60, 5000
1024480 77, 5076
1026477 60, 5117
1028513 61, 5184
1031196 73, 5089
1034603 74, 5179
1036491 76, 5057
1038445 68, 5057
1041498 60, 5129
1044655 74, 5188
1046356 70, 5083
1051190 61, 5178
1052562 65, 5183
1054411 63, 5030
1056444 61, 5186
1058459 63, 5113
1061202 69, 5187
1062466 70, 5099
1064398 69, 5077
1066421 72, 5012
1068526 63, 5049
1071619 73, 5026
1072729 77, 5108
1074411 78, 5157
1076379 68, 5033
1078509 66, 5174
1081269 66, 5164
1082452 64, 5094
1084384 76, 5167
1086407 65, 5117
1088489 64, 5031
1091266 63, 5101
1092332 72, 5170
1094452 69, 5001
1096391 69, 5010
1102364 78, 5187
1104504 77, 5006
1108535 74, 5066
1111211 74, 5124
1114404 77, 5109
1116459 68, 5152
1118727 65, 5024
1121268 67, 5199
1122449 61, 5089
1124474 71, 5186
1128537 75, 5042
1131642 65, 5179
1132468 69, 5102
1134377 77, 5123
1136495 61, 5138
1138505 62, 5045
1141102 70, 5102
1142393 71, 5070
1144354 77, 5110
1146436 64, 5066
1151235 72, 5080
1152633 64, 5089
1154517 60, 5180
1156479 78, 5146
1158534 67, 5018
1161416 69, 5058
1162480 60, 5143
1164450 79, 5034
1168519 69, 5017
1171547 64, 5114
1172507 79, 5003
1174429 73, 5083
1176727 76, 5139
1178544 75, 5152
1181093 72, 5180
1182435 64, 5198
1184384 74, 5135
1186546 73, 5149
1188412 69, 5129
1191452 60, 5188
1192426 64, 5023
1194630 69, 5087
1196498 74, 5183
1198418 62, 5030
1201176 79, 5139
1202496 63, 5046
1204472 63, 5000
1206459 68, 5109
1208495 67, 5116
1211214 75, 5017
1214511 77, 5103
1216401 71, 5146
1218478 65, 5089
1221770 69, 5022
1222407 68, 5002
1224424 70, 5090
1231085 75, 5015
1232398 60, 5094
1238502 64, 5177
1241192 79, 5185
1242517 72, 5009
1244523 62, 5042
1246419 71, 5171
1248444 65, 5096
1252428 63, 5142
1254482 77, 5187
1256553 66, 5155
1258388 70, 5003
1261232 61, 5013
1262426 72, 5075
1264454 62, 5185
1266397 77, 5097
1271366 64, 5104
1272589 75, 5139
1274503 77, 5101
1278474 77, 5134
1282449 74, 5028
1284469 66, 5184
1286467 60, 5112
1288521 70, 5172
1291385 72, 5076
1292508 73, 5080
1294487 60, 5178
1296448 61, 5170
1298558 65, 5178
1301170 65, 5045
1302478 67, 5133
1304394 62, 5175
1306629 73, 5139
1308409 64, 5043
1312471 78, 5099
1314334 65, 5131
1316465 78, 5161
1318465 78, 5137
1321254 70, 5199
1322570 61, 5020
1324484 69, 5143
1326476 75, 5053
1328465 76, 5091
1331540 70, 5086
1334450 65, 5055
1336430 63, 5071
1338457 72, 5037
1342583 65, 5051
1344451 71, 5173
1346366 70, 5169
1348465 64, 5184
1351208 74, 5015
1354561 67, 5079
1356546 61, 5114
1358407 66, 5030
1361313 76, 5083
1362453 78, 5134
1364573 69, 5001
1366341 60, 5186
1368481 65, 5124
1371810 60, 5032
1372450 71, 5107
1374408 64, 5074
1378507 79, 5137
1384452 63, 5075
1386504 60, 5035
1396564 62, 5197
1401383 67, 5147
1402463 61, 5182
1404475 75, 5122
1408542 67, 5171
1411191 71, 5062
1412373 73, 5185
1416437 73, 5110
1418490 68, 5111
1421164 73, 5127
1422391 75, 5023
1424481 66, 5122
1431689 72, 5119
1432436 67, 5030
1434351 65, 5149
1436449 71, 5053
1438568 74, 5133
1441244 74, 5001
1442388 61, 5194
1446567 70, 5042
1448422 71, 5167
1451056 70, 5088
1452452 74, 5192
1456461 73, 5122
1461604 66, 5105
1462351 60, 5036
1464493 76, 5104
1466538 66, 5130
1468495 66, 5148
1471200 76, 5143
1472458 62, 5154
1474428 66, 5065
1476458 64, 5138
1478487 60, 5118
1481036 77, 5085
1482410 76, 5125
1484503 63, 5011
1486449 67, 5009
1492625 65, 5152
1494368 69, 5174
1496366 74, 5160
1498587 71, 5193
1501134 68, 5062
1508496 65, 5128
1512453 70, 5074
1514428 78, 5153
1516533 70, 5086
1521474 65, 5193
1522370 71, 5135
1524399 65, 5019
1528408 63, 5187
1531261 77, 5079
1532376 70, 5009
1534547 68, 5039
1536491 75, 5194
1538308 70, 5072
1541055 67, 5182
1544476 68, 5133
1546479 73, 5180
1548382 64, 5072
1551685 72, 5010
1552322 63, 5065
1556440 62, 5161
1558378 76, 5014
1561341 60, 5171
1562419 62, 5116
1564279 79, 5079
1566448 77, 5070
1568646 61, 5116
1571257 64, 5097
1572479 61, 5107
1574334 63, 5092
1576518 76, 5187
1581553 77, 5156
1582515 63, 5062
1584376 62, 5182
1586565 79, 5022
1588619 66, 5149
1591033 79, 5020
1594500 77, 5035
1596442 72, 5132
1598569 73, 5154
1601262 60, 5018
1602567 68, 5031
1604395 78, 5141
1606486 75, 5004
1608537 62, 5021
1611556 67, 5001
1612394 75, 5048
1614545 64, 5117
1616466 73, 5152
1618551 71, 5159
1621300 73, 5100
1622383 77, 5148
1626457 60, 5018
1630991 70, 5041
1632288 74, 5174
1634628 77, 5138
1636412 71, 5171
1638332 66, 5001
1641445 75, 5173
1642677 77, 5120
1644578 78, 5140
1646676 79, 5051
1651337 66, 5177
1652619 74, 5014
1654504 72, 5160
1656563 72, 5164
1658426 62, 5040
1661304 62, 5096
1662602 61, 5103
1664422 76, 5061
1666378 72, 5000
1668456 79, 5084
1671634 61, 5105
1672597 76, 5012
1674409 67, 5192
1676380 61, 5045
1678571 78, 5193
1681269 69, 5199
1682524 72, 5040
1686359 79, 5102
1688435 61, 5178
1691415 62, 5095
1692521 79, 5044
1694470 77, 5111
1696556 65, 5053
1698431 64, 5164
1701648 65, 5139
1702433 65, 5075
1704554 79, 5115
1706601 74, 5070
1708425 70, 5006
1711128 79, 5127
1712347 70, 5130
1714366 69, 5125
1716485 69, 5116
1718392 68, 5115
1721111 67, 5063
1722359 76, 5083
1724475 74, 5132
1726400 67, 5170
1728565 74, 5003
1731585 75, 5131
1732482 61, 5050
1734435 77, 5100
1736590 60, 5008
1738512 66, 5135
1741132 74, 5090
1742355 69, 5086
1744451 60, 5024
1746463 68, 5157
1748295 61, 5157
1751230 60, 5119
1752349 79, 5048
1754382 72, 5126
1756404 77, 5072
1761790 60, 5134
1762438 65, 5132
1764497 70, 5077
1766513 73, 5069
1768671 61, 5026
1771276 68, 5010
1772360 68, 5090
1774557 62, 5032
1776598 78, 5117
1778215 65, 5015
1782334 70, 5110
1784460 72, 5173
1786521 73, 5054
1792541 79, 5138
1794384 61, 5095
1798510 68, 5117
