90780 2075
100821 1901
110978 2090
121181 1909
130661 1904
141775 2003
150912 2072
161108 2058
180852 1974
201811 1959
210751 1907
220432 2066
231336 1984
240800 2012
250728 1984
261024 1970
270288 2001
281122 1970
291199 2025
300571 2054
340726 2009
351482 2086
361544 1974
370864 2010
380738 1977
400984 1991
410967 2059
420565 2061
430867 1931
460919 1964
480365 1945
501434 1953
511058 2077
520803 1939
531194 1974
540472 1984
551138 2060
570841 1953
610783 1915
621389 2060
630764 1941
640487 2081
660583 2002
670407 2040
681275 1903
690744 2018
700555 2013
711147 2081
720738 2006
730516 2064
760609 2062
771030 1996
780820 2070
790564 2081
801199 2029
810835 1959
840506 1912
850802 2018
861010 2070
871171 1913
880478 1927
900568 1902
910611 2061
921324 2048
930699 2088
940371 2032
950845 1951
960636 2071
981253 1944
990301 1947
1011310 2065
1050405 2042
1060610 2065
1071171 1986
1080410 2040
1090570 1979
1120690 1947
1140682 2018
1150603 1920
1160860 2022
1180468 1932
1200653 1956
1210883 1925
1240544 1930
1250914 1921
1260777 1928
1280615 2080
1290574 2018
1300634 2002
1310934 1937
1320831 1963
1330842 1989
1341266 2002
1350588 1986
1360728 2032
1370882 2016
1380617 2035
1390679 2028
1440457 2033
1450512 2073
1461264 1915
1470463 1981
1480662 2035
1491007 2033
1500465 2027
1520999 2046
1530539 2029
1550896 2081
1570881 1914
1581429 1955
1600695 2040
1620418 2068
1630660 2054
1650653 1973
1660334 1949
1670888 2051
1680598 1944
1690363 1902
1710526 2040
1720551 2063
1731186 2002
1760978 1965
1770594 1976
1780805 1912
1790986 1956
