82029 73,
84010 67,
86626 75,
93190 62,
96724 73,
102573 68,
104112 74,
106861 77,
108132 64,
110375 77,
114122 64,
114926 66,
118080 61,
120443 73,
123197 78,
124070 77,
126010 68,
128067 61,
133007 68,
134071 66,
143248 71,
144010 60,
150318 72,
152305 72,
156518 65,
158068 65,
164218 75,
173121 66,
174122 71,
182578 71,
184003 75,
188132 74,
192489 68,
196251 78,
198016 67,
203656 72,
204824 76,
206534 75,
208205 79,
210251 68,
214199 77,
216029 76,
220378 62,
222922 75,
224019 64,
228100 63,
230513 69,
233182 64,
236084 66,
240283 77,
242010 67,
244003 62,
246112 66,
248023 72,
250305 61,
254071 61,
258010 69,
260443 65,
263399 63,
266093 61,
268048 72,
270268 66,
272145 63,
274180 66,
276103 61,
280284 69,
282538 65,
284010 75,
288029 71,
292546 71,
294221 68,
298202 69,
300310 62,
308045 61,
310339 71,
314010 70,
316010 67,
318138 70,
324752 75,
325839 69,
328422 74,
329140 79,
330153 67,
332887 69,
334387 64,
336709 74,
338431 72,
340382 64,
343416 77,
344428 67,
353639 64,
354840 70,
356306 61,
358154 61,
360296 77,
362858 71,
364109 72,
366331 76,
368144 60,
372872 75,
374077 66,
376282 62,
378023 71,
383457 60,
384488 61,
386170 60,
388003 76,
390411 62,
392160 64,
394019 77,
396007 62,
398010 62,
402471 75,
404109 62,
406010 70,
408080 68,
413691 77,
414401 71,
416164 76,
422341 68,
424045 66,
428045 66,
432173 75,
434077 76,
436512 71,
442925 75,
444003 64,
446132 73,
452620 64,
454016 77,
456023 79,
458125 70,
462180 67,
464071 68,
468093 60,
470221 68,
473386 68,
474159 68,
482284 70,
486080 72,
488029 73,
492061 60,
494096 61,
496068 62,
500527 72,
502924 62,
504003 67,
506128 75,
510278 66,
512301 62,
514144 60,
516074 69,
518061 74,
520266 74,
522392 76,
526895 68,
528003 65,
533251 73,
534003 67,
536003 67,
538096 64,
540252 67,
546071 68,
548074 71,
550400 72,
552003 71,
558100 71,
560468 60,
562847 71,
564029 79,
566090 77,
568148 72,
570409 78,
572003 75,
576189 62,
582689 69,
584061 65,
588186 77,
590464 61,
592419 64,
594003 70,
596320 75,
598064 71,
600349 74,
602141 69,
606048 67,
608141 66,
610162 79,
612405 77,
614026 74,
620448 66,
622790 60,
624132 64,
626058 75,
628122 68,
630335 75,
632202 75,
634003 76,
636064 70,
642003 75,
644125 60,
648215 63,
650260 71,
652447 60,
654208 66,
656176 64,
658039 76,
662336 71,
664151 62,
666003 60,
668106 62,
672761 76,
674090 62,
676029 63,
678196 69,
682357 68,
684183 70,
688003 75,
690461 72,
692382 63,
696080 61,
700357 61,
702010 77,
704003 70,
706064 79,
710420 63,
712761 60,
714003 72,
716010 72,
718026 71,
724148 76,
728003 79,
730446 72,
732210 60,
734048 75,
738084 60,
742561 66,
744080 71,
750367 70,
756138 62,
758055 68,
760246 70,
762320 75,
764068 73,
766361 70,
768003 67,
770444 78,
772366 77,
774144 68,
776023 62,
778035 60,
780198 68,
784003 75,
786132 78,
788074 65,
790331 74,
792010 66,
794039 68,
796093 64,
798093 62,
800399 68,
803056 78,
806010 76,
810350 61,
812170 61,
814208 63,
818003 62,
820382 64,
822279 63,
824106 68,
826010 60,
830545 70,
832483 79,
834128 69,
836048 68,
838119 64,
844042 64,
848059 62,
850425 76,
852337 78,
856112 65,
858090 76,
860458 72,
862459 77,
864048 61,
866010 71,
870351 77,
874007 73,
878003 60,
882010 74,
884228 79,
886151 64,
888029 68,
890616 65,
892652 73,
894055 77,
896029 79,
898125 72,
900378 73,
902048 73,
904003 71,
906061 75,
912003 76,
914077 61,
916205 70,
918003 71,
922528 66,
924010 77,
930374 69,
932061 60,
936010 68,
938096 68,
940176 76,
944010 76,
946071 72,
950330 78,
952453 66,
956128 65,
958164 78,
960342 60,
962084 72,
964237 78,
968141 69,
970400 64,
972010 64,
978010 72,
980409 69,
982935 68,
984010 70,
986051 76,
988003 76,
990284 68,
992068 62,
994029 74,
996010 60,
998151 66,
1000451 78,
1002082 65,
1006003 63,
1008189 76,
1010532 68,
1012295 62,
1022122 75,
1024003 73,
1026071 63,
1028003 71,
1030386 75,
1032068 76,
1034132 63,
1036071 79,
1038077 60,
1040550 78,
1042652 70,
1044010 60,
1046100 66,
1050239 68,
1052003 69,
1054003 64,
1056039 65,
1058074 73,
1060332 65,
1062217 62,
1064010 79,
1066167 67,
1068096 71,
1070433 66,
1072561 68,
1074010 62,
1076010 72,
1078103 69,
1080264 64,
1082048 66,
1084183 70,
1086010 69,
1088077 70,
1090408 75,
1096003 79,
1098010 72,
1100386 65,
1102612 61,
1104144 76,
1106176 78,
1108087 69,
1110254 68,
1112119 68,
1114010 64,
1116122 73,
1118119 77,
1120198 73,
1122106 68,
1126048 71,
1130395 71,
1132636 74,
1134132 71,
1136003 68,
1138116 62,
1140401 77,
1142096 65,
1144135 61,
1148061 63,
1150269 69,
1152043 68,
1156061 69,
1158068 62,
1160507 78,
1162291 65,
1164196 71,
1168183 69,
1172029 69,
1174074 65,
1176003 63,
1178010 62,
1180135 79,
1186116 74,
1192846 64,
1194148 79,
1198029 65,
1200451 67,
1202010 68,
1206003 78,
1208138 78,
1210320 69,
1212003 73,
1216183 78,
1218029 62,
1220242 77,
1222186 78,
1224010 69,
1228106 72,
1234003 74,
1236010 65,
1238151 77,
1242116 70,
1246160 74,
1250343 61,
1252664 72,
1254138 69,
1258093 74,
1260334 68,
1266003 71,
1268202 75,
1270287 76,
1274042 77,
1278151 78,
1282418 70,
1284003 69,
1286003 72,
1292128 63,
1294074 77,
1296029 66,
1298003 70,
1302003 66,
1304010 69,
1308010 72,
1310321 69,
1312448 61,
1314064 60,
1316160 65,
1318173 72,
1324003 64,
1326154 71,
1328093 61,
1330425 60,
1332244 77,
1334010 76,
1336010 73,
1338003 69,
1340501 72,
1342289 61,
1344128 65,
1350384 70,
1352177 69,
1354074 64,
1356151 72,
1358189 67,
1360442 65,
1364064 66,
1368061 76,
1372472 75,
1374151 72,
1376119 64,
1378135 64,
1382071 69,
1384068 64,
1386003 74,
1388048 69,
1394003 62,
1398010 62,
1400535 72,
1402723 73,
1404048 74,
1406029 66,
1408154 76,
1414010 72,
1416071 72,
1418003 72,
1420307 68,
1422164 78,
1424164 77,
1428090 62,
1430289 78,
1432295 78,
1434109 61,
1438003 76,
1442010 69,
1448029 71,
1450377 61,
1454170 63,
1456023 75,
1458010 77,
1460413 68,
1462305 77,
1464010 60,
1466003 61,
1468003 70,
1470245 72,
1474029 69,
1476003 67,
1478010 73,
1480188 70,
1482055 66,
1484048 75,
1486173 60,
1488003 77,
1490227 61,
1492931 75,
1494080 75,
1498090 72,
1502119 77,
1504003 79,
1508205 68,
1512128 69,
1514010 61,
1516199 67,
1518003 70,
1522315 62,
1524003 60,
1526125 73,
1528087 74,
1530395 70,
1532061 71,
1534170 74,
1536151 70,
1540201 69,
1544103 79,
1546010 76,
1550433 79,
1552329 69,
1556010 71,
1558010 76,
1560287 64,
1564003 62,
1566109 67,
1568074 66,
1570429 66,
1572010 74,
1576160 67,
1578048 68,
1580561 61,
1582625 71,
1584010 70,
1586010 61,
1588109 76,
1590304 77,
1596055 68,
1598029 75,
1600387 67,
1602003 63,
1604003 65,
1606003 61,
1608106 78,
1610480 70,
1612399 69,
1614074 62,
1616074 63,
1618221 64,
1620229 60,
1622090 70,
1624003 79,
1628090 77,
1630351 63,
1634212 60,
1636039 67,
1638173 77,
1642415 63,
1644003 62,
1648135 60,
1650175 66,
1656100 78,
1660313 69,
1662068 60,
1666125 79,
1668234 76,
1674170 78,
1676138 77,
1678003 66,
1680351 65,
1682003 77,
1684058 73,
1686003 60,
1690178 72,
1692003 63,
1696010 62,
1698010 67,
1702380 73,
1704116 64,
1706067 73,
1710331 68,
1714029 65,
1718077 75,
1728106 68,
1730480 70,
1732450 67,
1734010 68,
1736010 77,
1738067 65,
1740087 65,
1744010 72,
1746160 69,
1750363 65,
1752003 76,
1754029 79,
1756003 71,
1758048 74,
1760429 76,
1762818 66,
1764003 60,
1766003 77,
1768160 73,
1770329 72,
1772228 62,
1774100 73,
1776144 76,
1778003 77,
1782029 67,
1784026 70,
1788176 78,
1790382 72,
1792418 61,
1794141 66,
1798003 66,
