82084 64, 5104
86003 60, 5178
90169 65, 5171
92019 65, 5064
94084 60, 5118
96055 79, 5146
100351 64, 5060
102180 69, 5197
104064 65, 5145
106029 62, 5135
108103 75, 5058
110138 68, 5074
112013 60, 5052
114093 78, 5028
116093 63, 5058
124042 75, 5113
128045 69, 5004
130118 78, 5024
134003 66, 5059
136023 71, 5133
142141 65, 5196
144141 65, 5129
146302 79, 5017
148003 64, 5014
150300 66, 5174
154026 65, 5059
156096 78, 5136
160248 62, 5018
162116 78, 5133
168048 64, 5076
170504 71, 5021
174003 75, 5172
178170 75, 5148
180198 73, 5118
182132 71, 5174
184048 60, 5168
190135 75, 5137
192026 71, 5058
196039 70, 5023
198064 73, 5141
200590 62, 5000
208067 67, 5099
210223 79, 5074
212067 60, 5162
216035 65, 5167
218026 71, 5143
220297 67, 5039
222003 77, 5158
224119 65, 5105
226109 77, 5181
228154 61, 5097
230343 66, 5099
232141 76, 5136
238003 69, 5112
240300 75, 5020
242087 68, 5181
244189 71, 5165
246170 70, 5179
248048 73, 5057
250288 69, 5077
252010 66, 5018
254003 73, 5131
258019 61, 5050
260474 79, 5149
262068 78, 5121
264051 73, 5069
266119 78, 5097
268067 61, 5177
270163 69, 5086
272103 65, 5002
274173 73, 5102
276036 72, 5058
278003 64, 5190
282048 63, 5109
284067 68, 5035
286199 61, 5048
288148 72, 5082
290048 79, 5051
292148 69, 5046
294010 79, 5126
296007 78, 5159
298068 68, 5032
302154 73, 5078
304064 73, 5174
306029 63, 5000
308010 69, 5187
312164 70, 5026
314061 74, 5070
316003 77, 5166
318003 70, 5073
320455 74, 5055
322084 71, 5141
324010 78, 5078
328010 71, 5111
330236 78, 5015
332029 67, 5194
334109 67, 5086
336138 63, 5075
344080 61, 5022
346116 63, 5085
348093 67, 5158
350355 70, 5081
352074 74, 5195
354202 62, 5132
356010 60, 5140
358010 62, 5039
362109 68, 5187
364010 78, 5161
366064 62, 5166
368003 73, 5151
370184 69, 5089
374010 62, 5071
380542 63, 5169
382160 61, 5064
384192 67, 5128
386003 62, 5134
390226 68, 5091
394003 69, 5157
396106 72, 5123
398003 69, 5137
400253 61, 5135
404077 62, 5057
406010 65, 5105
410334 72, 5063
412003 67, 5196
414084 70, 5191
416106 78, 5181
418010 65, 5037
420249 63, 5089
422003 64, 5186
424003 61, 5073
426116 77, 5106
430315 78, 5019
432029 64, 5169
434051 65, 5077
436010 69, 5044
438016 74, 5118
440366 79, 5041
442010 73, 5082
448100 63, 5098
454093 74, 5133
456003 71, 5075
458157 79, 5066
460470 75, 5162
462167 76, 5120
464029 67, 5106
466109 69, 5153
468010 66, 5007
470343 68, 5106
474010 66, 5111
478268 67, 5022
480252 72, 5190
482010 75, 5092
484007 64, 5041
486010 62, 5162
488103 71, 5099
490380 71, 5044
492167 79, 5174
494010 78, 5017
496116 72, 5165
498029 76, 5007
500247 69, 5075
502029 68, 5012
504141 65, 5015
506183 73, 5050
510095 60, 5037
512019 72, 5198
514087 65, 5046
516010 75, 5169
518029 65, 5023
520342 61, 5014
522003 74, 5159
524164 63, 5069
528218 75, 5103
530360 70, 5151
532010 60, 5174
536010 75, 5114
538013 70, 5145
540380 63, 5032
542010 69, 5063
544096 61, 5152
546029 65, 5184
548003 64, 5125
550268 73, 5034
554067 76, 5034
556003 69, 5043
558103 70, 5016
560304 63, 5102
564020 78, 5150
566039 75, 5152
568109 70, 5033
576186 67, 5156
578010 68, 5160
580327 70, 5065
582064 66, 5004
584003 63, 5097
586077 62, 5142
588093 74, 5089
590473 60, 5128
592003 73, 5079
594116 67, 5173
596077 73, 5123
598122 79, 5107
600444 63, 5118
602010 67, 5105
604112 76, 5098
606048 65, 5191
608212 63, 5087
610081 63, 5073
612010 63, 5051
614003 79, 5099
616029 60, 5052
620445 63, 5105
624064 72, 5066
626003 79, 5001
630268 61, 5194
632042 66, 5106
634087 73, 5065
636064 76, 5116
638003 66, 5058
640135 68, 5051
642003 74, 5188
646003 60, 5148
650474 76, 5069
652003 72, 5010
654064 79, 5089
656058 60, 5147
658157 76, 5097
660188 72, 5060
662010 70, 5024
664023 75, 5113
668003 74, 5072
670345 69, 5111
672010 77, 5184
674173 76, 5197
676122 78, 5178
678084 68, 5108
680468 77, 5166
682003 70, 5052
686003 76, 5102
688007 72, 5099
690210 61, 5112
692010 76, 5040
694010 74, 5069
696003 76, 5099
700226 67, 5162
706087 66, 5047
708023 78, 5192
712100 60, 5083
714196 74, 5006
716068 77, 5125
718013 69, 5039
720477 77, 5165
724067 68, 5032
728096 70, 5037
730364 68, 5046
732106 68, 5086
734007 67, 5099
736003 74, 5075
740347 70, 5163
742010 62, 5047
744010 75, 5131
750332 63, 5062
756023 64, 5017
758010 77, 5181
760319 73, 5088
762010 75, 5036
766061 63, 5142
768048 68, 5098
772007 63, 5019
776221 64, 5054
780294 62, 5071
782128 74, 5179
784029 64, 5079
786045 69, 5008
788215 60, 5162
790150 61, 5028
796103 75, 5076
798132 70, 5062
800407 69, 5161
802074 79, 5084
804144 61, 5192
806077 79, 5170
808029 64, 5013
810249 73, 5010
812032 69, 5094
816205 79, 5021
818084 65, 5049
820223 75, 5174
824036 71, 5137
826010 71, 5033
828093 75, 5077
830389 70, 5106
832071 73, 5053
836003 63, 5050
838122 70, 5127
842157 76, 5136
844151 73, 5185
848196 62, 5114
854058 73, 5149
856023 69, 5194
858151 70, 5165
860402 68, 5103
862010 78, 5026
864135 68, 5116
870337 72, 5021
872003 73, 5086
874042 79, 5048
876048 66, 5043
878151 67, 5096
880319 67, 5183
884003 76, 5196
886109 63, 5030
890452 66, 5159
898061 63, 5147
900224 71, 5164
904096 77, 5064
906196 64, 5059
910223 78, 5104
912068 76, 5134
914045 75, 5143
924071 71, 5094
928003 68, 5112
930073 77, 5070
934029 73, 5168
944100 67, 5045
948003 74, 5091
950215 67, 5174
952173 65, 5089
954003 60, 5149
956003 74, 5158
958035 68, 5066
960184 67, 5038
962064 67, 5123
968003 77, 5038
970182 63, 5166
972064 74, 5005
974068 63, 5075
978074 63, 5015
980401 63, 5139
982186 72, 5073
986119 71, 5112
990406 63, 5149
992061 63, 5034
994010 69, 5007
996010 75, 5156
1000566 65, 5113
1002048 60, 5169
1004035 76, 5047
1006010 61, 5084
1010252 64, 5085
1012048 78, 5073
1014144 68, 5097
1018180 73, 5192
1022010 71, 5114
1024061 72, 5071
1026042 62, 5058
1028003 77, 5023
1030221 70, 5089
1034084 68, 5147
1036080 65, 5149
1040638 73, 5032
1044048 68, 5102
1046003 64, 5084
1048199 69, 5055
1050230 66, 5112
1054064 76, 5116
1058103 75, 5076
1060332 66, 5077
1062029 73, 5138
1064125 72, 5007
1066003 60, 5022
1070424 70, 5100
1072003 61, 5011
1074010 79, 5167
1076128 76, 5132
1078019 64, 5194
1082234 60, 5178
1084128 62, 5197
1086103 66, 5160
1088087 64, 5109
1090333 69, 5032
1092068 68, 5082
1094119 67, 5147
1096029 75, 5055
1098010 72, 5166
1104010 63, 5052
1106003 70, 5098
1108141 72, 5046
1110320 69, 5033
1114122 74, 5191
1118074 68, 5112
1122010 61, 5106
1124003 74, 5023
1128010 69, 5142
1130329 74, 5133
1134051 63, 5180
1138084 77, 5153
1142010 60, 5058
1146048 67, 5114
1148151 68, 5154
1150163 71, 5183
1152010 68, 5032
1156003 62, 5064
1160403 70, 5048
1162010 76, 5150
1164106 72, 5146
1166003 75, 5073
1170295 79, 5006
1174148 79, 5007
1176007 72, 5199
1178116 65, 5138
1180256 61, 5075
1182003 74, 5063
1186048 69, 5198
1188003 63, 5049
1190273 77, 5124
1192119 79, 5109
1194003 66, 5152
1196003 75, 5147
1198003 76, 5083
1200207 64, 5064
1202122 78, 5159
1204048 61, 5011
1206071 78, 5140
1208116 77, 5185
1212151 76, 5058
1214048 69, 5053
1218010 70, 5052
1220251 73, 5038
1222003 73, 5044
1224068 61, 5113
1226003 77, 5060
1228160 75, 5169
1230278 76, 5101
1232023 60, 5121
1234128 76, 5078
1238221 67, 5100
1242154 60, 5067
1246010 76, 5168
1248029 73, 5181
1250132 71, 5148
1252003 76, 5093
1254029 78, 5069
1256003 75, 5119
1258048 65, 5021
1262068 63, 5199
1264109 71, 5106
1266010 76, 5095
1272003 78, 5192
1274231 70, 5191
1276096 65, 5134
1278074 68, 5052
1282032 66, 5079
1286045 71, 5135
1292224 67, 5169
1294048 65, 5053
1296010 71, 5139
1304010 75, 5199
1306010 61, 5176
1308010 67, 5180
1310237 79, 5039
1312048 73, 5005
1314164 72, 5022
1316045 63, 5022
1320213 74, 5107
1322029 70, 5105
1324067 75, 5115
1326010 71, 5090
1328135 79, 5171
1330228 69, 5092
1334026 72, 5097
1336003 75, 5033
1338122 74, 5058
1340294 78, 5105
1344010 62, 5007
1348026 61, 5068
1352003 65, 5026
1354128 73, 5001
1356125 64, 5105
1358064 65, 5119
1360294 79, 5103
1362109 76, 5077
1364087 74, 5089
1366157 64, 5041
1372023 67, 5003
1374003 66, 5145
1378048 73, 5030
1380336 72, 5098
1382125 64, 5103
1386048 75, 5110
1388199 61, 5078
1392061 64, 5058
1394023 75, 5127
1396003 72, 5061
1400448 60, 5136
1404003 78, 5123
1414010 72, 5169
1416167 60, 5055
1420260 76, 5087
1422122 76, 5058
1424125 62, 5125
1428093 73, 5148
1432010 72, 5034
1436010 63, 5041
1440315 60, 5163
1442029 68, 5090
1444071 73, 5106
1448003 71, 5119
1450268 75, 5199
1452007 69, 5167
1456116 79, 5130
1458061 65, 5178
1460429 63, 5074
1462023 69, 5120
1464010 67, 5120
1466141 75, 5073
1468010 64, 5199
1470292 70, 5029
1472202 75, 5025
1474003 68, 5027
1476029 60, 5167
1478164 75, 5152
1488010 73, 5170
1492157 60, 5150
1494071 70, 5192
1496157 65, 5012
1498055 68, 5145
1500409 71, 5056
1502010 66, 5057
1504003 65, 5105
1506080 62, 5163
1510298 67, 5170
1512010 62, 5023
1514103 74, 5114
1516160 70, 5127
1520191 78, 5066
1522019 73, 5162
1524023 71, 5088
1526112 61, 5176
1528067 70, 5128
1532007 75, 5133
1534112 70, 5178
1538010 65, 5058
1540070 76, 5015
1542010 71, 5107
1546144 79, 5049
1548077 63, 5168
1552064 60, 5077
1554109 72, 5180
1562035 62, 5100
1564010 74, 5034
1566170 69, 5059
1568007 69, 5023
1570243 61, 5178
1572132 60, 5182
1574048 62, 5025
1576010 67, 5144
1578087 78, 5117
1580433 63, 5084
1582010 74, 5151
1584010 67, 5114
1586087 67, 5086
1588106 66, 5068
1592064 76, 5193
1594003 66, 5055
1596180 75, 5087
1598010 70, 5182
1602051 60, 5095
1604029 68, 5095
1608048 68, 5105
1610325 76, 5020
1612023 79, 5087
1614039 79, 5091
1616010 77, 5014
1618141 65, 5126
1620276 76, 5001
1622061 77, 5080
1624106 69, 5155
1626144 64, 5016
1628135 65, 5176
1630278 66, 5129
1632157 73, 5019
1634125 79, 5101
1638093 75, 5155
1640247 69, 5121
1642003 63, 5100
1646003 60, 5059
1648205 70, 5108
1650435 74, 5136
1656010 60, 5162
1658138 73, 5097
1660173 77, 5153
1662010 77, 5037
1664039 68, 5095
1666035 77, 5015
1668010 75, 5033
1670097 77, 5029
1672100 73, 5169
1674010 64, 5111
1676087 66, 5018
1678154 75, 5011
1682183 63, 5055
1686010 73, 5167
1688093 69, 5071
1690208 61, 5033
1692077 60, 5160
1694157 66, 5182
1696074 65, 5168
1698090 71, 5013
1700295 72, 5149
1702010 74, 5136
1704055 65, 5047
1706010 65, 5164
1708010 66, 5022
1710352 71, 5103
1712154 75, 5038
1714010 73, 5024
1716148 64, 5089
1718128 68, 5190
1720259 61, 5199
1722080 78, 5105
1724087 79, 5075
1726003 68, 5115
1728077 69, 5159
1732048 78, 5116
1738029 62, 5126
1742093 65, 5106
1746048 64, 5033
1752029 63, 5029
1758010 66, 5042
1760502 72, 5037
1762173 66, 5074
1764010 65, 5100
1768125 63, 5127
1772058 64, 5020
1774141 66, 5069
1776048 79, 5098
1782067 74, 5027
1784058 72, 5014
1786003 68, 5197
1788010 72, 5131
1790280 69, 5085
1792003 74, 5011
1796067 63, 5032
1798208 61, 5158
