86586 3807
93072 3721
96430 3803
113745 3804
116558 3725
122986 3849
125551 3799
132853 3834
152297 3854
156001 3886
161697 3898
165848 3886
176068 3792
181884 3728
186378 3729
192169 3823
195892 3747
203176 3743
211510 3774
215799 3729
222399 3802
225466 3837
233093 3799
235728 3826
241688 3852
245674 3842
255610 3767
263378 3825
271848 3822
275574 3828
281303 3898
285648 3866
292396 3854
295637 3727
301576 3870
305536 3895
311457 3789
315610 3858
323831 3822
328322 3888
332682 3750
342693 3809
345974 3854
353471 3820
362585 3824
366306 3878
372179 3731
382860 3828
391669 3899
402332 3832
413322 3882
431684 3833
436501 3775
442821 3851
445749 3708
461894 3793
465664 3867
481913 3803
485797 3836
495804 3704
502843 3710
505598 3801
511973 3877
515789 3747
526688 3819
533053 3720
535593 3827
542271 3818
545693 3710
551708 3856
555508 3793
562247 3794
565629 3844
575895 3898
582571 3749
585769 3856
601625 3723
605653 3852
612308 3899
625603 3816
631592 3725
635630 3858
641625 3797
645445 3832
655510 3726
662318 3858
672425 3887
682255 3775
685438 3820
695730 3855
701839 3700
705636 3809
725645 3847
742483 3799
745603 3828
751440 3828
755680 3872
762174 3859
772297 3791
785432 3788
791682 3835
795634 3881
805791 3719
815462 3743
825890 3737
832268 3720
835446 3899
841530 3898
862300 3826
871757 3717
875736 3790
881663 3793
885452 3756
892431 3753
895547 3728
901392 3897
905735 3845
911698 3731
915663 3842
922154 3873
925812 3824
931620 3814
935575 3798
941433 3760
945552 3871
952352 3809
961766 3722
965855 3874
995602 3738
1001537 3774
1005500 3787
1011996 3790
1021604 3797
1025456 3875
1031490 3757
1035573 3759
1042305 3792
1045364 3849
1051502 3868
1055564 3807
1061919 3714
1065833 3842
1072522 3705
1075727 3889
1081343 3787
1095613 3725
1102488 3848
1105655 3819
1111775 3723
1115938 3737
1125512 3700
1135545 3747
1141552 3789
1161978 3821
1171406 3701
1175760 3745
1185521 3806
1195731 3847
1201649 3753
1205572 3786
1211748 3707
1221521 3722
1225649 3757
1231472 3834
1235384 3828
1241472 3731
1245596 3750
1252409 3802
1255861 3745
1261773 3738
1265698 3782
1275727 3856
1281970 3709
1301797 3824
1305747 3821
1311862 3830
1315642 3703
1321692 3721
1325671 3730
1331652 3866
1335662 3746
1341708 3829
1351885 3870
1355619 3732
1361509 3894
1365771 3715
1375622 3830
1381238 3886
1385604 3720
1391622 3729
1402195 3824
1411473 3757
1415554 3855
1421639 3821
1425618 3744
1432216 3781
1435607 3847
1441559 3828
1451345 3856
1455572 3877
1465521 3765
1471496 3707
1481284 3747
1495642 3828
1505470 3754
1521702 3710
1525642 3869
1531633 3880
1535471 3813
1545552 3898
1555659 3822
1561610 3807
1565645 3891
1571520 3794
1575563 3715
1582506 3793
1591671 3872
1595635 3783
1601555 3720
1612272 3862
1621534 3843
1631470 3869
1635690 3786
1642336 3708
1645473 3705
1661546 3729
1665649 3814
1671856 3750
1681907 3734
1685585 3763
1695757 3885
1705407 3871
1711732 3860
1715654 3719
1725604 3842
1732344 3845
1741556 3744
1751676 3700
1762632 3816
1771597 3783
1775486 3836
1781561 3843
1785650 3858
1792230 3807
1795587 3701
