82023 76, 5189
86122 63, 5158
90342 72, 5174
96055 76, 5151
98007 73, 5117
102029 68, 5139
104003 75, 5052
106029 72, 5171
108036 65, 5107
110502 72, 5180
112013 64, 5100
114074 75, 5054
120211 60, 5035
124003 71, 5087
126202 76, 5161
132138 68, 5020
134080 74, 5095
136234 66, 5190
138029 60, 5008
140301 65, 5150
142176 70, 5104
144010 65, 5168
150460 73, 5032
160280 78, 5090
162068 73, 5102
164010 75, 5040
168192 67, 5017
170639 62, 5015
174003 64, 5055
178010 64, 5048
180355 69, 5094
184003 66, 5181
186048 77, 5143
188007 64, 5129
190264 74, 5105
194064 74, 5132
196202 60, 5089
198010 68, 5046
202087 79, 5172
206199 69, 5088
212003 71, 5183
218010 77, 5021
220363 72, 5158
222074 76, 5110
224218 61, 5011
226096 60, 5025
230351 65, 5088
232029 71, 5083
234045 67, 5106
238055 79, 5118
242010 65, 5044
246119 69, 5057
248173 79, 5025
250260 70, 5011
252164 64, 5147
254103 60, 5148
256116 72, 5009
260443 63, 5064
262003 73, 5153
264051 75, 5060
268010 70, 5177
270244 60, 5059
274093 70, 5045
278010 75, 5116
280157 76, 5137
284010 65, 5013
286010 63, 5110
288048 67, 5116
290502 61, 5147
292061 63, 5129
294010 72, 5040
296119 71, 5014
298010 63, 5017
302135 73, 5062
304003 60, 5073
308010 68, 5100
312010 78, 5145
318144 71, 5179
320296 68, 5093
324029 79, 5130
328029 70, 5101
330444 77, 5166
336068 68, 5149
340226 66, 5131
346010 78, 5160
352007 60, 5126
354003 78, 5060
358096 70, 5125
366010 70, 5079
368010 76, 5176
370335 62, 5037
372173 68, 5022
374106 76, 5100
376205 76, 5199
380253 68, 5157
382010 69, 5006
384048 66, 5199
386003 61, 5014
388064 69, 5192
390527 74, 5160
392160 78, 5162
400310 75, 5190
404003 70, 5185
406032 78, 5089
410282 66, 5012
414148 75, 5036
416064 77, 5051
418003 66, 5111
428003 77, 5034
430240 77, 5066
444221 72, 5075
448048 72, 5070
452016 65, 5183
454010 69, 5043
456003 60, 5169
460416 78, 5131
464205 62, 5089
466003 77, 5091
468173 78, 5194
470449 69, 5174
472103 69, 5140
474132 65, 5017
476003 69, 5184
480278 71, 5059
482003 69, 5085
484023 64, 5006
486029 63, 5069
492055 63, 5188
494100 68, 5132
500320 67, 5050
508048 75, 5026
512064 73, 5062
514106 71, 5155
518160 66, 5162
520291 72, 5194
522010 60, 5182
528010 69, 5053
532010 73, 5166
534003 70, 5196
538055 78, 5130
540359 74, 5065
542122 64, 5166
544128 73, 5131
546071 61, 5121
552071 69, 5199
554119 72, 5184
556010 68, 5186
558202 65, 5169
560484 62, 5111
562176 61, 5190
564090 63, 5114
568003 72, 5055
570374 70, 5127
572151 68, 5045
574003 69, 5112
576164 64, 5022
578202 60, 5076
580036 60, 5002
584061 78, 5171
586010 69, 5155
594116 63, 5070
600432 63, 5187
602003 72, 5039
604010 77, 5007
608093 72, 5119
610255 66, 5142
612048 77, 5151
616010 73, 5188
618132 72, 5003
620323 60, 5016
624010 67, 5185
626003 67, 5179
628029 61, 5124
632042 67, 5173
636064 78, 5007
638068 63, 5185
642048 77, 5118
644048 64, 5062
646026 70, 5159
648003 76, 5012
650446 62, 5122
654160 79, 5025
658048 71, 5054
662010 67, 5175
664003 79, 5001
674045 78, 5002
676010 76, 5142
680372 66, 5002
682003 75, 5125
684003 71, 5002
690246 62, 5192
696010 63, 5128
698141 76, 5117
710488 74, 5061
712167 71, 5118
714052 75, 5095
716016 63, 5156
718256 66, 5090
720086 73, 5069
722003 66, 5107
726112 77, 5197
728029 69, 5016
730291 77, 5166
732029 68, 5052
734154 67, 5021
738048 70, 5164
740449 62, 5060
742003 77, 5049
748128 61, 5029
750240 75, 5096
758003 60, 5032
760333 71, 5168
762087 72, 5186
764151 75, 5111
768100 71, 5022
772180 68, 5183
774087 76, 5034
776160 65, 5030
778061 71, 5121
780253 68, 5018
782116 74, 5077
784068 75, 5108
786010 73, 5119
788003 76, 5194
792003 66, 5152
796010 69, 5006
798061 68, 5188
800433 69, 5007
802045 79, 5146
806112 62, 5120
808157 78, 5117
810150 64, 5186
812151 76, 5043
814048 70, 5038
818103 62, 5047
822100 61, 5177
824128 79, 5126
826119 74, 5180
828087 75, 5048
830425 65, 5070
834180 63, 5082
836010 68, 5097
838003 64, 5116
842048 66, 5045
844003 65, 5121
846189 72, 5021
848116 63, 5035
850483 73, 5152
852003 61, 5091
856189 63, 5181
860493 66, 5072
862010 78, 5159
864164 76, 5114
866003 71, 5059
868100 69, 5124
870355 79, 5088
872141 79, 5171
876003 61, 5155
878176 78, 5020
880075 75, 5015
882010 62, 5151
884003 66, 5040
886048 60, 5036
894125 76, 5055
896100 61, 5020
902212 64, 5030
904019 74, 5054
908116 79, 5103
912010 77, 5033
918109 63, 5069
924003 68, 5033
926051 79, 5000
928132 65, 5038
930531 62, 5029
932144 68, 5158
934003 67, 5134
938045 76, 5148
940296 76, 5019
942010 70, 5094
946157 68, 5012
952003 71, 5148
956228 65, 5077
962003 76, 5053
966186 77, 5157
974048 72, 5026
976093 66, 5124
978029 72, 5011
980401 76, 5066
982029 69, 5170
986106 62, 5067
990063 71, 5033
994010 60, 5041
996029 63, 5064
998003 69, 5191
1000493 62, 5034
1002151 68, 5028
1004077 65, 5116
1008154 79, 5112
1010333 62, 5196
1014010 75, 5101
1016029 75, 5118
1018003 62, 5102
1022138 70, 5052
1026189 65, 5081
1028003 62, 5069
1030262 74, 5130
1034061 70, 5196
1038103 71, 5184
1040544 71, 5169
1048023 71, 5059
1052052 75, 5079
1056029 75, 5182
1058003 64, 5136
1060397 67, 5151
1066010 61, 5077
1070237 73, 5057
1074119 74, 5142
1076003 71, 5182
1078019 65, 5147
1088103 71, 5037
1092003 73, 5119
1096048 74, 5155
1100444 74, 5059
1102067 68, 5040
1104003 71, 5160
1106157 62, 5056
1108061 63, 5097
1116048 66, 5012
1118029 78, 5005
1124215 70, 5125
1126141 73, 5106
1128084 63, 5189
1132176 63, 5048
1134144 67, 5112
1138148 79, 5083
1140467 60, 5109
1144132 70, 5117
1146010 65, 5073
1148039 64, 5047
1150413 65, 5110
1152045 71, 5136
1154003 60, 5117
1156141 71, 5191
1158173 65, 5053
1160494 61, 5005
1162029 68, 5119
1164141 62, 5115
1166029 66, 5142
1168112 62, 5028
1170349 78, 5165
1174109 64, 5152
1176007 75, 5048
1178154 65, 5031
1180270 64, 5012
1182010 79, 5038
1184019 61, 5048
1186010 72, 5051
1190350 74, 5004
1194003 62, 5035
1200246 69, 5194
1206010 79, 5013
1212023 60, 5193
1216010 72, 5106
1218010 61, 5005
1222064 70, 5180
1226003 73, 5083
1228128 77, 5059
1232050 73, 5167
1234003 60, 5182
1240364 65, 5071
1246010 61, 5110
1256116 76, 5096
1258003 62, 5134
1260395 73, 5140
1262029 63, 5094
1264010 75, 5121
1266164 75, 5172
1268221 74, 5114
1270322 70, 5033
1274003 78, 5051
1280327 63, 5054
1282010 78, 5155
1284125 76, 5062
1286199 77, 5129
1288010 70, 5052
1290476 71, 5170
1292055 74, 5090
1294029 65, 5052
1298125 60, 5148
1300271 72, 5055
1302151 73, 5120
1306010 71, 5047
1308071 70, 5016
1312208 62, 5170
1314200 61, 5104
1316109 72, 5070
1320188 74, 5154
1322003 65, 5006
1324116 71, 5112
1326167 71, 5061
1330097 65, 5112
1332048 74, 5153
1334003 69, 5114
1338058 76, 5098
1340445 69, 5111
1342010 61, 5159
1344061 73, 5179
1346202 71, 5011
1348003 77, 5148
1354029 62, 5090
1356125 75, 5100
1360249 77, 5164
1362010 62, 5049
1366029 64, 5153
1368007 76, 5131
1370491 68, 5162
1374052 63, 5087
1376003 77, 5116
1378029 68, 5043
1380405 70, 5116
1384010 60, 5055
1394003 65, 5128
1396048 79, 5111
1398042 73, 5094
1400292 75, 5033
1402048 68, 5085
1404125 67, 5187
1406192 73, 5189
1408010 64, 5000
1410332 79, 5109
1412003 72, 5105
1414003 66, 5156
1418003 78, 5043
1420374 76, 5154
1422051 79, 5154
1424048 77, 5159
1426029 79, 5143
1430442 69, 5182
1432125 74, 5082
1434103 76, 5121
1436080 78, 5160
1440275 65, 5077
1442080 66, 5122
1446010 78, 5073
1448116 78, 5080
1454003 79, 5092
1458010 69, 5180
1462176 75, 5182
1464125 70, 5037
1468003 77, 5168
1470371 73, 5083
1472048 66, 5049
1474029 67, 5009
1476122 64, 5164
1482170 78, 5092
1484055 76, 5172
1486045 70, 5104
1488048 66, 5088
1490582 65, 5001
1494003 79, 5034
1498029 76, 5094
1500356 68, 5039
1504093 71, 5049
1510356 79, 5180
1514138 62, 5032
1516074 64, 5125
1518093 61, 5121
1520203 68, 5014
1524023 60, 5134
1526003 75, 5112
1528010 70, 5000
1534042 60, 5056
1536138 66, 5184
1538003 61, 5017
1540265 63, 5025
1544090 77, 5048
1546122 63, 5024
1550341 74, 5033
1552106 66, 5182
1554116 67, 5114
1556151 62, 5083
1558071 79, 5119
1560405 75, 5138
1566061 64, 5030
1568007 76, 5152
1572010 73, 5142
1574010 70, 5178
1578010 73, 5064
1580283 72, 5064
1582154 64, 5074
1584029 60, 5186
1586010 71, 5086
1588003 66, 5046
1590297 76, 5020
1598064 66, 5105
1600335 71, 5181
1602148 77, 5068
1606183 77, 5188
1608199 76, 5043
1610635 66, 5150
1614196 62, 5074
1616003 70, 5191
1620302 69, 5187
1622144 69, 5158
1624260 78, 5061
1626003 73, 5194
1628199 62, 5185
1634023 67, 5143
1636003 60, 5184
1644048 65, 5143
1646058 68, 5057
1648151 73, 5002
1650265 76, 5105
1652029 77, 5125
1654067 78, 5136
1656010 73, 5038
1658157 78, 5175
1660300 77, 5176
1662029 79, 5101
1666157 62, 5080
1668202 65, 5176
1676010 70, 5179
1678093 60, 5038
1680544 62, 5145
1682003 74, 5196
1686087 68, 5184
1690288 76, 5013
1698010 69, 5170
1700301 66, 5185
1702010 79, 5002
1704010 76, 5003
1706186 67, 5123
1708023 60, 5162
1710281 63, 5109
1714093 64, 5111
1716029 76, 5046
1718208 66, 5144
1720303 63, 5134
1724058 64, 5178
1732087 61, 5038
1734010 63, 5048
1736138 65, 5136
1738138 60, 5140
1740376 67, 5014
1742003 69, 5186
1746048 63, 5012
1748003 77, 5160
1750450 64, 5065
1752003 73, 5025
1756003 79, 5093
1758003 62, 5132
1760433 67, 5119
1764084 74, 5084
1766048 77, 5148
1768010 67, 5045
1772010 76, 5143
1774048 73, 5173
1778096 71, 5035
1780389 79, 5091
1782186 71, 5136
1786103 60, 5111
1788192 77, 5049
1794029 70, 5144
1796125 66, 5161
