110599 2030
150799 1931
160333 2007
170684 2000
190723 1917
200952 2052
220497 1947
230835 2001
260874 1931
270591 2098
291056 1985
300741 2086
310416 2074
320758 1913
350478 2075
370996 2055
380906 2009
400349 1943
440808 1966
450895 2032
480073 1999
490632 1921
500834 2074
520524 2058
540432 1935
561031 1949
590819 1941
610369 1924
630438 2097
651073 2028
681268 1905
700883 1921
711072 2064
730352 2067
760778 1918
770933 1930
780510 1998
810819 2022
820402 2086
840632 1993
860876 2036
880499 1968
890943 2040
910849 2033
930749 2037
940607 1973
970761 1979
980754 1907
1000283 2017
1050527 1967
1080542 1995
1110372 1938
1120813 1927
1150582 1902
1171081 1991
1190635 1954
1210394 1920
1220984 1973
1251133 2084
1260588 2028
1270898 1945
1310822 1939
1320523 1909
1330544 1916
1340844 1990
1350472 2037
1380418 1902
1430825 1956
1440798 2058
1450449 2042
1461079 2011
1490793 1946
1540224 1993
1570717 1929
1580954 1998
1590613 2067
1610987 2095
1620398 1953
1630650 2056
1640840 2006
1660770 1952
1671149 2018
1680847 1994
1700965 2023
1710211 1966
1720406 1975
1740318 1941
1770509 2029
1780657 1937
1790818 1972
