90039 1996
100042 1962
110079 1928
140028 1920
150125 2043
160196 1929
170036 1919
180055 2063
190160 1993
210003 2034
230017 2061
250022 2019
280013 2009
300109 1959
320232 1909
330132 2046
340125 1923
350028 1938
360141 1966
390003 2021
400010 1901
410171 1937
420135 2087
430151 1918
450205 1917
460112 1975
480006 2043
490003 2082
500216 2005
550051 2009
560184 2046
570157 1923
630064 1928
640032 2020
650280 2027
660013 2009
700051 2076
710187 1947
720128 2001
730051 1936
740062 2012
750003 1915
760048 2006
830155 1929
850010 2069
870116 2081
890038 1949
940010 2058
950355 2036
970045 2021
980143 2031
1000039 2071
1020100 1988
1030010 1979
1050010 2083
1060064 1912
1080048 2009
1090003 2034
1100241 2078
1110003 2091
1140003 2021
1150010 2007
1170215 2072
1180135 2060
1200141 1926
1210128 2094
1220091 1995
1230068 2090
1250242 1983
1260003 2003
1270010 2072
1280165 2032
1300010 1967
1330032 2030
1350196 1963
1370079 2026
1400120 1989
1410141 2093
1420151 2056
1430222 1909
1440042 1979
1450003 1961
1460085 1931
1480003 1919
1490089 1916
1500003 2039
1510010 1991
1550157 1977
1560061 1968
1570048 2079
1590132 1947
1600010 1922
1630042 1924
1640165 1929
1650074 1909
1660032 2058
1670178 1972
1680109 1919
1690010 1906
1700200 2055
1710010 2021
1720141 2011
1750048 1996
1780132 1999
1790088 2042
