84234 60,
86119 71,
90203 60,
92013 69,
94148 77,
96122 64,
98019 60,
100284 75,
102071 73,
104106 61,
110392 76,
112045 64,
114026 67,
116103 79,
118051 71,
120282 76,
124003 62,
126055 70,
128007 76,
130317 76,
132003 63,
134003 78,
136048 71,
138003 70,
142019 60,
146010 70,
150297 76,
152010 75,
154058 73,
156013 68,
158087 68,
162013 63,
164141 74,
166084 68,
168026 65,
170327 63,
174087 61,
176148 65,
178048 60,
184055 73,
188055 64,
190317 65,
192048 63,
194029 73,
196224 74,
198067 73,
202125 66,
204103 76,
206026 69,
210370 63,
212010 73,
214164 71,
216048 77,
218051 66,
220323 74,
222010 67,
224019 65,
226010 66,
228003 64,
230424 60,
232116 74,
234019 62,
236084 64,
238064 67,
240217 75,
242071 61,
244019 76,
248109 67,
252055 65,
254029 69,
258029 79,
260312 72,
262010 67,
264003 68,
268029 66,
270158 68,
272068 72,
274154 73,
276007 63,
278003 70,
282058 67,
284128 61,
286039 63,
290428 66,
292019 75,
294189 72,
296164 75,
304090 64,
306016 73,
308039 72,
310483 65,
312061 79,
314003 77,
316003 66,
324084 64,
328109 66,
334112 65,
336007 61,
338010 62,
342080 75,
344141 61,
350298 61,
354132 63,
356051 61,
358026 64,
364003 76,
366215 77,
368010 77,
370185 65,
374205 60,
378087 65,
380494 63,
386003 77,
388071 61,
390248 65,
394125 66,
396100 74,
398026 69,
400265 75,
402170 65,
404039 63,
406051 74,
414141 60,
426003 69,
430310 72,
436019 60,
438116 60,
440270 61,
444035 73,
446013 63,
448112 68,
450367 65,
452173 78,
454122 66,
458084 74,
460278 67,
466100 62,
468010 69,
472023 65,
474023 60,
476007 75,
480350 67,
482029 68,
486007 67,
490326 76,
492116 79,
494106 67,
500476 68,
502064 77,
506010 72,
508010 62,
510221 68,
512016 79,
514003 74,
516109 64,
518148 60,
520146 66,
522010 69,
524010 79,
528003 63,
530521 75,
532080 66,
536003 77,
540336 62,
542010 67,
544042 67,
546026 76,
548003 63,
550414 61,
552003 73,
556135 76,
558029 63,
560327 73,
562003 79,
564112 65,
566074 66,
568003 64,
570326 61,
574087 73,
576192 75,
580177 61,
582151 67,
584093 63,
586029 62,
588080 79,
594084 61,
596061 69,
598087 73,
600260 61,
602135 76,
604010 79,
606122 66,
608061 60,
610333 78,
620416 61,
622003 61,
624067 62,
626164 67,
628144 74,
630154 62,
632061 73,
636048 74,
638010 63,
640406 74,
644003 60,
648084 63,
650348 64,
652010 77,
656109 63,
658010 62,
660288 74,
664112 64,
668045 63,
674138 76,
676003 62,
678045 66,
680519 63,
682064 70,
684164 62,
686160 73,
688192 63,
690219 61,
692212 68,
694023 61,
698096 63,
700259 60,
702003 79,
704010 79,
706141 62,
708055 67,
712176 77,
714125 61,
718029 79,
722373 67,
726003 63,
728010 61,
730357 66,
734148 75,
736202 65,
738080 60,
740564 62,
742019 73,
748157 60,
752151 70,
754003 72,
756119 70,
758003 73,
760437 77,
762010 69,
764061 74,
766051 63,
770260 66,
774144 70,
776138 72,
778093 70,
780401 69,
782003 76,
786132 66,
788026 65,
790196 69,
792119 64,
794148 76,
796122 75,
798058 64,
800284 62,
802013 67,
804010 73,
808010 68,
810296 65,
814196 72,
816093 65,
818003 71,
820150 61,
822003 60,
824183 68,
826087 76,
828010 78,
830644 60,
832010 60,
834003 72,
836003 60,
838061 65,
842231 61,
848192 60,
850188 68,
856067 77,
858061 77,
860029 76,
868116 72,
870313 77,
876003 76,
878122 76,
880089 78,
884074 78,
886003 67,
890231 65,
892112 75,
894160 61,
896154 78,
898087 63,
900196 73,
902010 63,
904010 74,
906003 78,
908093 77,
912138 79,
914010 77,
916148 69,
918003 66,
920404 66,
922035 68,
926035 71,
930240 67,
934173 62,
936116 61,
938093 72,
940246 74,
942003 63,
944010 66,
946061 75,
948003 70,
950141 68,
952016 66,
954119 78,
956240 65,
960270 66,
962048 63,
964100 69,
966144 61,
970278 75,
974077 71,
976093 70,
980436 66,
982010 70,
986003 73,
988084 68,
990275 67,
992135 67,
994029 77,
998164 70,
1000255 77,
1004071 61,
1006003 62,
1008109 71,
1010482 68,
1012029 76,
1014003 71,
1016013 72,
1020102 64,
1022128 65,
1024010 60,
1026173 70,
1030310 62,
1034138 71,
1036090 68,
1038240 79,
1044125 63,
1046010 73,
1048029 78,
1050374 74,
1054010 60,
1058112 71,
1060224 75,
1062090 70,
1064029 78,
1066100 75,
1068148 78,
1072007 68,
1078119 77,
1080290 70,
1084061 67,
1086061 60,
1088003 76,
1090257 64,
1094003 75,
1096029 78,
1098096 64,
1100412 63,
1102074 74,
1104100 71,
1110396 74,
1112125 74,
1114093 65,
1116074 77,
1118093 66,
1122103 65,
1128080 64,
1130408 77,
1132125 78,
1134010 69,
1136067 71,
1138128 72,
1140345 66,
1144141 61,
1146010 64,
1148010 67,
1150364 66,
1154023 77,
1156042 70,
1160474 71,
1162013 77,
1164058 67,
1166003 67,
1168010 62,
1170351 77,
1172071 70,
1174096 79,
1182010 72,
1188119 62,
1192157 73,
1194160 70,
1196192 62,
1200286 73,
1202141 73,
1206029 77,
1208010 66,
1210380 63,
1212003 60,
1214048 69,
1216003 71,
1218045 78,
1220116 68,
1224003 67,
1226090 73,
1228013 73,
1232010 63,
1240198 64,
1244003 61,
1248003 78,
1250464 61,
1252055 76,
1254045 64,
1256029 70,
1258109 60,
1260137 72,
1262112 66,
1266010 72,
1270438 64,
1272010 67,
1274010 74,
1276029 63,
1278176 78,
1280561 66,
1282010 73,
1284029 71,
1288103 70,
1290328 64,
1292010 72,
1294122 70,
1296170 68,
1298003 60,
1300079 78,
1302010 66,
1304106 78,
1306128 72,
1308157 65,
1310394 67,
1314003 77,
1316125 79,
1318048 61,
1320301 79,
1322106 73,
1324119 63,
1326039 64,
1332122 77,
1334093 71,
1338103 63,
1340451 79,
1342202 69,
1344055 73,
1346003 60,
1348116 73,
1350419 62,
1352061 65,
1354157 76,
1356048 73,
1358403 70,
1360356 60,
1364096 63,
1366240 78,
1368003 71,
1370474 77,
1372013 62,
1374144 73,
1376122 75,
1380182 69,
1382112 72,
1384003 67,
1386003 71,
1396003 77,
1398109 76,
1402093 74,
1408196 68,
1410103 78,
1412035 60,
1414221 70,
1418151 62,
1420354 69,
1424048 64,
1426093 79,
1428068 76,
1430254 63,
1432048 78,
1434180 78,
1436116 64,
1438048 63,
1440187 69,
1442010 60,
1446205 60,
1448003 60,
1450160 64,
1452138 63,
1454093 61,
1460410 64,
1462164 72,
1464010 72,
1468010 77,
1472042 75,
1476067 79,
1478100 74,
1482080 73,
1484003 78,
1486186 63,
1488039 77,
1490627 79,
1494145 66,
1496051 74,
1500497 73,
1502135 60,
1506093 76,
1508128 75,
1510321 69,
1514068 67,
1518051 70,
1520363 72,
1524096 77,
1528029 79,
1534151 65,
1538180 67,
1540368 68,
1544023 61,
1546003 71,
1548003 62,
1550514 71,
1556003 72,
1558112 70,
1566100 73,
1568100 68,
1570239 76,
1574003 70,
1576234 78,
1578061 65,
1580557 68,
1586029 70,
1588003 69,
1590095 75,
1592067 77,
1596003 63,
1600289 66,
1602010 64,
1604125 66,
1606003 78,
1608003 60,
1610363 64,
1612160 72,
1614176 70,
1616157 63,
1618010 76,
1622103 76,
1624045 70,
1628003 72,
1632003 69,
1634010 69,
1636003 68,
1638003 61,
1640566 62,
1644116 62,
1646003 65,
1648144 60,
1650323 72,
1652003 66,
1656003 70,
1658087 72,
1660338 71,
1662051 64,
1664003 71,
1666055 71,
1668055 76,
1670452 63,
1676167 69,
1680576 74,
1682074 72,
1684010 65,
1688003 67,
1690275 76,
1694064 62,
1696029 77,
1698061 68,
1700561 61,
1702045 70,
1706010 63,
1708003 66,
1710367 66,
1712003 66,
1714003 70,
1718010 77,
1720358 72,
1724071 74,
1726084 65,
1734026 65,
1738048 69,
1744218 68,
1746109 72,
1748010 69,
1750262 61,
1752112 63,
1754029 70,
1756199 70,
1758074 65,
1762048 63,
1764141 76,
1766003 62,
1768256 72,
1772003 78,
1776010 74,
1778003 77,
1780404 70,
1790296 76,
1792048 61,
1794192 69,
1796003 67,
1798029 70,
