90853 3751
95951 3715
100893 3735
116176 3865
125292 3842
131157 3852
145686 3761
151526 3776
161266 3790
185825 3776
195411 3753
202421 3895
221605 3892
231676 3806
245485 3798
251165 3838
255466 3753
261883 3867
265354 3732
271136 3787
285477 3818
291513 3881
300779 3839
305153 3851
310877 3810
315573 3861
327941 3738
337864 3854
341369 3793
345611 3858
352543 3767
356591 3756
361290 3775
371641 3892
380934 3760
386167 3810
391277 3882
400936 3788
405498 3722
410970 3790
415675 3844
425622 3837
441099 3899
445896 3709
451462 3708
455643 3701
465304 3820
471293 3784
475383 3753
480852 3862
485603 3854
495315 3756
501834 3877
515373 3735
525737 3783
531940 3850
535125 3769
545373 3844
551345 3723
555591 3809
561500 3802
565537 3835
575509 3853
580804 3808
595614 3774
625200 3885
635524 3797
645296 3899
651221 3776
655578 3736
661145 3812
665787 3827
670937 3817
680930 3770
695347 3837
701044 3774
705289 3796
711593 3809
715139 3816
721013 3742
735257 3852
745374 3755
750878 3899
755547 3836
760774 3869
765522 3731
791026 3858
795402 3804
801223 3828
805585 3762
811046 3745
815603 3796
820812 3817
831602 3792
835593 3858
851012 3842
855356 3835
865202 3879
875603 3727
880834 3745
885410 3728
891697 3724
895501 3779
900771 3868
905455 3769
910633 3891
915348 3838
921338 3778
925222 3811
935469 3883
941192 3721
945592 3782
955432 3737
965441 3816
985639 3722
990743 3717
995305 3886
1015379 3891
1020772 3721
1025617 3721
1031071 3712
1045557 3860
1051192 3854
1055327 3774
1061637 3864
1065222 3843
1080947 3880
1085360 3897
1091144 3859
1105374 3738
1110991 3831
1115558 3775
1120620 3770
1131037 3852
1135197 3759
1141218 3742
1145188 3882
1161505 3855
1165384 3783
1170799 3865
1175145 3780
1181053 3775
1195264 3813
1205274 3772
1215571 3792
1221422 3894
1225316 3763
1235576 3758
1245247 3762
1251423 3819
1255037 3782
1261129 3842
1270628 3847
1275479 3828
1281606 3708
1290821 3717
1300866 3809
1305314 3713
1315236 3773
1320747 3791
1335587 3869
1341509 3850
1345388 3716
1350770 3817
1355384 3852
1361061 3741
1371172 3874
1375622 3797
1385544 3734
1401248 3863
1405205 3714
1411471 3888
1415443 3770
1420599 3702
1425582 3822
1435422 3707
1440902 3875
1445350 3854
1450732 3747
1465257 3760
1485366 3717
1491141 3845
1495292 3751
1505261 3778
1520953 3726
1525450 3834
1541162 3827
1545350 3711
1551346 3821
1561074 3880
1565428 3844
1575441 3872
1581382 3737
1585284 3893
1590991 3750
1595195 3770
1621173 3732
1625277 3887
1630888 3784
1635742 3816
1651190 3748
1661093 3701
1665314 3821
1685615 3740
1690741 3896
1695603 3868
1710854 3874
1715265 3757
1721142 3856
1725342 3832
1731171 3727
1735361 3780
1745438 3830
1755409 3779
1761507 3781
1770901 3840
1775339 3805
1791282 3772
