95216 3730
105213 3869
110759 3894
120434 3712
125232 3797
130506 3841
135190 3780
155226 3799
160641 3863
165181 3710
170875 3758
175171 3834
190308 3733
195219 3855
200613 3790
210586 3870
225187 3702
230753 3876
235084 3883
240479 3732
245211 3756
255206 3770
260550 3801
265227 3776
270354 3770
275389 3839
280368 3864
285200 3753
290496 3709
295224 3707
300446 3700
305185 3878
310497 3715
315064 3834
320732 3800
325352 3804
330431 3827
340298 3743
345084 3817
355231 3745
360283 3803
385313 3825
390430 3805
395148 3790
400568 3756
410477 3716
425206 3807
430303 3780
435158 3837
450309 3867
460395 3839
465164 3873
470675 3839
475190 3850
480315 3701
485200 3843
495136 3751
500634 3842
505199 3785
510434 3826
515181 3704
525086 3813
535200 3743
545219 3869
550498 3826
555151 3700
560510 3891
565195 3789
570511 3736
575168 3887
590554 3809
595180 3730
600347 3822
605136 3706
610525 3878
615241 3836
620375 3714
630437 3778
635180 3791
640357 3818
650615 3726
660463 3763
670415 3744
675139 3811
685183 3873
690481 3863
695107 3756
700360 3731
705174 3856
730503 3706
735152 3714
740442 3706
745200 3878
755171 3845
770497 3755
780691 3763
785113 3876
790532 3707
795251 3776
800382 3867
810456 3897
815231 3743
830640 3897
840561 3800
845161 3861
850494 3851
860612 3839
865228 3724
870399 3769
875228 3834
880476 3793
890600 3768
895199 3897
900405 3837
905148 3770
910541 3808
925212 3837
935247 3892
945167 3786
955251 3884
960474 3867
965168 3835
970337 3842
975110 3893
980590 3889
985145 3733
990375 3873
995231 3825
1000356 3713
1005120 3854
1015245 3895
1020464 3750
1025132 3787
1030351 3757
1035249 3722
1040688 3851
1045097 3778
1050482 3779
1055181 3897
1060348 3722
1065177 3887
1070577 3813
1075116 3839
1080346 3777
1085203 3763
1090420 3778
1095137 3889
1100471 3768
1105188 3743
1115242 3845
1125229 3871
1130508 3844
1135334 3796
1145208 3733
1150440 3858
1170410 3884
1175241 3850
1190519 3832
1205158 3759
1225219 3788
1235168 3888
1240280 3764
1245174 3780
1260477 3775
1270413 3829
1275177 3751
1280607 3747
1285245 3872
1295211 3761
1300333 3886
1310691 3707
1315200 3746
1335194 3769
1350476 3857
1355172 3813
1360411 3888
1365238 3897
1375174 3779
1380436 3762
1385216 3776
1395170 3810
1400673 3753
1415206 3760
1420433 3888
1425114 3831
1430561 3850
1435154 3863
1445151 3852
1450437 3855
1455166 3737
1465171 3811
1470261 3865
1475222 3710
1480403 3857
1485206 3712
1490664 3812
1505136 3724
1510141 3880
1515166 3804
1520577 3736
1525169 3842
1530626 3713
1535306 3854
1550558 3767
1555196 3873
1565085 3751
1570539 3747
1575295 3797
1595256 3743
1600469 3712
1605193 3744
1610525 3895
1615094 3851
1620133 3724
1625133 3738
1630283 3842
1635116 3764
1645177 3769
1655165 3813
1660383 3870
1665215 3879
1675091 3719
1680251 3853
1685138 3708
1690329 3788
1695264 3761
1700528 3865
1715195 3849
1720282 3816
1730533 3895
1735199 3797
1740388 3703
1745168 3742
1750450 3849
1755245 3702
1760635 3778
1765174 3702
1770380 3870
1790470 3708
1795094 3733
