101031 1964
111372 2081
120958 1906
130923 2038
141669 1909
190665 2061
201181 1937
270485 1940
290804 2038
322941 1936
353014 2076
401422 1942
411341 2085
420903 1991
471151 2035
490503 1913
500681 2026
510851 1992
520577 1958
531715 1917
570304 1990
621204 1915
630537 2010
670826 2070
681105 1956
711426 1926
730353 2068
760629 1982
780854 1947
861100 2030
891123 1929
900318 2036
910699 1935
921084 1924
981137 2063
990643 1971
1011169 2000
1020608 1929
1041908 2023
1060599 2097
1071371 2006
1080713 2055
1131502 2088
1150740 1955
1161477 1931
1170330 1911
1180549 1942
1191044 1966
1210390 1977
1260471 1902
1270813 1980
1300311 1990
1360608 2023
1410418 2003
1450363 1969
1460543 1963
1480699 1903
1490990 2044
1540789 1904
1581019 1917
1600594 1945
1610983 1921
1630590 1910
1650837 1900
1660884 1977
1681078 2012
1710748 1906
1720980 1913
1770877 2085
