82145 73,
84061 74,
86003 77,
88035 72,
92068 78,
100267 60,
102003 64,
104035 61,
108010 61,
110397 69,
112100 70,
114026 62,
116144 65,
118003 73,
120402 60,
122007 62,
124084 66,
126010 75,
128016 69,
130233 75,
132080 78,
134003 73,
136010 67,
138010 74,
140347 73,
142019 61,
146048 68,
148196 79,
150310 74,
152055 76,
154042 71,
156013 63,
166035 60,
170255 70,
172132 79,
178116 77,
180204 64,
182061 62,
184212 77,
186023 61,
188116 64,
190366 61,
194084 73,
196064 78,
198189 61,
202090 79,
204019 67,
206026 70,
208051 60,
210137 69,
212096 69,
214003 63,
216029 67,
218173 73,
220202 74,
222128 68,
224019 78,
226048 77,
230498 76,
234058 71,
236010 74,
242071 66,
244003 73,
246144 64,
248003 66,
250093 73,
252013 75,
254138 63,
258122 79,
264010 78,
266003 62,
270128 73,
272010 71,
274090 79,
276205 79,
282048 69,
284010 76,
286144 76,
292074 68,
294010 78,
296032 75,
298061 75,
302106 76,
304003 74,
306010 67,
308125 62,
310185 79,
312010 70,
314064 60,
316010 77,
318010 64,
320414 63,
322019 74,
324003 73,
326003 76,
328003 72,
332003 73,
334160 65,
336109 75,
338148 62,
340355 72,
344029 69,
346055 66,
348029 62,
350350 78,
352122 70,
354026 67,
356051 66,
358003 67,
360259 60,
362010 70,
364023 63,
366055 65,
368144 67,
372119 75,
376023 65,
378010 64,
382051 64,
388007 74,
390095 61,
394071 74,
396199 75,
398212 66,
400246 65,
402141 68,
404103 74,
406032 68,
408042 63,
410120 73,
412132 76,
414052 74,
416154 68,
420355 77,
424010 65,
426019 70,
428003 60,
430224 62,
432122 66,
434010 73,
436096 67,
438003 61,
440362 76,
442010 64,
446013 61,
448045 67,
450286 62,
452080 64,
454026 79,
456119 64,
458003 76,
464003 73,
466003 64,
468003 71,
470375 71,
472064 71,
474039 66,
476103 76,
480089 76,
482010 61,
484109 72,
486058 61,
488039 67,
490366 77,
492003 68,
494010 60,
496003 77,
498128 72,
506087 78,
510141 60,
516010 71,
518003 78,
522026 77,
528003 69,
530369 74,
532007 71,
534087 62,
536003 73,
540213 67,
542144 69,
544112 65,
546045 72,
548010 76,
556003 76,
558013 70,
562010 67,
564090 62,
566132 73,
568055 63,
570249 73,
572151 64,
574221 75,
576170 78,
578051 77,
580038 60,
582103 69,
584010 75,
588016 61,
590281 73,
592103 79,
594061 74,
596045 67,
598003 69,
600296 76,
602010 69,
604055 71,
606010 60,
608003 64,
610441 74,
614007 69,
616003 65,
618071 65,
622090 65,
624080 61,
626010 69,
628010 79,
634192 76,
636125 60,
638100 64,
640340 61,
642067 64,
644029 65,
646010 66,
648023 69,
650199 76,
652170 66,
654132 71,
656026 66,
660271 64,
662151 76,
666048 68,
670137 76,
672023 65,
674176 64,
676122 75,
678010 70,
680438 68,
682013 68,
684026 75,
686003 73,
690284 60,
692068 65,
694039 63,
696125 63,
698154 63,
700265 79,
702138 77,
704010 78,
706010 74,
708262 63,
710308 71,
714051 72,
716157 66,
724010 69,
726132 70,
728010 61,
730342 75,
732003 66,
734029 70,
736003 79,
738087 71,
740387 72,
742087 65,
744141 76,
748029 73,
750225 74,
752157 72,
754144 62,
756029 72,
758048 75,
762003 71,
764003 74,
766035 62,
768010 68,
770295 76,
772071 79,
774100 69,
776010 75,
778064 68,
780314 63,
782183 78,
786010 64,
788212 78,
790278 66,
796116 68,
800334 68,
802058 72,
804010 71,
806010 65,
808064 77,
810291 71,
812128 76,
816189 69,
818003 67,
820088 74,
822125 73,
824100 74,
826048 76,
828173 69,
830381 75,
832003 67,
836029 79,
838003 68,
840354 68,
842154 70,
844003 68,
846157 79,
848093 71,
850153 77,
852125 73,
854010 72,
856010 65,
858141 66,
860378 66,
862067 72,
864055 65,
868205 74,
870490 77,
872010 70,
876003 72,
878003 76,
880182 60,
886003 79,
888026 67,
892013 77,
896029 61,
900067 63,
902003 66,
904180 76,
906167 79,
908074 79,
910357 79,
912080 79,
914045 76,
916045 72,
918003 61,
922013 78,
924026 65,
928103 69,
930096 75,
932084 66,
934003 60,
938010 77,
940201 70,
946010 68,
948138 70,
950538 69,
952170 73,
954167 75,
958061 68,
960200 68,
962096 77,
964019 65,
966023 75,
968064 75,
972093 69,
974100 61,
976189 79,
978093 60,
980154 71,
982100 74,
986003 66,
988003 77,
990111 60,
994003 71,
996164 78,
998023 69,
1000025 78,
1002064 63,
1006116 65,
1008032 65,
1010522 76,
1014132 65,
1018023 79,
1020288 78,
1022003 71,
1024141 72,
1026003 63,
1028112 61,
1030246 64,
1032010 78,
1038010 64,
1040456 67,
1044036 62,
1046003 65,
1050227 77,
1052154 60,
1054010 76,
1056023 76,
1058045 67,
1062032 74,
1068112 78,
1072016 79,
1076064 79,
1078125 78,
1080281 73,
1082164 68,
1084151 78,
1086132 74,
1088125 71,
1092048 71,
1094080 77,
1096003 75,
1098010 72,
1106023 61,
1108042 65,
1110152 65,
1112029 77,
1114087 62,
1116103 74,
1118003 72,
1120252 63,
1122090 63,
1124003 70,
1126048 76,
1128087 73,
1132125 65,
1134074 71,
1136180 77,
1142010 70,
1144228 61,
1146029 63,
1148173 73,
1150323 77,
1152010 77,
1154154 74,
1156055 74,
1158010 69,
1160206 77,
1162007 64,
1164132 74,
1166003 66,
1168160 78,
1170186 67,
1172010 76,
1174058 60,
1176055 68,
1180128 78,
1182003 63,
1184010 64,
1186051 71,
1188023 65,
1190189 79,
1194119 68,
1196093 72,
1198205 64,
1200265 72,
1202003 62,
1204122 68,
1208189 68,
1210300 77,
1214010 66,
1220260 64,
1222007 79,
1224125 64,
1230255 66,
1232212 79,
1234029 73,
1238132 79,
1240352 66,
1242135 64,
1244048 60,
1246061 75,
1248087 64,
1250204 76,
1252170 69,
1254032 61,
1256074 75,
1260250 79,
1262112 71,
1264003 72,
1266157 72,
1268090 75,
1270233 74,
1272164 76,
1274058 74,
1276074 78,
1278154 64,
1280218 67,
1282087 63,
1284148 78,
1286048 73,
1288064 63,
1290349 73,
1292119 74,
1294003 65,
1296029 64,
1298010 76,
1300118 69,
1302048 69,
1304128 66,
1306109 67,
1308167 69,
1310383 64,
1312109 72,
1314010 66,
1316125 62,
1318176 70,
1322003 60,
1324010 61,
1332003 70,
1344154 75,
1346003 73,
1348010 71,
1350216 63,
1352045 74,
1356010 75,
1358010 71,
1360355 78,
1366029 76,
1368029 61,
1370314 69,
1372199 73,
1374010 63,
1376003 64,
1378003 68,
1380172 66,
1382125 71,
1384003 63,
1386160 76,
1388208 79,
1390092 76,
1392003 70,
1394026 72,
1396106 77,
1398090 75,
1400463 74,
1402048 67,
1404093 68,
1406042 75,
1408003 77,
1410246 76,
1412144 61,
1414048 73,
1416064 65,
1418003 67,
1424003 62,
1426026 70,
1428100 60,
1430316 78,
1432010 76,
1434106 79,
1436003 72,
1438003 66,
1440451 71,
1442055 64,
1444003 61,
1446010 78,
1450331 72,
1452003 67,
1454003 74,
1458003 68,
1460196 78,
1462077 66,
1464148 74,
1468010 62,
1470228 71,
1472003 72,
1476234 72,
1478116 60,
1480256 67,
1482010 65,
1488109 64,
1490077 65,
1492003 71,
1494061 62,
1496135 60,
1498003 79,
1500124 70,
1502103 67,
1504148 72,
1506003 68,
1508010 74,
1510253 78,
1512010 68,
1514003 78,
1516029 62,
1518100 69,
1520232 74,
1522003 77,
1524048 76,
1526061 76,
1532032 64,
1534103 68,
1538154 78,
1540281 60,
1544029 71,
1548039 69,
1550431 75,
1552132 71,
1554080 63,
1556071 69,
1560351 67,
1562157 61,
1564055 62,
1566003 65,
1568039 68,
1570286 71,
1572045 75,
1574010 66,
1576061 73,
1578096 73,
1580300 64,
1582052 69,
1584157 60,
1586080 61,
1588125 60,
1590358 71,
1592112 62,
1594010 60,
1596058 68,
1598029 76,
1600346 65,
1602003 67,
1604003 67,
1606154 75,
1608048 61,
1610396 76,
1612042 76,
1614045 63,
1618029 76,
1620243 73,
1626048 78,
1630268 77,
1632183 67,
1636048 66,
1640519 64,
1642003 64,
1644048 60,
1646064 61,
1648064 71,
1652189 68,
1654212 74,
1656052 65,
1658048 74,
1662122 70,
1664042 73,
1666010 79,
1668090 63,
1670344 73,
1676013 61,
1680320 74,
1682055 73,
1684103 72,
1686003 78,
1688122 77,
1690199 72,
1692125 61,
1694157 61,
1696128 68,
1698003 67,
1700412 63,
1702019 78,
1704067 70,
1706058 74,
1708061 74,
1710071 60,
1712029 79,
1714164 76,
1716084 64,
1718003 68,
1720303 73,
1722084 77,
1724055 66,
1726003 65,
1728003 62,
1730332 67,
1732016 75,
1734003 74,
1736154 70,
1738029 60,
1740136 69,
1744010 64,
1746048 61,
1748003 63,
1750140 69,
1752003 65,
1754116 74,
1756003 77,
1758039 74,
1760310 61,
1762010 72,
1764080 73,
1766151 66,
1768080 67,
1770044 63,
1772003 68,
1774039 77,
1776029 60,
1778119 77,
1782148 65,
1784093 68,
1790280 61,
1792122 73,
1794109 60,
1796023 68,
