85946 3781
95631 3793
105860 3803
110952 3894
121866 3718
125781 3751
131829 3713
135319 3808
151596 3765
160833 3732
165548 3789
175835 3898
181346 3892
185966 3764
195353 3837
202811 3859
205788 3875
215343 3791
235571 3752
241030 3834
245471 3879
255514 3882
261369 3764
265234 3839
275412 3720
281380 3875
285416 3736
301403 3760
323664 3799
337598 3798
360670 3881
365536 3827
376333 3841
382706 3882
386423 3819
405447 3880
415611 3883
421450 3743
435547 3749
471513 3891
475336 3821
480769 3719
491228 3704
495208 3884
501414 3700
505648 3705
515246 3875
525391 3825
535584 3836
540992 3877
545975 3765
550672 3784
555610 3700
571064 3735
575364 3860
585742 3718
591922 3867
605187 3772
611343 3846
615784 3866
625208 3814
635388 3764
645251 3892
655453 3845
665672 3753
681322 3715
685277 3737
705269 3895
711678 3852
715266 3726
720841 3752
725320 3741
730889 3758
741675 3812
745415 3783
751224 3880
761070 3897
765575 3789
771245 3862
775530 3780
781346 3755
791057 3764
795334 3892
805265 3763
821056 3875
835566 3759
841375 3893
850734 3708
861066 3792
865352 3881
870896 3893
875288 3850
885620 3854
891526 3817
895199 3728
901313 3710
905243 3709
915139 3847
941042 3859
945533 3854
951680 3796
955518 3869
960912 3718
965315 3871
970793 3740
975563 3889
985511 3871
995386 3704
1001084 3760
1005187 3888
1015566 3823
1021239 3754
1030701 3776
1035438 3813
1045437 3899
1050769 3759
1060908 3753
1065194 3866
1071843 3799
1080678 3751
1091182 3780
1095413 3821
1101287 3734
1115631 3708
1125549 3731
1141294 3851
1145154 3864
1161887 3703
1165484 3792
1170988 3747
1175267 3871
1191279 3804
1195556 3839
1201085 3769
1205285 3745
1225392 3741
1240745 3867
1245457 3713
1251304 3756
1255319 3788
1261157 3832
1265419 3807
1270794 3875
1275513 3842
1285233 3706
1295527 3827
1300974 3759
1305582 3888
1311573 3795
1315544 3779
1320830 3870
1325463 3847
1331048 3759
1351016 3715
1355110 3736
1371160 3733
1375244 3757
1380814 3780
1391299 3807
1395202 3842
1405375 3884
1411449 3878
1420904 3879
1431468 3732
1435192 3806
1440924 3854
1450885 3707
1455325 3706
1461054 3770
1465272 3814
1470818 3855
1475536 3812
1481101 3747
1491587 3898
1495599 3896
1501097 3852
1505571 3894
1515204 3735
1525639 3898
1530655 3870
1535237 3796
1551016 3899
1555462 3891
1561150 3840
1565343 3811
1585384 3707
1601262 3828
1605405 3724
1611049 3746
1621231 3771
1625604 3835
1630819 3720
1635558 3793
1641397 3755
1645598 3788
1651010 3704
1655282 3829
1660990 3745
1665542 3861
1671549 3887
1675212 3876
1680911 3851
1685390 3776
1690962 3748
1695181 3720
1705526 3842
1715284 3709
1725501 3805
1741426 3708
1750990 3762
1761722 3860
1765495 3711
1781181 3809
1785687 3713
