84563 73,
86946 60,
88258 64,
91993 78,
93705 65,
94910 75,
97401 68,
98721 65,
104486 61,
107501 77,
108436 74,
112977 63,
116932 65,
123803 76,
124389 65,
126836 72,
129115 78,
133263 74,
134563 65,
136992 78,
138319 61,
142308 62,
143431 79,
146209 69,
148788 60,
151568 78,
152585 79,
154208 79,
161342 60,
164635 61,
166282 75,
173565 74,
176895 72,
178707 76,
182627 65,
184170 65,
188663 75,
191118 72,
196600 72,
203698 72,
205255 60,
206750 68,
208867 71,
211183 69,
214386 71,
216633 60,
226311 73,
228546 72,
232373 75,
234877 79,
236343 66,
241541 67,
243010 62,
244269 61,
246221 65,
248419 66,
251505 74,
252558 62,
254583 60,
258468 66,
262440 79,
271470 69,
272382 70,
274441 61,
276425 64,
281224 61,
284739 76,
286372 78,
288461 74,
291470 68,
292795 60,
294422 79,
296589 65,
298333 75,
301539 74,
302215 73,
306509 69,
311193 72,
312333 76,
314458 70,
316375 67,
325825 77,
327197 67,
332826 75,
336456 68,
340213 78,
342211 62,
344919 60,
348456 62,
353082 74,
355104 66,
362483 76,
364722 79,
368671 66,
374153 61,
376839 66,
384338 63,
385574 74,
386910 72,
388742 65,
393034 73,
394547 60,
396649 68,
398575 67,
400989 67,
416872 73,
418635 65,
421925 63,
426829 62,
428593 65,
431366 76,
432343 62,
434667 65,
436429 79,
441936 75,
442849 71,
444741 77,
448353 60,
451987 60,
452931 72,
454539 62,
456286 73,
458353 74,
462089 62,
472907 70,
474749 75,
476407 76,
480946 62,
484783 68,
491337 77,
492317 78,
494152 79,
496441 61,
498980 74,
506226 60,
511112 70,
512767 67,
514680 66,
517069 65,
518484 66,
521323 63,
522574 73,
524518 73,
526794 61,
528224 79,
531309 65,
536328 73,
541272 68,
542298 61,
544392 68,
548283 72,
551404 72,
554767 66,
561479 76,
566546 70,
568434 72,
574458 61,
576677 66,
578623 61,
584429 79,
586540 72,
588182 66,
593026 67,
594394 68,
596214 67,
598702 74,
601211 79,
602102 66,
604525 69,
606583 68,
608293 66,
611185 74,
614750 71,
616517 72,
621872 72,
622854 71,
628336 72,
631390 69,
632628 64,
634544 71,
636473 70,
638323 74,
642607 79,
644390 68,
646669 78,
648430 65,
651634 78,
652127 77,
654464 79,
658232 73,
661422 67,
662450 68,
664428 64,
666425 74,
668493 71,
671699 69,
674327 64,
678600 74,
681869 62,
683005 77,
684483 60,
686546 74,
696533 61,
698472 75,
701362 69,
702182 66,
704178 61,
706453 74,
708722 72,
711671 76,
714276 78,
721137 62,
722107 74,
724264 75,
726755 61,
728268 68,
732339 63,
734604 61,
736433 70,
738451 79,
742854 68,
748417 65,
751508 70,
752665 64,
754463 63,
756548 77,
758648 78,
762354 62,
764380 62,
766295 70,
771659 62,
772747 67,
774417 79,
778753 70,
781644 73,
782571 63,
784533 62,
786259 76,
788645 61,
791927 66,
792489 77,
794410 75,
796065 76,
798610 66,
801455 73,
802745 62,
804482 65,
806434 68,
808221 64,
811384 73,
814327 65,
816570 64,
818847 72,
821148 74,
822608 68,
828573 65,
831684 62,
832679 62,
834526 78,
836564 61,
841352 65,
842299 68,
844734 73,
846257 65,
848643 75,
851065 69,
852312 71,
854276 66,
856744 62,
858356 60,
864209 61,
866517 63,
868474 63,
871128 69,
872442 63,
874346 78,
876355 69,
878235 69,
882366 66,
886275 77,
891418 60,
892790 71,
894199 78,
896557 63,
898217 64,
901137 72,
902295 63,
906302 70,
908374 72,
911092 62,
916483 60,
921903 73,
928219 70,
931485 76,
932511 78,
934551 70,
938447 73,
942285 77,
946291 72,
948220 79,
952684 72,
954603 64,
956420 75,
958242 72,
960583 66,
966417 68,
971184 68,
972565 65,
976423 65,
984627 64,
988259 69,
991592 67,
992552 65,
994236 70,
998318 66,
1001467 62,
1002560 71,
1004279 69,
1006481 69,
1011710 64,
1012912 68,
1014388 72,
1021515 70,
1024237 67,
1028210 66,
1031381 75,
1032372 67,
1036506 77,
1038585 64,
1042914 72,
1044620 67,
1051591 75,
1061645 69,
1066497 74,
1071696 75,
1072708 70,
1074457 72,
1081119 78,
1082018 67,
1086296 74,
1088765 66,
1092415 64,
1094314 75,
1096347 68,
1102309 60,
1103444 78,
1104506 74,
1108447 73,
1111505 61,
1112341 79,
1114301 67,
1116219 76,
1118224 62,
1121439 60,
1122404 60,
1124209 77,
1126282 62,
1134438 72,
1136275 78,
1138335 65,
1146681 61,
1151130 60,
1158309 75,
1161473 75,
1164322 62,
1166174 74,
1171581 71,
1172592 70,
1174679 69,
1178211 73,
1181432 75,
1182342 75,
1184544 62,
1186416 74,
1188384 61,
1191702 62,
1192682 69,
1196300 75,
1206361 74,
1208237 64,
1211558 79,
1212310 64,
1214502 74,
1216301 73,
1218323 72,
1222212 71,
1231130 69,
1232676 64,
1234198 79,
1236491 70,
1238601 67,
1242522 63,
1244419 76,
1248591 78,
1251366 60,
1252605 77,
1256223 77,
1258703 74,
1261607 68,
1262616 62,
1264572 77,
1266512 79,
1271237 78,
1274482 69,
1276533 61,
1278406 68,
1281781 72,
1282702 65,
1284338 73,
1288168 70,
1296369 71,
1302766 77,
1306284 71,
1311054 68,
1316551 68,
1318190 64,
1322273 76,
1324124 64,
1326293 61,
1328395 77,
1331206 79,
1332495 66,
1334556 75,
1336639 76,
1338233 79,
1341859 69,
1342850 62,
1344780 77,
1346413 65,
1348466 67,
1351516 77,
1352161 73,
1354407 67,
1356318 75,
1358071 66,
1361185 72,
1364525 70,
1368269 76,
1374274 78,
1378419 66,
1382391 71,
1384396 66,
1391560 70,
1394544 63,
1396246 70,
1398341 65,
1401579 62,
1402454 73,
1404206 69,
1406370 76,
1408169 73,
1411533 60,
1416228 79,
1421306 66,
1422524 79,
1424411 73,
1426336 74,
1428362 65,
1434517 70,
1436221 70,
1438677 61,
1441406 74,
1442519 61,
1444633 60,
1446737 74,
1448286 62,
1450952 79,
1452376 66,
1456265 70,
1458599 73,
1466455 60,
1468575 72,
1471322 79,
1472444 74,
1474566 77,
1476370 69,
1481399 76,
1484522 64,
1491768 68,
1494230 76,
1496474 71,
1498406 65,
1501182 71,
1502419 62,
1504434 62,
1506483 71,
1508327 63,
1512663 72,
1514454 60,
1516574 75,
1518621 62,
1521513 78,
1522908 72,
1524438 62,
1531324 73,
1534474 64,
1536338 61,
1538223 76,
1542223 72,
1544722 63,
1546478 68,
1551619 77,
1556516 64,
1558656 78,
1562244 69,
1564391 66,
1574396 64,
1578557 60,
1581745 71,
1584706 72,
1588196 65,
1590609 75,
1592299 75,
1596442 64,
1606075 66,
1611270 68,
1614517 73,
1616064 72,
1618504 74,
1624027 69,
1626267 68,
1628202 64,
1631535 73,
1634199 74,
1638303 71,
1644410 71,
1646289 64,
1648573 65,
1651569 70,
1656474 66,
1658247 70,
1661156 67,
1662324 64,
1664437 72,
1666536 61,
1668246 70,
1672556 61,
1678502 62,
1682487 61,
1686672 79,
1688682 70,
1692424 68,
1694511 75,
1698352 70,
1701803 79,
1704290 65,
1711214 79,
1712393 71,
1716421 69,
1718460 71,
1721714 60,
1728631 66,
1732776 68,
1736263 66,
1741147 69,
1746306 63,
1748750 79,
1752419 77,
1756271 75,
1763110 77,
1764447 66,
1766304 63,
1768242 62,
1772778 72,
1774338 72,
1776652 67,
1778350 77,
1782439 63,
1784439 70,
1786636 73,
1788447 67,
1791917 60,
1792590 74,
1794459 73,
1798304 77,
