85998 3815
101117 3874
112550 3700
115862 3738
125591 3891
131174 3712
135294 3745
142215 3779
145616 3883
151123 3710
155885 3877
160963 3710
175895 3839
191426 3808
202992 3886
205887 3705
211108 3706
215663 3795
221594 3836
270887 3752
275381 3768
281139 3860
285314 3787
291331 3862
301094 3725
305618 3808
311097 3783
328551 3892
337412 3745
341474 3841
345976 3840
353512 3830
356663 3769
361480 3834
375770 3811
381543 3864
395587 3784
405471 3846
412407 3848
415716 3703
425179 3826
430847 3785
441254 3853
445322 3830
480608 3824
485710 3758
490957 3815
495496 3880
501511 3841
505595 3854
511151 3758
521301 3879
525588 3834
532397 3822
540730 3736
545434 3785
555267 3773
561241 3867
565363 3748
571257 3735
575534 3814
591661 3899
595482 3703
605357 3866
621623 3885
631186 3853
645572 3853
651313 3755
661046 3726
675608 3887
685354 3720
690879 3826
695563 3896
711710 3829
715446 3882
730656 3774
735229 3854
751210 3707
755380 3782
761031 3806
775616 3870
781073 3833
785228 3875
790675 3789
795236 3854
801306 3791
805333 3772
815562 3702
831058 3793
835254 3723
850602 3881
861609 3821
865509 3780
870916 3778
875621 3818
880729 3845
885297 3882
891450 3728
895240 3889
900720 3711
905678 3797
915265 3833
925450 3873
935188 3880
955826 3717
960916 3887
965281 3722
970902 3854
975537 3730
985676 3881
1005199 3896
1020965 3817
1025327 3871
1030809 3834
1035274 3781
1041804 3891
1051223 3774
1055429 3836
1061168 3718
1085436 3857
1095550 3829
1110756 3774
1115577 3782
1120912 3883
1131423 3802
1135380 3792
1145180 3842
1155374 3823
1161428 3837
1165222 3771
1175456 3789
1181207 3844
1185329 3873
1195518 3795
1205252 3826
1210817 3759
1215617 3843
1221666 3810
1225567 3806
1235507 3799
1240966 3726
1245642 3897
1261345 3710
1270550 3807
1275608 3842
1281422 3735
1285511 3785
1295424 3746
1301034 3875
1311444 3749
1315591 3780
1325484 3863
1330812 3818
1335500 3783
1341835 3823
1345177 3759
1351027 3765
1360913 3895
1365254 3832
1371209 3763
1375382 3843
1381437 3807
1385411 3794
1390877 3822
1395280 3845
1401545 3811
1415343 3732
1425469 3778
1431103 3788
1445254 3753
1450794 3799
1461484 3706
1465677 3893
1470978 3876
1475568 3701
1485441 3855
1491604 3743
1495613 3772
1501101 3847
1505771 3773
1510674 3762
1515465 3828
1525397 3883
1530912 3733
1535178 3840
1541040 3823
1545329 3857
1551313 3730
1555344 3862
1565450 3871
1570885 3786
1581522 3839
1585421 3734
1590573 3803
1615397 3760
1630911 3895
1635385 3745
1641152 3719
1645448 3850
1650861 3801
1655373 3782
1665450 3741
1671115 3787
1675364 3724
1685376 3740
1695757 3701
1701119 3801
1705458 3731
1710859 3828
1715227 3772
1721007 3844
1725308 3831
1741180 3779
1755472 3724
1765475 3750
1780890 3890
1785623 3789
1795345 3752
