85003 3821
90219 3707
95010 3722
100102 3839
105032 3804
115055 3708
120145 3823
125010 3854
130202 3857
135093 3790
140115 3878
150408 3855
155019 3749
160228 3827
165003 3740
170400 3853
180123 3736
185119 3884
195122 3719
200230 3833
205144 3757
210196 3748
215138 3894
220069 3832
225112 3831
230214 3777
235058 3824
240021 3766
245051 3865
260121 3822
265010 3716
270198 3846
275006 3816
285010 3862
295215 3877
300113 3836
305022 3831
310212 3752
320354 3866
325045 3886
330049 3852
335055 3770
365045 3839
370222 3840
375112 3759
380300 3779
385058 3849
390203 3829
395006 3770
400300 3758
410147 3884
425042 3735
430132 3813
435093 3824
440246 3749
445080 3748
450149 3838
455064 3839
460095 3785
475010 3841
480220 3884
485006 3788
490194 3824
495132 3821
500403 3715
510257 3720
515048 3827
525116 3745
530189 3787
535045 3830
540162 3782
545006 3778
550109 3745
555090 3733
560169 3717
575022 3715
580162 3846
595170 3786
600090 3736
605083 3891
615039 3874
625099 3828
630251 3873
640239 3757
645125 3746
655067 3879
660133 3858
665071 3735
670102 3894
675087 3888
680111 3749
685010 3889
690017 3831
695010 3791
700034 3854
705003 3879
710040 3868
715026 3796
725058 3817
730078 3745
740330 3774
745138 3739
750088 3850
755154 3866
760008 3827
765077 3722
770319 3815
775010 3717
780168 3752
785080 3766
790142 3796
795032 3890
800355 3751
805199 3843
810308 3782
815080 3706
825186 3861
835010 3849
840139 3848
845022 3882
850306 3808
855010 3826
860352 3796
865048 3848
875032 3879
880107 3772
885035 3841
895100 3899
900126 3886
905061 3787
910094 3892
915189 3731
920214 3885
925119 3757
930223 3820
940038 3771
945067 3897
950082 3838
955122 3709
960350 3734
965003 3817
970054 3765
980301 3765
985096 3771
990078 3866
995010 3714
1000347 3743
1005010 3725
1010052 3719
1015010 3757
1020158 3879
1025119 3891
1030152 3876
1035093 3783
1040233 3853
1045122 3740
1050101 3889
1055051 3743
1065106 3840
1070241 3747
1075167 3876
1080156 3857
1085003 3739
1095144 3871
1100377 3803
1105167 3833
1110139 3863
1115119 3814
1125010 3779
1130259 3708
1135051 3899
1140270 3888
1145032 3819
1150200 3871
1155003 3838
1160177 3807
1165119 3721
1180148 3893
1185128 3737
1190218 3722
1195032 3892
1220291 3802
1225074 3844
1230226 3867
1235093 3893
1245090 3741
1255032 3884
1270171 3740
1275042 3867
1280339 3872
1285058 3737
1295112 3735
1305061 3884
1310285 3894
1315010 3876
1320267 3835
1325010 3723
1335003 3820
1345010 3865
1355032 3880
1365003 3732
1370124 3734
1375112 3800
1380108 3719
1385077 3830
1390066 3858
1395148 3762
1400163 3836
1405032 3705
1410229 3858
1415039 3829
1420155 3753
1425045 3872
1430387 3763
1435122 3787
1440152 3771
1445084 3725
1450095 3711
1460326 3832
1465084 3739
1475006 3846
1480170 3899
1485003 3830
1490312 3854
1495173 3776
1500361 3749
1505052 3850
1510209 3704
1515003 3790
1530188 3786
1535045 3894
1540171 3789
1545022 3803
1550297 3711
1555100 3864
1560280 3888
1575077 3826
1590213 3881
1595067 3827
1600044 3715
1605170 3828
1610303 3853
1620139 3852
1625087 3811
1630106 3895
1635055 3880
1640092 3797
1645003 3764
1650067 3806
1665122 3897
1670055 3733
1675116 3868
1680126 3812
1685119 3818
1690048 3751
1695003 3824
1700130 3748
1705003 3759
1710132 3710
1715141 3736
1720240 3817
1725003 3758
1730231 3822
1735154 3855
1740117 3709
1745144 3816
1750178 3867
1760340 3743
1765032 3776
1785010 3722
1790343 3846
1795003 3856
