83140 67,
87087 69,
89283 76,
93741 66,
95570 67,
97627 72,
99235 65,
102305 76,
103285 75,
105558 65,
107778 67,
108580 62,
113763 68,
114639 68,
115647 71,
118973 70,
123110 67,
124508 60,
127417 65,
132984 73,
133518 76,
134574 73,
137057 73,
143163 72,
143628 76,
145485 72,
148933 75,
151960 65,
157070 64,
158770 70,
161686 67,
164849 62,
168844 74,
173093 78,
173538 70,
175355 65,
176989 66,
178592 75,
182555 72,
182882 66,
184631 74,
187453 77,
188694 73,
193308 66,
197321 73,
198551 76,
203440 67,
204560 70,
205435 73,
207302 66,
208744 61,
211654 78,
212757 62,
214803 64,
216859 76,
218781 71,
222878 69,
223034 69,
224339 68,
226846 69,
233722 62,
236641 61,
238580 74,
241727 71,
244830 71,
246718 60,
248724 78,
252627 63,
254511 71,
258443 70,
263082 62,
263913 70,
264764 60,
266648 66,
268662 64,
271970 62,
274613 79,
276518 61,
278617 72,
282466 76,
283062 78,
284925 71,
288715 74,
292532 71,
293058 76,
294760 76,
296967 66,
298865 71,
301713 62,
302586 65,
304697 66,
306818 75,
308658 79,
311837 74,
312644 60,
314611 75,
316852 69,
327461 77,
329388 67,
330851 77,
333953 64,
340720 60,
343278 76,
344484 75,
346651 63,
348651 74,
353840 61,
355535 76,
357768 62,
358779 73,
364795 68,
367331 72,
369136 75,
373554 64,
374596 65,
377105 65,
378598 65,
385325 77,
385813 78,
387265 60,
388915 66,
392419 61,
393093 71,
394641 74,
396641 68,
398602 60,
401871 75,
403602 61,
404415 63,
406578 76,
415453 73,
418660 78,
422240 74,
423019 73,
424813 73,
426957 67,
431718 60,
432850 68,
436903 78,
438932 76,
446781 75,
448862 61,
453439 65,
454585 65,
456631 68,
459062 60,
462836 73,
463233 66,
464777 62,
466665 69,
469047 65,
472728 67,
474832 69,
476617 75,
479039 67,
482807 78,
484567 72,
486780 77,
488782 60,
491662 63,
494593 74,
502753 66,
503257 61,
506665 70,
508888 73,
512001 63,
513288 72,
517089 71,
518683 66,
521669 61,
522612 72,
525249 66,
527005 65,
528650 66,
532846 70,
533317 69,
534642 62,
536613 73,
538746 78,
541608 73,
542675 64,
545133 64,
546642 67,
548474 64,
552743 66,
554834 68,
556596 74,
558455 63,
562919 76,
563674 60,
564748 72,
566505 71,
568807 61,
571773 64,
576706 61,
578771 68,
581529 78,
582598 64,
584583 78,
586784 68,
588400 62,
592450 74,
593278 61,
594559 62,
597018 68,
598935 65,
601749 79,
602757 68,
604635 68,
606494 72,
611600 61,
612592 75,
614877 74,
616582 73,
623101 66,
624765 78,
626889 63,
628623 65,
632938 60,
635000 76,
636455 65,
641657 65,
642596 73,
644874 68,
646700 71,
648607 72,
651726 70,
652890 65,
654579 69,
658625 68,
661825 77,
662684 61,
664562 75,
666394 71,
668585 67,
672754 75,
674846 74,
676569 60,
678611 60,
682497 62,
683054 71,
684554 78,
686610 60,
688483 63,
691901 72,
696680 64,
698679 75,
702634 64,
704548 71,
708859 66,
712337 64,
712862 68,
714628 70,
716815 62,
718865 71,
721734 77,
722731 66,
726752 61,
728490 67,
731146 76,
732518 68,
736738 75,
738698 77,
742530 67,
743294 64,
746649 63,
751709 68,
752471 78,
754614 61,
756641 69,
761711 76,
762714 73,
764716 78,
766735 70,
768578 78,
772303 66,
773138 62,
774884 66,
776619 62,
778913 75,
781902 78,
782645 61,
784523 71,
786574 78,
788573 79,
791989 67,
794801 70,
796697 79,
798723 78,
802381 65,
802985 62,
804779 66,
806642 66,
808459 77,
811681 76,
812777 72,
816796 68,
818900 75,
821556 69,
822629 62,
824590 66,
826566 68,
828651 67,
832384 71,
833002 79,
834604 69,
836537 64,
838470 60,
841704 70,
842717 66,
844557 76,
846804 72,
848707 70,
851633 64,
852805 78,
857047 77,
858699 61,
862448 76,
862970 79,
866728 72,
868413 78,
871671 66,
872597 75,
874676 75,
878637 73,
881557 68,
882615 74,
886569 61,
889095 64,
892380 69,
892798 69,
894564 72,
896489 64,
898780 75,
901587 70,
902630 65,
904645 61,
906532 69,
911629 74,
912602 78,
914522 64,
916706 61,
918849 68,
922446 66,
922940 63,
924860 62,
926492 63,
928594 74,
931997 69,
932612 71,
934683 65,
936561 63,
941744 62,
942611 67,
944714 63,
952462 65,
952897 70,
954825 70,
956480 72,
961832 63,
964718 68,
966807 70,
968626 71,
971562 75,
974785 77,
976813 71,
978672 76,
982438 70,
984751 65,
992294 61,
993272 73,
994565 69,
996733 78,
998659 61,
1001536 76,
1002586 60,
1004696 67,
1006588 70,
1012671 79,
1012956 60,
1014447 77,
1016552 77,
1018689 77,
1022744 65,
1024540 69,
1026427 77,
1028538 66,
1031607 71,
1038634 65,
1043031 69,
1044645 64,
1046529 71,
1048784 73,
1051673 79,
1052613 60,
1054483 79,
1058690 76,
1062265 62,
1062761 63,
1064758 71,
1066603 65,
1072388 76,
1072965 76,
1076562 79,
1078684 77,
1081665 65,
1082487 63,
1084636 70,
1092849 63,
1094537 66,
1096598 65,
1102833 75,
1103566 69,
1104813 67,
1106552 66,
1108575 74,
1112513 61,
1114595 77,
1116800 67,
1118667 75,
1121801 66,
1124799 79,
1126598 69,
1128650 70,
1132466 70,
1132890 73,
1134408 70,
1138587 76,
1141760 69,
1142572 60,
1144497 76,
1146822 69,
1148447 78,
1151625 60,
1152537 68,
1158472 64,
1162207 65,
1163059 71,
1164683 70,
1166787 63,
1168518 70,
1171837 63,
1172722 62,
1174784 74,
1176651 72,
1182531 75,
1184492 67,
1186508 61,
1192573 65,
1192879 67,
1194767 73,
1196535 62,
1198483 69,
1201558 65,
1202731 69,
1204608 76,
1206578 67,
1208419 72,
1211569 77,
1212534 77,
1216556 73,
1218669 74,
1223519 71,
1226663 66,
1228842 78,
1231470 75,
1232643 68,
1234630 77,
1236616 64,
1238379 63,
1241567 75,
1242614 78,
1244437 65,
1246521 77,
1248653 78,
1252256 61,
1252873 79,
1254590 66,
1256591 67,
1258732 73,
1261849 69,
1262563 78,
1264909 69,
1266676 78,
1268355 74,
1271520 64,
1272674 68,
1274592 63,
1276680 61,
1278447 65,
1282420 61,
1282920 71,
1284842 72,
1286472 69,
1288518 76,
1291371 69,
1292776 62,
1294722 66,
1296615 74,
1298562 78,
1301584 60,
1304696 63,
1306603 66,
1308588 79,
1312410 62,
1312801 69,
1314630 79,
1316852 71,
1321783 71,
1322778 61,
1324446 65,
1326563 60,
1328538 73,
1331604 70,
1332609 71,
1334829 73,
1336778 77,
1342524 61,
1351787 71,
1352245 76,
1354716 78,
1358665 67,
1362593 71,
1364623 67,
1366775 64,
1368697 65,
1372518 69,
1372884 65,
1376638 60,
1378370 64,
1381874 72,
1382744 63,
1384868 78,
1386769 77,
1388543 71,
1391647 70,
1392799 79,
1394718 75,
1396565 75,
1398766 67,
1402016 79,
1402658 79,
1404628 72,
1406692 61,
1408647 62,
1411900 62,
1416643 68,
1418827 68,
1421414 73,
1422631 78,
1424530 67,
1428572 62,
1432318 75,
1432775 63,
1434475 74,
1436749 78,
1441670 67,
1442613 65,
1444733 74,
1446933 77,
1448502 71,
1452638 67,
1454659 71,
1458693 61,
1463079 74,
1464651 78,
1466547 71,
1468729 68,
1471655 60,
1474635 71,
1476726 64,
1478508 73,
1481647 67,
1482706 72,
1486489 74,
1488630 69,
1492752 74,
1494545 79,
1496787 66,
1498641 73,
1501449 75,
1502659 62,
1504849 79,
1506772 64,
1508527 69,
1512680 70,
1514495 69,
1516729 70,
1522350 68,
1523032 69,
1524806 60,
1526520 77,
1528753 69,
1531826 77,
1534525 63,
1536724 73,
1538410 74,
1541755 68,
1542546 67,
1544586 79,
1546641 71,
1548576 62,
1552583 66,
1553048 61,
1554520 70,
1556758 67,
1558668 64,
1562651 68,
1564519 73,
1566754 61,
1568687 72,
1571481 74,
1572478 65,
1574934 76,
1576645 74,
1578722 79,
1582411 73,
1583283 76,
1584772 74,
1586550 71,
1588751 79,
1591817 70,
1592535 74,
1594667 66,
1596687 67,
1598524 72,
1602538 65,
1604630 79,
1606518 62,
1612347 69,
1612723 77,
1614614 61,
1616554 64,
1618529 63,
1621408 60,
1622658 66,
1624478 72,
1626544 63,
1628768 64,
1631654 71,
1632722 79,
1634520 76,
1636533 65,
1638661 69,
1642464 71,
1644601 66,
1646507 67,
1648796 70,
1651846 62,
1652512 64,
1658524 74,
1661705 70,
1662658 63,
1664496 67,
1666654 74,
1668665 68,
1672505 79,
1672989 64,
1674664 64,
1676628 75,
1678720 60,
1681490 68,
1682452 62,
1684683 67,
1686844 68,
1688745 70,
1691410 62,
1692508 68,
1694564 66,
1696615 77,
1698443 67,
1702812 70,
1704727 78,
1706768 61,
1708576 78,
1711608 64,
1712768 71,
1714634 73,
1716526 68,
1718703 64,
1722690 71,
1724547 75,
1726632 69,
1728639 73,
1732964 73,
1734570 65,
1736724 79,
1741755 64,
1742692 63,
1744565 67,
1746600 66,
1748809 68,
1751652 62,
1754527 60,
1756709 65,
1758601 67,
1763127 65,
1764630 72,
1766570 79,
1768589 63,
1774506 60,
1778782 78,
1782626 77,
1784515 67,
1786714 78,
1788663 78,
1792865 78,
1794699 78,
1796597 66,
1798565 75,
