86586 3807
93072 3721
96430 3803
113745 3804
116558 3725
122986 3849
125551 3799
132853 3834
152297 3854
156001 3886
161697 3898
165848 3886
176068 3792
181884 3728
186378 3729
192169 3823
195892 3747
203176 3743
211510 3774
215799 3729
222399 3802
225466 3837
233093 3799
235728 3826
241688 3852
245674 3842
255610 3767
263378 3825
271848 3822
275574 3828
281303 3898
285648 3866
292396 3854
295637 3727
301576 3870
305536 3895
311457 3789
315610 3858
324228 3809
328728 3774
334622 3804
338598 3801
343471 3854
354430 3822
356671 3839
365869 3709
376682 3728
383743 3768
386716 3793
395631 3827
402136 3892
425558 3777
431689 3771
435572 3877
446002 3799
455851 3861
465475 3777
472692 3878
475689 3795
485706 3816
491838 3785
495822 3768
502681 3761
515828 3800
526137 3803
532664 3823
535606 3868
555801 3720
563043 3803
565670 3767
571437 3887
575868 3745
581713 3857
585820 3772
592619 3802
595704 3745
601753 3791
605494 3870
611635 3800
615850 3768
622506 3820
625318 3793
635545 3880
641619 3761
651871 3840
655703 3763
661853 3850
665977 3844
675909 3875
682420 3815
685497 3848
691731 3726
695609 3726
701531 3759
705774 3777
721601 3798
725551 3804
731339 3755
735549 3727
742278 3738
745658 3835
751551 3748
761513 3750
765558 3859
781820 3808
791779 3855
795543 3873
801936 3834
805449 3829
811627 3883
815683 3750
835604 3716
841588 3885
845664 3726
851650 3884
855618 3860
862440 3806
865620 3775
875675 3870
885742 3881
895746 3886
901658 3856
905617 3727
911484 3807
922491 3730
935659 3752
941724 3709
945924 3897
955748 3707
961732 3766
971295 3760
985713 3713
992325 3718
1001905 3709
1005613 3751
1012609 3865
1015479 3771
1025937 3737
1031308 3796
1035506 3815
1045811 3792
1055779 3851
1061888 3801
1072509 3891
1081412 3791
1085603 3792
1102969 3898
1105717 3710
1115854 3881
1125706 3715
1135554 3729
1141818 3836
1155644 3769
1165730 3827
1171673 3777
1175657 3851
1181699 3868
1195605 3854
1205583 3849
1211664 3735
1215730 3749
1222410 3758
1225559 3729
1235659 3830
1245761 3780
1255593 3746
1261778 3869
1265328 3795
1271438 3895
1275582 3733
1282564 3722
1285503 3760
1295621 3774
1301428 3899
1312430 3886
1315809 3785
1321710 3847
1331510 3883
1335487 3891
1345470 3800
1355684 3728
1361563 3825
1365764 3755
1375633 3760
1385679 3848
1395578 3802
1401814 3775
1405633 3714
1411692 3743
1421664 3741
1431929 3822
1435514 3700
1441690 3858
1445682 3808
1455582 3863
1465691 3841
1475724 3885
1481751 3744
1492204 3812
1501285 3785
1505633 3766
1515563 3826
1531449 3899
1555571 3732
1561700 3865
1565624 3834
1571804 3886
1575543 3747
1582324 3708
1585602 3789
1591634 3778
1601815 3891
1605583 3862
1611810 3715
1615277 3866
1621666 3841
1625635 3819
1635647 3873
1642489 3816
1645455 3758
1651896 3844
1655435 3756
1661666 3838
1671747 3899
1675585 3768
1681660 3842
1685646 3782
1691376 3760
1695843 3824
1702376 3788
1711483 3838
1715498 3717
1721692 3701
1725425 3853
1732422 3751
1735563 3873
1741685 3707
1745604 3864
1755554 3782
1762328 3760
1765582 3757
1771987 3786
1775611 3822
1781926 3788
1785718 3895
1792287 3869
1795644 3718
