83359 66,
85531 60,
87000 61,
88963 67,
92900 64,
93772 62,
95597 68,
99327 65,
103293 68,
105562 77,
108479 78,
113969 77,
114646 78,
115629 74,
117094 72,
119058 71,
123152 73,
123850 67,
124624 76,
127210 63,
133501 60,
134533 79,
136920 67,
145478 77,
146799 65,
148875 66,
152246 69,
153058 65,
155298 70,
156912 66,
158765 76,
161759 60,
164857 66,
167020 72,
168855 60,
173435 63,
174778 71,
178721 65,
183289 68,
184604 62,
188674 69,
192430 62,
204586 66,
211622 70,
212813 69,
214740 73,
222714 60,
223329 64,
224436 79,
226748 67,
228736 62,
233684 75,
236672 75,
238517 77,
241744 71,
243032 73,
244886 75,
246745 62,
248706 74,
251771 71,
252610 69,
254533 68,
256684 74,
259013 71,
263070 70,
264858 62,
266923 71,
268634 69,
272744 69,
274640 68,
276746 61,
278535 66,
282435 68,
283041 78,
284856 76,
286528 62,
288678 60,
293113 75,
294705 64,
298824 76,
302527 74,
304707 70,
306842 61,
312534 76,
314669 62,
316707 69,
326309 62,
327890 71,
329344 74,
330943 76,
336000 64,
343498 63,
344575 66,
345367 63,
346655 72,
354607 72,
355523 70,
356487 63,
358047 68,
358805 79,
364696 74,
367292 60,
373286 67,
374592 71,
378623 68,
383510 72,
385913 61,
387284 67,
388738 66,
393062 75,
394677 69,
396637 79,
398467 68,
401826 69,
403645 66,
404475 77,
406613 73,
408800 78,
413156 73,
413769 76,
415496 77,
417169 72,
418503 60,
422356 61,
422984 74,
424772 66,
426984 73,
428905 77,
431762 64,
432917 66,
434861 79,
436848 60,
438999 68,
442370 76,
442959 79,
444589 74,
446573 60,
449040 76,
452840 78,
453434 78,
454719 70,
458722 74,
462787 65,
463238 65,
464753 70,
466686 69,
469052 60,
473451 64,
474840 63,
478729 69,
482770 77,
486679 67,
488758 62,
491713 65,
494579 64,
496743 62,
502880 77,
503282 63,
505268 76,
506616 74,
512293 62,
513224 70,
514740 68,
521625 65,
525321 68,
526993 63,
533024 77,
533405 64,
534647 61,
536417 69,
538717 69,
541581 75,
542691 69,
544921 66,
546817 62,
548509 69,
551527 69,
554817 63,
556736 79,
558441 69,
564677 75,
568824 66,
571756 66,
572911 62,
574511 70,
578631 64,
581642 75,
582590 67,
584572 79,
586622 61,
588449 60,
592550 71,
593261 74,
597045 77,
598947 63,
601711 76,
602734 62,
604649 67,
606658 79,
611617 73,
612542 65,
618745 70,
622414 65,
623121 65,
624799 74,
626844 79,
631847 71,
632597 60,
638743 67,
641715 61,
642585 77,
644903 76,
646774 73,
651988 63,
652900 66,
654673 61,
661748 76,
662661 70,
664613 79,
666620 78,
668607 76,
672495 62,
673047 78,
674905 79,
676516 68,
678804 68,
682566 77,
683124 65,
684626 71,
686573 64,
688466 65,
691884 75,
694671 71,
696684 71,
698706 63,
701623 79,
702661 74,
704556 79,
706620 67,
712306 70,
712848 72,
714576 63,
717009 67,
718774 64,
721778 66,
722723 60,
731288 72,
734521 63,
736683 73,
738719 71,
742865 65,
744583 77,
746606 64,
748664 71,
751656 79,
752915 60,
756603 68,
758781 66,
761643 70,
766571 76,
768589 70,
773111 71,
774866 69,
776658 73,
781925 73,
782635 73,
784477 76,
788609 61,
794751 73,
796724 69,
798569 62,
802495 71,
802960 75,
804803 71,
806442 60,
808508 74,
811701 75,
812845 76,
816800 76,
821590 63,
822684 77,
824382 70,
828709 75,
832409 77,
833041 79,
834563 77,
836613 67,
838353 72,
841768 77,
842722 61,
844664 67,
846678 62,
848787 66,
851535 67,
858655 68,
862588 69,
862928 63,
864332 60,
866618 63,
868561 71,
871595 63,
872608 69,
874687 65,
876680 79,
881646 76,
882513 70,
884532 75,
892449 77,
892595 63,
896632 72,
898572 63,
901566 77,
904479 68,
906696 75,
908305 60,
914704 73,
916726 70,
918854 72,
922453 60,
922922 78,
924734 71,
926709 72,
928590 66,
931668 77,
932608 66,
934540 76,
936653 79,
938472 64,
941813 68,
942645 79,
946475 70,
948463 60,
952859 72,
956449 70,
958773 63,
961879 77,
962653 69,
964746 67,
966773 61,
968665 60,
971640 66,
972648 77,
974771 76,
976490 78,
978661 78,
982686 74,
983286 61,
984691 78,
986646 68,
988660 72,
992382 60,
993261 70,
994582 64,
996628 64,
998648 71,
1001864 65,
1002610 60,
1008627 78,
1012696 71,
1014609 68,
1018731 63,
1021865 79,
1022620 61,
1024504 66,
1026420 78,
1031590 60,
1032619 69,
1034708 64,
1036717 65,
1038451 73,
1042688 69,
1043000 65,
1048844 71,
1051700 69,
1054330 69,
1062261 60,
1062778 65,
1064804 62,
1066567 62,
1068684 70,
1072605 70,
1074564 66,
1076583 71,
1078632 75,
1081602 65,
1082434 71,
1084597 68,
1086317 72,
1088537 73,
1091798 78,
1094650 73,
1096615 67,
1098507 76,
1102973 71,
1103604 79,
1104830 62,
1106673 67,
1108652 62,
1111771 62,
1112435 67,
1114519 60,
1116836 79,
1121774 60,
1126646 64,
1128522 77,
1132494 60,
1132886 61,
1134469 74,
1136541 68,
1138584 69,
1142586 68,
1148617 78,
1151525 69,
1152541 66,
1156538 70,
1158516 71,
1162618 64,
1163073 65,
1164659 71,
1168586 64,
1171741 75,
1172649 65,
1174767 73,
1176662 61,
1178389 71,
1181685 74,
1182568 71,
1184706 77,
1186546 79,
1192425 68,
1192852 65,
1194772 74,
1196498 62,
1198632 63,
1201584 73,
1204591 64,
1206493 72,
1208365 68,
1211652 79,
1212620 74,
1216613 63,
1218607 65,
1222808 60,
1223319 74,
1224604 79,
1226608 70,
1232668 72,
1234644 65,
1236503 69,
1238672 70,
1242622 69,
1244467 67,
1246640 64,
1248547 66,
1252266 75,
1252771 69,
1254570 79,
1256617 75,
1258585 71,
1261728 73,
1262370 70,
1266693 60,
1271598 70,
1272561 63,
1274558 76,
1276673 63,
1278642 63,
1282595 74,
1283011 64,
1284860 67,
1291392 77,
1292834 79,
1294746 69,
1296661 60,
1298732 74,
1301471 69,
1302804 67,
1304679 61,
1306613 66,
1308635 71,
1312310 62,
1314671 65,
1316748 69,
1318566 75,
1321654 74,
1324488 73,
1326574 65,
1328480 68,
1331628 73,
1332604 71,
1334836 65,
1336736 75,
1338560 71,
1343014 77,
1346486 67,
1348593 77,
1351823 73,
1352554 73,
1354708 65,
1356534 72,
1358630 68,
1361676 77,
1364635 71,
1366802 75,
1368686 76,
1374579 78,
1376676 65,
1378593 75,
1381847 60,
1382764 60,
1386794 74,
1388478 69,
1391642 71,
1392742 65,
1394693 79,
1396621 78,
1398720 70,
1402684 77,
1408595 76,
1411782 74,
1412753 68,
1414705 78,
1416663 63,
1418738 76,
1421495 61,
1422604 75,
1424594 70,
1428547 73,
1432357 70,
1432723 61,
1434549 60,
1436714 61,
1438872 77,
1441729 73,
1442566 60,
1444697 60,
1446908 65,
1448607 70,
1452752 67,
1454667 65,
1456646 62,
1458685 63,
1462330 78,
1462838 65,
1464596 73,
1466626 79,
1468666 67,
1471638 79,
1472596 73,
1476660 77,
1478655 75,
1482619 75,
1486412 77,
1488657 74,
1491953 72,
1492731 64,
1501488 74,
1502667 64,
1504872 68,
1506737 68,
1508554 60,
1512483 69,
1514661 64,
1516741 68,
1518715 76,
1522425 64,
1523057 63,
1524785 73,
1526581 67,
1528572 66,
1534616 71,
1536575 67,
1538364 69,
1541630 61,
1544868 64,
1546673 67,
1548634 65,
1552468 64,
1553068 68,
1556636 67,
1558682 78,
1561713 68,
1562659 77,
1564474 72,
1566558 68,
1568643 68,
1571485 63,
1572509 78,
1574852 67,
1576622 66,
1582396 74,
1583201 69,
1588765 74,
1591682 75,
1592555 62,
1596483 71,
1598549 77,
1601788 75,
1602514 73,
1604688 66,
1606582 64,
1608769 78,
1612691 74,
1614582 63,
1616550 62,
1621601 76,
1622588 72,
1624616 79,
1626634 60,
1631758 70,
1632742 70,
1636577 64,
1638687 61,
1642601 61,
1642987 75,
1644567 73,
1646704 66,
1648534 78,
1651456 72,
1652667 71,
1656409 66,
1658471 79,
1661723 73,
1662723 68,
1664551 72,
1668657 79,
1672443 61,
1674701 63,
1678708 61,
1681698 62,
1682658 71,
1684656 66,
1686775 72,
1691571 78,
1692554 74,
1696655 61,
1698698 64,
1702686 61,
1704662 75,
1706634 78,
1708399 74,
1711619 62,
1712701 77,
1714631 61,
1716500 69,
1721850 71,
1722652 71,
1724478 62,
1726607 74,
1728701 68,
1732539 74,
1733067 67,
1734517 77,
1738458 78,
1741820 62,
1744377 61,
1746595 73,
1748840 75,
1751740 73,
1752744 74,
1754544 69,
1756734 60,
1758677 65,
1762759 75,
1763167 74,
1764668 71,
1766649 70,
1772227 70,
1772958 79,
1777096 63,
1778712 74,
1782109 73,
1784359 68,
1786675 62,
1788531 74,
1792390 63,
1792793 61,
1794677 70,
1796632 70,
1798572 77,
