92784 2035
113202 2097
131895 1942
151082 2025
172681 2006
181686 1970
203196 1951
211324 2083
221879 2017
232599 2037
241322 2083
263117 1967
291650 1948
300901 2060
311348 1927
333803 1956
342659 2022
371741 2008
383527 2003
412821 1925
422300 1931
452448 1919
481455 1972
491476 2067
511830 2011
532408 1991
551166 1921
561391 1906
581065 2036
592401 1995
601566 1962
611475 1911
641523 2091
651763 1914
661655 1993
671492 1997
682611 2056
691078 1953
701439 1907
721300 1900
731134 2066
741575 2088
750677 1926
771321 2035
781697 1911
821305 1975
841153 2051
862148 2024
881197 1966
892002 1965
901508 2071
911171 1942
931619 1957
941380 1938
951855 2016
961364 1974
982579 2098
991782 2071
1012359 2084
1021289 2057
1031462 1956
1051468 2096
1061092 1982
1071801 1956
1102751 1913
1111591 1995
1121532 1904
1132137 2054
1161659 2009
1181271 1931
1192372 2075
1201001 2055
1210773 1915
1231237 1981
1241325 2008
1252182 2072
1291313 2091
1301076 2086
1311917 2085
1321212 2030
1342470 1964
1371582 1990
1391398 2088
1411494 2075
1421573 1972
1431656 1976
1441279 2070
1451406 2035
1461880 1909
1471256 2039
1481283 2034
1491556 1939
1511714 1920
1531583 2069
1541185 1938
1561360 2081
1570858 1934
1601142 1973
1611544 2087
1631237 2009
1641746 2011
1661152 1997
1691341 2086
1721474 1928
1732214 2048
1751217 2029
1762426 2054
1771788 1947
1781254 1996
1791973 1987
