91896 1950
113539 1982
151895 1954
161475 1992
172900 2044
182251 2026
203381 1993
232765 1927
241621 1928
251223 1989
263026 2059
282224 1971
301602 1978
323668 2097
342867 1909
353649 1968
361888 2044
371863 1990
383346 2024
392335 2097
431174 1974
441895 2002
452550 2046
462652 2008
481348 1929
511871 1961
521618 1914
532791 1910
541502 1932
551021 1960
562877 1912
571701 1969
581372 1977
592369 2082
611134 1915
641442 2026
651651 1945
671950 2046
691821 1924
700924 1969
721507 2012
731014 1977
771964 1911
781616 1911
791805 1969
832359 1957
862408 1967
871591 1974
892198 1944
901354 2097
922384 2038
931704 2047
952373 2094
981953 2057
991883 1932
1001373 1930
1021452 2027
1031312 1919
1062109 1909
1072300 2082
1081610 2015
1091362 1982
1102581 1939
1111696 2040
1121698 1910
1132196 1940
1141637 1946
1171768 2010
1192432 2065
1211412 1965
1222675 2031
1241476 2004
1261509 2082
1271038 1955
1282362 2047
1291266 2084
1301495 2047
1342395 1951
1351080 1937
1361425 2063
1372500 1989
1381766 1910
1391232 1963
1401862 1999
1411824 2002
1421289 2023
1431979 2031
1451229 1993
1462344 1979
1471518 2064
1481505 1937
1491980 1915
1511410 1999
1522179 1983
1561414 1957
1571272 2046
1582375 2055
1601657 1932
1612013 1934
1621315 2033
1641965 2078
1651464 1976
1661580 2090
1672467 1968
1691240 1985
1702000 2033
1711338 1947
1721736 2026
1732388 2037
1762542 1996
1771224 2067
1781855 1988
1791928 1939
