92747 2005
101338 2055
132819 1944
172753 1961
181155 2081
232591 1913
281434 2026
291536 2049
301263 1914
311367 2081
342261 1934
383399 2014
391902 1998
401299 1915
412734 1910
452404 1911
472392 2010
481518 1985
511807 1960
541436 2020
551307 2081
561446 1933
581121 2055
592163 1918
611496 1994
641376 2019
651438 2000
661491 1979
671633 1997
682493 1924
701606 1944
711496 1930
721341 1943
741558 2010
771593 1997
781701 1901
791827 1967
810890 1932
832304 1988
861827 1955
871223 2010
881163 2066
891905 1903
901142 2010
941406 1968
951426 2077
961621 2004
970807 2034
991412 2028
1001617 1971
1012254 1948
1021542 2052
1031395 2062
1042556 1984
1051347 2015
1071901 2098
1111225 2079
1141574 2071
1151078 2053
1161883 2099
1171063 2043
1181234 1993
1192383 2038
1210991 2073
1222463 2097
1231216 2042
1241308 1929
1251970 2043
1261664 2019
1281812 2074
1291294 2022
1301267 1999
1311879 1946
1331245 1927
1351568 2089
1361362 2081
1371907 1909
1411261 1992
1431641 2037
1441294 2080
1451308 2020
1461828 1940
1471461 1938
1491997 2078
1501178 1922
1511656 2057
1521536 1929
1531538 2043
1541373 1933
1551991 2064
1561372 1974
1591401 2071
1611530 1915
1641704 2051
1651328 2048
1671601 2030
1732298 1929
1751309 2000
1762612 2087
1781462 1941
1791658 1907
