82042 64,
84010 73,
86016 73,
92068 62,
96016 76,
100130 64,
102003 71,
104087 66,
106096 74,
108164 75,
110411 72,
112061 71,
114026 73,
116122 65,
122023 76,
124003 63,
126003 68,
128157 64,
132010 63,
134077 72,
136023 73,
138061 78,
140334 63,
142003 69,
146010 73,
148058 77,
150246 74,
152179 69,
154067 74,
156096 71,
158096 67,
160387 76,
162019 69,
164045 79,
166035 70,
168026 75,
172019 60,
174103 71,
180297 73,
182096 68,
184003 65,
186023 63,
188003 70,
192010 70,
194003 64,
196019 62,
198067 74,
200512 60,
202090 67,
204003 77,
206119 63,
210273 72,
216167 70,
218003 70,
220227 65,
222016 63,
224010 64,
226183 78,
230336 60,
232003 77,
234019 62,
236026 68,
242029 78,
246112 73,
248074 62,
250316 69,
252122 79,
254003 69,
256023 79,
258003 63,
260308 75,
264010 64,
266003 64,
268077 74,
270128 79,
272119 64,
274003 76,
276157 77,
278026 70,
282035 79,
284077 68,
286023 78,
288093 65,
290247 69,
292039 72,
294160 70,
298196 67,
306106 69,
308010 73,
310374 77,
314048 68,
318144 60,
320480 77,
322170 79,
326023 71,
328003 61,
330361 79,
332016 62,
334058 65,
336045 66,
338196 69,
342192 79,
344058 71,
350143 72,
352144 69,
354026 62,
356154 65,
358026 61,
360348 68,
362003 68,
364183 70,
366026 69,
372151 77,
374106 69,
378087 69,
380107 65,
382093 75,
384077 68,
386058 60,
388007 77,
390298 67,
392023 60,
394100 77,
396045 67,
398026 79,
402045 66,
404039 66,
408064 62,
410375 77,
412125 62,
414064 67,
418055 62,
422071 77,
424106 76,
426071 79,
428010 65,
432116 75,
434003 70,
438068 70,
440404 76,
442090 78,
444016 77,
446122 61,
448071 74,
452045 79,
454010 62,
456202 65,
458074 68,
460326 79,
464087 66,
466148 70,
468077 78,
476090 73,
478029 69,
480192 64,
482003 74,
484138 62,
486013 72,
488026 67,
490157 67,
492010 78,
494135 60,
496003 66,
500317 64,
504064 68,
506109 63,
510310 79,
512128 75,
514048 73,
516087 74,
518180 70,
520338 72,
522010 61,
524084 68,
526279 74,
528084 65,
530324 67,
532103 78,
534138 62,
536003 63,
538007 74,
542003 77,
544106 68,
546112 66,
548160 73,
550179 74,
554183 73,
556128 77,
558029 63,
560189 69,
562048 71,
566010 66,
568023 63,
570322 60,
574010 70,
576003 77,
578042 75,
580124 70,
582084 76,
584164 77,
586029 66,
588122 69,
590298 72,
592135 73,
594051 73,
598116 61,
600248 73,
602029 69,
604141 65,
606048 71,
608173 63,
612029 71,
614122 76,
620141 61,
622029 74,
626170 75,
628051 61,
630299 78,
632106 76,
634212 67,
636071 78,
638164 69,
640315 60,
644148 62,
646029 72,
650251 63,
652048 65,
656048 77,
658067 72,
660253 65,
662122 75,
664074 74,
666154 79,
668029 73,
670297 64,
672058 78,
674125 69,
676135 72,
678128 67,
680407 63,
682013 70,
684109 67,
686074 65,
688010 65,
690045 79,
692112 62,
694023 71,
696003 75,
700368 72,
702032 77,
706067 61,
708100 75,
710274 65,
714010 65,
718003 78,
720181 79,
726077 68,
728023 66,
730310 70,
732087 63,
736003 68,
740250 61,
742112 64,
744058 66,
748010 67,
750092 65,
752116 61,
754010 76,
758003 64,
760311 79,
762010 64,
764112 66,
766003 73,
768109 79,
770239 78,
772003 77,
776074 75,
778036 61,
780280 69,
782077 68,
786132 72,
792135 64,
794003 79,
796202 62,
798003 73,
800382 76,
802051 74,
804135 71,
806048 61,
808122 75,
810220 63,
812061 74,
814035 64,
822096 74,
824029 78,
826212 75,
828148 72,
834138 63,
838173 68,
840115 68,
848003 63,
850189 74,
852045 79,
854068 69,
856010 71,
858010 65,
860468 68,
864061 63,
866023 72,
870272 70,
872003 79,
878048 75,
880281 65,
882180 79,
884010 68,
886010 66,
888125 68,
890358 74,
892071 73,
894144 77,
898003 66,
900075 67,
902135 79,
906010 73,
908093 71,
912051 72,
914128 74,
916003 70,
918218 69,
922013 73,
924015 73,
926003 72,
928010 73,
932093 79,
936029 70,
938010 60,
940181 70,
942010 78,
944090 79,
948071 75,
950260 62,
952003 73,
954067 60,
958010 72,
960270 72,
962029 66,
964003 68,
968003 71,
970345 68,
972164 60,
974112 68,
976055 64,
978103 77,
980472 64,
982051 63,
984003 79,
986026 77,
988077 75,
990261 77,
992084 65,
994010 71,
998023 67,
1000321 75,
1002116 66,
1004058 72,
1006010 61,
1008135 66,
1016077 67,
1018023 73,
1020123 73,
1022128 78,
1024039 73,
1026109 60,
1028157 67,
1032170 66,
1034106 66,
1036048 74,
1040426 65,
1042074 78,
1044003 61,
1046042 69,
1048010 74,
1050169 62,
1052055 70,
1056074 69,
1058103 62,
1062141 72,
1064003 68,
1068048 60,
1070445 66,
1072007 78,
1074141 78,
1078029 70,
1080220 61,
1084151 65,
1086003 62,
1088048 77,
1090077 74,
1092068 70,
1094138 78,
1100383 67,
1102003 73,
1106055 63,
1108010 74,
1110182 75,
1114051 72,
1116003 67,
1118048 76,
1120323 65,
1124106 62,
1126080 70,
1128186 68,
1130425 74,
1132026 64,
1134010 65,
1136112 63,
1138003 68,
1140131 69,
1142003 72,
1144077 69,
1148109 70,
1150360 69,
1152116 61,
1154035 75,
1156010 74,
1158010 69,
1160356 66,
1162109 62,
1164010 78,
1166125 74,
1168003 71,
1170309 63,
1172061 72,
1176084 75,
1178064 71,
1180386 67,
1182003 64,
1184023 61,
1186231 79,
1188010 68,
1190489 73,
1192067 64,
1194103 63,
1196003 76,
1198010 66,
1200197 75,
1204010 67,
1206058 77,
1208010 71,
1212029 60,
1214003 69,
1216135 78,
1218003 75,
1220334 68,
1222013 62,
1224010 64,
1226202 68,
1228170 60,
1230208 71,
1232109 72,
1234096 64,
1236048 66,
1238125 73,
1240186 66,
1242109 65,
1244010 62,
1250255 66,
1252128 61,
1254122 62,
1256109 77,
1258205 69,
1260333 78,
1262106 70,
1264141 65,
1268205 63,
1270259 66,
1272003 70,
1274058 72,
1276010 60,
1278109 63,
1282122 64,
1284093 79,
1288103 60,
1290454 79,
1292010 70,
1294071 73,
1296093 79,
1298100 68,
1300214 75,
1302010 73,
1304029 65,
1306128 61,
1310286 78,
1312003 69,
1314010 67,
1318029 66,
1320317 70,
1322010 67,
1326061 79,
1328100 67,
1330144 68,
1332026 69,
1336003 71,
1340314 70,
1342135 70,
1348116 68,
1350281 76,
1352109 60,
1354093 61,
1356029 78,
1358071 72,
1362010 70,
1364055 64,
1366010 73,
1368128 61,
1370412 74,
1376003 71,
1378042 75,
1380152 75,
1382061 77,
1390139 66,
1394122 61,
1396003 77,
1398051 64,
1402183 76,
1404003 69,
1406109 71,
1408106 65,
1410251 60,
1414003 65,
1420261 65,
1422035 70,
1426135 75,
1430495 69,
1432010 60,
1436029 65,
1438087 73,
1440359 60,
1442010 70,
1444003 77,
1446003 78,
1448003 72,
1450183 66,
1452176 70,
1454058 79,
1456019 79,
1460424 61,
1462013 67,
1464096 68,
1466051 62,
1468010 68,
1470118 76,
1472003 73,
1474080 68,
1476023 62,
1480323 76,
1484148 74,
1490375 69,
1492128 72,
1494003 75,
1496080 75,
1498003 75,
1500531 77,
1502003 77,
1504048 73,
1506071 72,
1508116 63,
1510253 67,
1512122 68,
1514048 66,
1516106 69,
1522090 66,
1524003 63,
1526010 73,
1528090 72,
1530326 75,
1536183 64,
1538061 61,
1540243 78,
1542167 67,
1546003 63,
1548026 64,
1550427 69,
1554003 69,
1558071 63,
1560214 73,
1562090 70,
1564010 76,
1566010 67,
1568064 69,
1572019 60,
1574003 70,
1576042 65,
1578125 61,
1580331 60,
1582122 77,
1584135 76,
1586003 65,
1592067 79,
1594003 78,
1596106 61,
1598112 73,
1602141 63,
1604157 76,
1606119 68,
1608010 75,
1610212 77,
1612154 73,
1614026 76,
1616003 65,
1618119 61,
1622029 64,
1624128 77,
1628067 68,
1630144 72,
1632010 61,
1634010 73,
1636048 75,
1638010 76,
1640296 68,
1642135 70,
1644093 71,
1646064 62,
1652055 75,
1654071 64,
1656010 77,
1658003 63,
1660300 68,
1662029 67,
1664100 79,
1668055 61,
1672010 69,
1674189 74,
1676167 62,
1678074 69,
1680326 79,
1682010 74,
1684116 62,
1686138 67,
1688010 75,
1690194 71,
1694010 76,
1696048 73,
1698010 73,
1702141 73,
1704010 77,
1706151 67,
1710185 67,
1712010 78,
1714164 66,
1716003 74,
1718003 71,
1722010 67,
1724077 79,
1728112 79,
1730325 71,
1732068 69,
1734132 63,
1736087 64,
1738048 67,
1740180 71,
1742029 72,
1744228 65,
1746010 76,
1748093 75,
1750371 69,
1752208 64,
1754087 68,
1756003 67,
1758093 71,
1760330 78,
1762128 61,
1764119 60,
1766003 75,
1768010 65,
1770349 68,
1774058 69,
1776010 64,
1780294 62,
1784010 68,
1786154 74,
1788003 67,
1790350 60,
1792023 71,
1794103 79,
1796003 70,
