82006 73,
84003 72,
88074 67,
92074 74,
94003 70,
96045 65,
100390 73,
104010 78,
106006 61,
108112 60,
110121 70,
112035 73,
114144 72,
116039 62,
118051 79,
120242 76,
122006 78,
124003 70,
126116 64,
130137 75,
132103 65,
134010 78,
136029 76,
138173 70,
140133 72,
142058 62,
144029 74,
150095 68,
152100 75,
154022 61,
156087 79,
158003 70,
160205 66,
162039 72,
164023 64,
166029 79,
168003 60,
174314 64,
178167 70,
180297 70,
184186 71,
188035 62,
190282 62,
192106 76,
196100 78,
198138 72,
200475 74,
202048 70,
204039 75,
208003 73,
210226 70,
212064 70,
214106 67,
216010 77,
218039 70,
222087 70,
224074 64,
226055 63,
228061 74,
230124 62,
234096 69,
236026 74,
238170 75,
240169 68,
242151 69,
248003 60,
250252 78,
252084 68,
256064 69,
258048 67,
260273 73,
262058 63,
266019 66,
268010 65,
270249 72,
272003 74,
274003 74,
276045 65,
278003 76,
282003 69,
284064 65,
286022 66,
288039 79,
290365 71,
292202 67,
294100 66,
296026 74,
298039 76,
300129 65,
304051 66,
306052 72,
308003 61,
310230 65,
312080 75,
314003 78,
316029 79,
318010 71,
320171 62,
322003 75,
324003 73,
326039 65,
328029 77,
330287 64,
332003 60,
334023 72,
336067 71,
338003 73,
340313 66,
342003 78,
344010 63,
346045 68,
348003 62,
354180 62,
356006 77,
358144 73,
360333 62,
362061 77,
364003 72,
366010 68,
368144 79,
372119 74,
374010 73,
378071 78,
380247 75,
382093 67,
384055 61,
386003 74,
388125 69,
390157 74,
392087 73,
394132 62,
396029 79,
398026 60,
400294 78,
402026 79,
406026 64,
408016 73,
410309 63,
412003 69,
414006 74,
416138 71,
418055 67,
422026 61,
424010 61,
426064 74,
428231 63,
432045 65,
434080 79,
436035 62,
438103 79,
440073 63,
442084 76,
444051 72,
446013 76,
448003 74,
450143 73,
452026 75,
454003 78,
456016 66,
458019 74,
460139 77,
462119 73,
464019 76,
468003 60,
470199 79,
474084 65,
476045 77,
478109 74,
480137 69,
482010 77,
484048 66,
486013 60,
490202 69,
492010 69,
494003 77,
496048 71,
500340 62,
502196 75,
504071 73,
506064 69,
508010 79,
510284 75,
512074 61,
514016 73,
518016 70,
520100 70,
522003 73,
524125 76,
526006 77,
528109 60,
534189 63,
536003 69,
540271 65,
542160 62,
544010 66,
546026 64,
548122 74,
550168 78,
552045 76,
554164 74,
556003 71,
558173 60,
560239 76,
562067 72,
564148 71,
566003 62,
568022 69,
572055 68,
574106 70,
576010 68,
580201 62,
582003 78,
584064 65,
586125 65,
588074 78,
590244 69,
592109 63,
594003 79,
596010 67,
598151 66,
600313 74,
602003 61,
604035 65,
606058 78,
608003 77,
610217 63,
612010 77,
614013 75,
616045 71,
618013 78,
620234 77,
622096 70,
624080 67,
626122 69,
628125 65,
630358 77,
632010 65,
634029 67,
636100 70,
638128 61,
640051 65,
642067 68,
644071 66,
646100 66,
648003 72,
650335 70,
652010 60,
654016 65,
656141 66,
658103 63,
662138 79,
664048 66,
668061 76,
670193 67,
674010 71,
676144 68,
678026 78,
680212 63,
682122 66,
684026 70,
686045 63,
688148 64,
690145 65,
692048 77,
696026 78,
698052 65,
700176 69,
702116 63,
704135 61,
706029 64,
708119 78,
710228 67,
712029 60,
714058 63,
716003 64,
718067 68,
720320 72,
722144 68,
724093 65,
726022 70,
728119 78,
730118 79,
732141 78,
734010 60,
736035 76,
738109 78,
740292 75,
742052 61,
744116 71,
746019 63,
748199 75,
750294 65,
752067 78,
754019 68,
756029 71,
758125 74,
760157 62,
762116 61,
764074 61,
766029 78,
768003 79,
770244 71,
772003 78,
774058 65,
776048 72,
782039 79,
784061 77,
788096 64,
790256 67,
792125 73,
796186 73,
798084 64,
800471 77,
802023 67,
804077 69,
806019 75,
808071 60,
810134 65,
812045 75,
814026 68,
816087 65,
818071 68,
820208 72,
824154 71,
826109 61,
828042 65,
830099 76,
832183 68,
834215 61,
836029 75,
838106 65,
840183 61,
842068 75,
844218 63,
846157 68,
848071 71,
850157 63,
852022 67,
854003 75,
856132 63,
858010 79,
860235 72,
862013 60,
864103 67,
866061 68,
868010 68,
872087 69,
874154 73,
876051 71,
878064 74,
880167 69,
882023 76,
884058 77,
886010 67,
888026 64,
890330 61,
894058 67,
896100 68,
898026 60,
900323 77,
902061 66,
906010 60,
908029 70,
910303 78,
912029 77,
914052 64,
916003 64,
918103 70,
920193 76,
922132 67,
924026 75,
926068 66,
928058 68,
930428 76,
932106 75,
934084 74,
936048 77,
940133 67,
944010 75,
946003 76,
948055 76,
950229 65,
952138 63,
954029 69,
956003 68,
958010 69,
960416 73,
962096 61,
964013 64,
966006 64,
968048 60,
970454 65,
972010 71,
976135 79,
980391 79,
982045 62,
984103 70,
986119 68,
990342 71,
992122 61,
994003 67,
996067 61,
998010 73,
1002006 64,
1004141 77,
1006003 71,
1008016 72,
1012119 69,
1016006 77,
1018010 75,
1020155 60,
1022067 78,
1024039 71,
1028010 79,
1030041 77,
1032029 78,
1034042 68,
1036061 70,
1038199 75,
1044022 70,
1046109 61,
1048132 75,
1050235 73,
1052019 77,
1054003 69,
1058003 64,
1060117 75,
1062006 79,
1064003 70,
1066039 60,
1068138 66,
1070178 64,
1072022 67,
1074010 79,
1076023 71,
1080157 72,
1082119 60,
1084061 76,
1086010 69,
1088064 76,
1090287 67,
1092010 76,
1094093 65,
1096029 70,
1098003 69,
1100291 61,
1102010 60,
1104029 64,
1106003 69,
1108003 71,
1110217 78,
1114035 69,
1116103 61,
1118010 79,
1120226 70,
1122048 62,
1124071 71,
1126010 77,
1128003 65,
1130473 69,
1132112 74,
1134003 72,
1136068 73,
1138208 72,
1140179 73,
1144010 76,
1146215 74,
1150368 79,
1152061 72,
1154052 75,
1156016 63,
1160172 65,
1162019 65,
1164003 70,
1168003 61,
1170169 76,
1172022 75,
1174148 66,
1176048 60,
1180201 61,
1184022 68,
1186096 78,
1190082 65,
1192157 63,
1198029 72,
1200153 65,
1204087 66,
1206119 67,
1208077 65,
1210136 70,
1212084 78,
1214199 73,
1216003 77,
1218180 60,
1220349 60,
1222192 63,
1224022 71,
1226006 70,
1228045 74,
1232055 74,
1236048 65,
1238010 60,
1240227 68,
1242048 75,
1244087 78,
1248068 72,
1250319 79,
1252013 69,
1254051 67,
1256164 74,
1258016 66,
1260262 62,
1262045 71,
1264122 69,
1270227 61,
1276132 61,
1278067 71,
1280228 79,
1282029 71,
1284003 75,
1286048 65,
1288064 72,
1294122 72,
1298003 68,
1300154 63,
1302080 79,
1304180 65,
1306003 62,
1308003 67,
1310125 60,
1314067 71,
1316003 66,
1318074 61,
1320251 65,
1326122 63,
1328010 62,
1330263 79,
1332042 60,
1334132 72,
1336003 71,
1338071 77,
1340223 60,
1342074 76,
1344090 77,
1346064 68,
1348010 75,
1350157 76,
1352052 78,
1354010 71,
1356010 66,
1358071 76,
1360241 62,
1362003 72,
1364096 78,
1366003 62,
1368218 60,
1370153 69,
1372006 63,
1376010 67,
1380303 75,
1382061 65,
1384064 70,
1386039 62,
1388010 70,
1390382 64,
1392128 71,
1394128 71,
1396010 65,
1400117 68,
1404186 64,
1408003 79,
1410189 74,
1412164 73,
1414003 71,
1416116 79,
1418058 75,
1420110 76,
1422164 74,
1424019 73,
1426026 69,
1428048 62,
1430220 62,
1432122 70,
1434010 64,
1436167 79,
1438048 78,
1440318 60,
1442084 64,
1446026 62,
1448087 78,
1450323 62,
1452132 79,
1454051 71,
1456138 60,
1458106 63,
1460399 71,
1462045 72,
1464135 66,
1466042 68,
1468132 62,
1470416 66,
1472160 75,
1474003 68,
1476022 76,
1478003 61,
1480329 71,
1482167 60,
1484071 66,
1486164 77,
1488003 79,
1490256 68,
1494010 63,
1496103 68,
1498010 77,
1500241 75,
1502010 62,
1506022 77,
1508061 60,
1510206 77,
1512112 74,
1514151 61,
1516183 72,
1520383 64,
1522045 71,
1524003 72,
1526010 78,
1528151 74,
1530294 71,
1532019 66,
1534087 76,
1536010 66,
1538080 67,
1540161 61,
1542074 72,
1544016 75,
1546003 60,
1548067 66,
1550386 78,
1552090 62,
1554048 62,
1556010 63,
1560310 60,
1562010 76,
1564061 73,
1568058 77,
1570108 78,
1572013 75,
1574003 74,
1576003 78,
1578048 75,
1580375 71,
1582032 70,
1584135 77,
1588106 68,
1590095 74,
1592048 72,
1594192 72,
1596003 62,
1598106 66,
1600364 61,
1602196 75,
1606042 72,
1608029 64,
1610141 64,
1612109 69,
1614026 61,
1616093 62,
1618148 66,
1620166 67,
1622003 69,
1624128 72,
1626096 75,
1628010 62,
1630329 64,
1632128 66,
1634048 79,
1636029 79,
1638010 73,
1640229 63,
1642010 64,
1644132 75,
1646003 75,
1648100 75,
1650181 63,
1652048 71,
1654071 67,
1656016 65,
1658122 63,
1660172 74,
1662022 64,
1664032 65,
1666003 67,
1668010 75,
1670330 69,
1674016 75,
1676061 73,
1678141 64,
1680314 68,
1682003 63,
1684128 62,
1686029 62,
1688003 60,
1690344 66,
1692010 60,
1694093 71,
1696068 76,
1700445 65,
1702055 76,
1704010 62,
1706003 79,
1708010 62,
1710331 70,
1712109 78,
1716109 77,
1718180 60,
1724010 76,
1726061 73,
1728029 73,
1730180 74,
1732135 65,
1734048 75,
1736042 64,
1738084 77,
1740256 66,
1742042 74,
1748231 68,
1750074 72,
1752010 73,
1754010 74,
1758013 68,
1760243 74,
1764067 64,
1766103 69,
1768003 61,
1770198 70,
1772010 75,
1774080 77,
1778003 66,
1780193 70,
1784026 64,
1786068 76,
1788096 79,
1790435 65,
1792010 75,
1794035 74,
1796023 60,
1798084 75,
