100218 3799
115003 3807
125010 3717
130059 3886
135058 3895
140338 3881
145151 3853
150110 3724
165055 3766
170164 3733
175010 3743
180142 3711
185077 3790
200495 3845
215093 3811
220189 3750
225148 3788
235141 3888
240044 3851
245010 3824
255093 3807
260031 3720
275022 3729
285106 3813
290456 3805
295106 3886
300193 3708
305022 3819
325067 3806
335003 3778
340209 3886
345080 3778
350353 3749
355115 3890
360251 3774
365045 3715
370143 3852
375003 3713
380456 3830
385010 3871
395112 3882
405003 3861
410386 3845
415119 3859
425003 3825
435010 3885
450225 3834
460103 3773
470297 3874
480287 3870
485022 3881
495144 3840
505003 3837
515003 3822
520224 3712
530399 3849
535010 3795
565167 3799
585051 3862
590345 3756
595003 3755
620253 3819
625003 3873
640200 3891
645157 3895
655417 3889
660334 3772
670334 3821
675003 3707
680127 3763
685103 3848
700137 3707
705083 3730
710291 3834
715010 3706
720187 3780
730200 3739
735051 3795
740467 3878
745010 3819
755010 3805
760212 3749
765045 3886
770256 3843
790063 3866
795010 3768
805067 3880
810190 3795
815003 3764
820256 3716
825051 3754
840196 3706
850310 3816
855151 3840
860275 3866
865010 3799
870164 3840
880216 3779
885019 3732
890153 3826
895032 3707
915135 3702
920364 3734
925003 3894
935003 3701
940305 3711
950350 3801
965010 3808
975141 3832
985010 3831
990338 3800
995032 3857
1015045 3853
1020264 3713
1030147 3821
1035189 3776
1040266 3755
1050235 3742
1055112 3770
1060334 3733
1065160 3825
1080152 3870
1085170 3803
1090181 3795
1095103 3871
1100370 3752
1105003 3897
1115010 3721
1125003 3757
1130333 3837
1135010 3824
1140036 3893
1145099 3878
1150136 3809
1160262 3861
1165074 3803
1170223 3855
1185071 3861
1195144 3819
1200104 3787
1225051 3749
1230177 3771
1235010 3844
1240270 3754
1245074 3841
1250172 3770
1255010 3889
1270021 3728
1275003 3727
1280222 3789
1295093 3856
1300174 3827
1310159 3747
1325192 3772
1330231 3831
1335003 3766
1345003 3711
1350231 3733
1355125 3845
1360283 3763
1365080 3807
1370550 3767
1375010 3791
1380156 3746
1385106 3704
1390177 3791
1400413 3717
1405010 3880
1415010 3739
1420123 3816
1430048 3836
1435080 3862
1440178 3807
1445010 3731
1455003 3757
1460243 3763
1465039 3793
1480289 3841
1485125 3825
1490312 3820
1495003 3709
1500299 3816
1505035 3724
1510193 3713
1525221 3854
1530264 3763
1535141 3752
1540321 3727
1545022 3742
1555176 3796
1565010 3823
1580274 3734
1590171 3835
1600044 3755
1605003 3857
1610435 3836
1625160 3835
1630227 3838
1645010 3765
1650222 3796
1655010 3899
1665087 3795
1670268 3818
1680052 3752
1685045 3753
1690017 3817
1695119 3771
1705093 3874
1710117 3792
1715093 3762
1735051 3767
1740302 3739
1745003 3821
1750219 3763
1755051 3875
1760271 3819
1765010 3736
1770081 3723
1795071 3720
