85103 3897
90195 3860
100270 3790
105087 3888
110355 3786
115010 3843
120200 3875
125010 3783
135221 3728
145138 3716
150273 3836
160209 3849
170220 3777
180173 3747
185003 3822
190149 3726
195189 3882
200156 3845
220318 3806
230219 3886
235167 3710
245103 3899
250116 3840
255099 3854
260250 3898
270120 3850
275109 3849
280159 3823
285208 3777
290241 3739
295022 3733
305035 3856
315010 3830
320281 3864
325022 3779
330244 3819
335167 3889
345115 3883
350278 3896
355176 3733
370132 3850
375003 3750
380326 3777
385160 3781
390203 3802
395128 3768
410281 3880
415135 3817
420191 3749
425048 3828
440169 3700
455170 3782
460148 3777
465010 3813
470252 3738
480241 3854
485147 3701
510126 3722
515055 3726
520135 3779
525026 3887
530465 3768
535138 3707
540267 3836
555010 3824
565196 3899
575122 3717
580161 3817
590032 3726
600171 3764
610207 3841
615061 3779
625074 3709
630133 3795
635013 3760
640216 3734
645151 3733
650155 3886
660277 3808
665010 3851
670114 3859
685058 3796
690160 3706
695003 3806
700123 3709
705067 3756
710210 3893
715026 3759
720210 3768
725115 3726
735003 3716
745010 3769
750021 3751
755064 3792
760189 3790
770203 3716
775010 3867
780269 3711
785183 3886
790157 3833
795218 3848
800276 3716
805032 3835
810213 3799
815055 3878
820056 3818
825125 3869
835176 3748
840158 3880
845119 3838
850149 3817
860018 3889
880051 3835
890227 3808
895010 3844
905109 3767
910086 3894
915010 3823
920164 3837
925170 3845
930158 3775
940209 3897
945160 3751
950137 3771
955064 3834
960230 3842
965003 3821
970273 3709
975064 3786
985160 3818
990252 3717
995003 3808
1010332 3796
1015103 3811
1020084 3849
1035071 3877
1040261 3869
1045003 3737
1050222 3870
1055100 3855
1060174 3884
1075096 3823
1080129 3779
1085208 3779
1090233 3816
1095010 3858
1100388 3814
1105045 3827
1110271 3882
1120126 3853
1125087 3836
1135032 3812
1145010 3768
1155119 3803
1175003 3769
1185167 3896
1190329 3873
1195010 3735
1200232 3861
1205051 3876
1210286 3801
1215154 3780
1220112 3860
1225003 3844
1230155 3899
1235045 3878
1240181 3817
1255080 3840
1260129 3842
1265138 3744
1275135 3750
1280494 3758
1285058 3752
1290148 3843
1300059 3881
1310371 3812
1315093 3873
1320203 3792
1325010 3738
1335032 3800
1340421 3861
1345084 3758
1355106 3835
1360351 3758
1365032 3874
1370448 3833
1375010 3831
1395074 3759
1400257 3821
1405138 3709
1415048 3838
1430237 3852
1440174 3877
1445055 3865
1475039 3764
1480252 3875
1485077 3822
1500389 3897
1505003 3713
1515010 3739
1520323 3834
1525003 3872
1530143 3795
1535077 3787
1540203 3846
1545216 3858
1555061 3769
1565148 3752
1575010 3733
1580360 3878
1585116 3822
1590068 3807
1595119 3808
1600274 3868
1610317 3802
1615003 3786
1620148 3715
1625093 3822
1630135 3847
1640339 3755
1645045 3806
1650264 3717
1655003 3890
1660177 3701
1665010 3787
1670425 3882
1675003 3738
1680405 3869
1690113 3760
1710343 3888
1725157 3746
1735103 3854
1755099 3805
1760083 3811
1765067 3776
1770161 3807
1775026 3833
1790195 3832
1795147 3774
