90698 1990
111221 1939
120932 2047
130834 2084
141214 2098
160672 1914
171160 1959
190658 2095
201474 2023
210795 2085
220458 2023
231185 1945
250407 2034
271311 1995
280619 1926
290716 2096
300501 1975
310584 1946
351952 2043
360458 1944
400797 2039
421443 2035
460843 1991
471273 2051
480481 1902
501438 2034
510837 1983
520395 2093
530902 1991
540613 2008
591593 2046
600802 2067
630499 1929
651194 1944
661066 1963
681260 2042
710903 1907
730493 1979
740980 1942
760890 1972
770861 2099
790624 2080
800617 1911
810642 2010
830860 2062
840915 1931
860843 1924
890854 1980
900440 2013
921564 2022
931080 2055
940890 1937
950965 2095
960776 1923
990940 2028
1000601 1948
1011301 1964
1030830 1930
1041312 1902
1050454 2004
1060661 1900
1080592 2020
1091013 1968
1100989 2094
1120785 1936
1140469 1991
1150650 2016
1190922 1970
1211143 1933
1221255 2077
1250678 1964
1260457 1992
1281144 2097
1311363 1994
1330982 1986
1350812 2061
1361047 1976
1390817 1986
1410853 2072
1420734 1981
1431365 1937
1450299 1961
1461140 1976
1470822 2018
1481003 2029
1521299 2093
1540603 1971
1551338 1987
1570671 1911
1580835 2015
1600570 1959
1610831 2011
1620648 2027
1630537 1939
1640873 2058
1650364 1907
1660442 1927
1671031 2092
1680896 2068
1690269 1991
1710466 1921
1731362 1960
1740732 1970
1750522 1964
1761801 1909
1770832 2070
1791165 1926
