101933 2077
122878 2094
132899 2031
142733 1961
152262 1943
161808 1957
173049 2022
191591 2032
202825 1958
241499 2046
263096 1997
281261 1993
291942 1964
301487 2044
311334 2080
323676 1985
333613 2065
401280 2068
412692 1998
431665 1931
442172 2024
452400 2027
462659 1986
472733 2036
480734 2075
502342 1960
511694 2073
521477 2029
532639 2091
563136 1903
571379 2030
592594 2049
611402 2018
622431 1901
632222 2008
641602 2033
651693 2004
661526 2079
672262 2014
682349 2089
701335 2048
711977 2092
721413 2086
731174 2048
742355 1909
761482 2069
771956 2099
781670 2073
801847 2038
811458 2008
821468 1948
832482 1925
841383 1980
851579 1989
861859 1934
871690 2014
891885 2043
901481 2008
922505 2073
941665 2066
952396 2099
971254 2016
982511 1906
991620 1909
1012525 2016
1031430 2036
1042629 1943
1071816 1991
1091398 2072
1102945 2023
1111782 1938
1121359 2036
1132278 1994
1141497 2021
1151586 2027
1171564 1936
1192305 2048
1211488 2087
1231489 2085
1252356 1970
1271266 2071
1282308 1994
1301202 1998
1321289 2006
1331217 1945
1341902 1947
1351738 1940
1372382 1963
1421627 1979
1431886 1956
1451528 2007
1471469 2035
1492190 1910
1501150 2082
1521932 1951
1541607 2091
1552295 2030
1561541 2048
1571754 2049
1582263 2018
1601602 1926
1621377 1983
1631674 1966
1642337 2008
1651475 2057
1671761 2080
1702321 1927
1711293 2013
1741474 1963
1751515 1908
1781953 1972
