82157 60,
84029 69,
86144 69,
88035 62,
90138 79,
94003 65,
96116 74,
98039 67,
100205 69,
102128 63,
104096 63,
106074 75,
108071 64,
110491 72,
112061 75,
114058 70,
116019 75,
118096 75,
120155 60,
122084 79,
126010 70,
128100 70,
136023 71,
140330 65,
146048 78,
152010 79,
156019 63,
158151 71,
160187 78,
164100 78,
166003 74,
168026 60,
172019 61,
178003 65,
188116 64,
190186 62,
192084 73,
194090 67,
196003 68,
198068 72,
200395 68,
202132 70,
206026 69,
208045 72,
210389 63,
212019 73,
214100 61,
216167 73,
218067 68,
222141 79,
226071 74,
228003 62,
230395 68,
232003 76,
234003 78,
238103 72,
240278 75,
244112 72,
246191 66,
248003 70,
250170 68,
254003 62,
258141 70,
260203 69,
262077 68,
264077 79,
266125 73,
268010 63,
272067 65,
274010 65,
276151 75,
280530 64,
282003 75,
284218 71,
288170 60,
290509 63,
292019 61,
298039 65,
300431 62,
302141 65,
304074 60,
306010 73,
308010 77,
310125 65,
312055 70,
314048 67,
316170 67,
318010 68,
320257 78,
326087 60,
328119 70,
330361 66,
334016 64,
336061 69,
342186 73,
344077 60,
348189 71,
350310 77,
352189 74,
354087 60,
358122 60,
360218 77,
362138 62,
370230 68,
372090 61,
374090 73,
376125 60,
378003 74,
380172 74,
382080 61,
384023 70,
386058 68,
388144 66,
390384 62,
394170 77,
396122 72,
398167 74,
402003 67,
404010 69,
406067 63,
408058 79,
410391 63,
414064 62,
416003 61,
418055 78,
422026 65,
424010 65,
426141 77,
428003 62,
432051 69,
434164 71,
436151 69,
438128 72,
440218 71,
442003 60,
444183 79,
450349 73,
452100 70,
454052 78,
456010 77,
458084 70,
460253 73,
462387 64,
464019 75,
466029 72,
468202 71,
470346 79,
474135 64,
476007 77,
478029 71,
482003 77,
484010 73,
490102 78,
492064 71,
498003 64,
502106 63,
504064 65,
506003 65,
508045 73,
510231 68,
512141 79,
516052 69,
522084 67,
524090 77,
528048 75,
530404 79,
532132 60,
534100 65,
536180 67,
538064 69,
540217 77,
542048 73,
544003 78,
548003 66,
552045 69,
554026 60,
556084 61,
558106 65,
560372 63,
562003 76,
564051 63,
570316 75,
572010 67,
574135 65,
578122 71,
580249 66,
582170 75,
584064 72,
586029 63,
588016 76,
590377 76,
592119 77,
594106 71,
596093 71,
600234 67,
602010 67,
604109 71,
606266 64,
610284 79,
616093 78,
622003 62,
624103 62,
626135 75,
628051 64,
630379 69,
634010 67,
636048 79,
638055 69,
640278 74,
642109 66,
644128 66,
646029 68,
648039 78,
650391 62,
652003 67,
656068 64,
658224 63,
662106 60,
664003 66,
666093 72,
668109 75,
670231 76,
672116 69,
674048 72,
678141 65,
680193 73,
684151 79,
686045 78,
688122 63,
690170 68,
692003 64,
694148 78,
696135 62,
698160 76,
700117 79,
702048 63,
706090 68,
712151 69,
716029 60,
720489 73,
722084 70,
724148 74,
726071 61,
728119 68,
730281 71,
732148 75,
734010 70,
736010 75,
738003 79,
740414 64,
742003 76,
744023 79,
748010 63,
750111 66,
752029 67,
754125 75,
760275 76,
762055 76,
764112 70,
766100 66,
768144 66,
770401 72,
774058 72,
776003 68,
778202 67,
780295 67,
782125 78,
784067 73,
786253 61,
788119 65,
790243 64,
796061 68,
798010 74,
800212 64,
802125 77,
804045 76,
806003 62,
808160 70,
810114 76,
812010 76,
814003 77,
816128 78,
818141 74,
826010 79,
828010 75,
830228 79,
836003 60,
838010 60,
842029 79,
844132 70,
848042 65,
852125 78,
854106 76,
858106 77,
860359 63,
862112 78,
864144 65,
866164 74,
868010 60,
870209 62,
872010 60,
874032 73,
876109 61,
878010 62,
884116 78,
886068 71,
888154 75,
892042 75,
894010 64,
896010 79,
898151 65,
900227 75,
904003 77,
908106 67,
910201 75,
912003 77,
914010 61,
916231 77,
918125 71,
920531 69,
924003 68,
926003 67,
930254 69,
932093 64,
934125 76,
938010 78,
946003 74,
948106 72,
950221 61,
954029 63,
960262 72,
962003 63,
968077 76,
972032 77,
976055 70,
978010 65,
982106 78,
986055 72,
988010 63,
990150 60,
992042 69,
994067 75,
996003 68,
998039 74,
1000246 67,
1002157 60,
1006221 77,
1008003 68,
1010503 64,
1012003 65,
1014003 75,
1016215 67,
1018023 66,
1020352 73,
1024084 60,
1026173 79,
1030419 70,
1032090 78,
1036010 61,
1038029 64,
1040388 70,
1042026 61,
1044061 65,
1046176 69,
1048003 67,
1050350 68,
1052080 66,
1054010 73,
1058231 69,
1060244 60,
1062013 66,
1064010 79,
1066100 62,
1068010 72,
1070523 63,
1074003 71,
1076023 68,
1078010 67,
1080190 64,
1082080 72,
1084010 66,
1086010 60,
1090340 73,
1092003 69,
1094010 65,
1096003 61,
1098029 63,
1102035 62,
1104010 77,
1106067 79,
1108087 74,
1110135 77,
1112003 64,
1114122 72,
1116176 69,
1118048 77,
1120284 73,
1122125 73,
1124125 65,
1126144 72,
1128010 70,
1130547 78,
1132125 75,
1136003 79,
1138010 77,
1140220 61,
1142116 72,
1144122 63,
1146093 78,
1148010 73,
1150179 64,
1152042 66,
1154116 63,
1158003 66,
1160385 67,
1162116 77,
1164003 73,
1168010 71,
1174003 70,
1176103 67,
1178176 76,
1180294 74,
1182144 78,
1186096 76,
1188023 63,
1190381 60,
1192010 67,
1194023 64,
1196106 69,
1198003 74,
1200132 70,
1202068 63,
1206003 79,
1208010 63,
1210211 79,
1212244 68,
1216218 67,
1218077 69,
1220381 63,
1224132 77,
1226212 62,
1228128 72,
1230255 68,
1232080 71,
1234003 74,
1238003 63,
1242090 63,
1244138 61,
1246010 62,
1248003 77,
1252013 77,
1254003 69,
1256029 71,
1258144 68,
1260211 67,
1262196 79,
1264141 70,
1268003 78,
1276010 72,
1282010 64,
1284003 73,
1288048 66,
1290198 60,
1292003 78,
1294103 60,
1300084 69,
1304106 60,
1306010 78,
1308048 77,
1310262 72,
1312084 67,
1314010 67,
1316164 79,
1318096 68,
1320103 65,
1322154 69,
1324003 75,
1328010 70,
1330271 65,
1334003 79,
1336048 63,
1338096 78,
1340532 66,
1342010 73,
1344003 74,
1346010 65,
1348003 69,
1350419 77,
1354010 70,
1356003 76,
1360307 66,
1368003 65,
1370372 61,
1372013 76,
1374090 70,
1376157 79,
1380227 70,
1388048 60,
1390266 65,
1392077 72,
1394045 78,
1396048 65,
1400390 68,
1404106 76,
1410313 68,
1412010 64,
1414164 75,
1416141 64,
1418067 71,
1424032 69,
1426039 76,
1428157 68,
1430420 76,
1432010 71,
1434003 76,
1436096 72,
1438157 68,
1440284 70,
1442122 74,
1444055 66,
1446112 67,
1448010 71,
1450207 64,
1454093 71,
1456289 65,
1458087 65,
1460233 60,
1462032 78,
1466010 68,
1470304 63,
1474173 72,
1476010 63,
1482132 79,
1484003 79,
1486010 76,
1488084 73,
1490407 69,
1494010 73,
1498048 73,
1500268 63,
1502173 72,
1504003 75,
1506010 74,
1508071 69,
1510313 68,
1512154 71,
1514003 64,
1520254 79,
1524096 60,
1526080 75,
1528003 60,
1530222 78,
1534003 66,
1536144 79,
1538048 70,
1540297 74,
1542116 66,
1544029 61,
1546106 70,
1548026 73,
1550289 76,
1552100 75,
1554048 77,
1556003 77,
1558003 61,
1560192 65,
1562077 78,
1564035 77,
1566042 73,
1568003 73,
1570195 63,
1574231 61,
1576061 65,
1578138 75,
1580327 72,
1582148 61,
1584010 77,
1586154 73,
1588202 64,
1594010 75,
1596003 73,
1598003 68,
1600184 60,
1602058 73,
1604138 70,
1608071 63,
1610478 77,
1612048 74,
1614003 77,
1616087 71,
1618010 64,
1620250 67,
1622003 62,
1624039 78,
1626048 62,
1630086 67,
1634141 77,
1636010 75,
1638029 69,
1640603 64,
1642068 63,
1644010 75,
1646093 71,
1648080 77,
1650165 69,
1652048 71,
1654112 71,
1662103 64,
1664042 79,
1666112 78,
1668122 72,
1672003 76,
1674122 71,
1676090 76,
1678119 69,
1680200 73,
1682116 65,
1686010 74,
1688128 75,
1690145 66,
1692010 61,
1698132 74,
1700522 66,
1702109 65,
1704119 67,
1706052 72,
1708042 73,
1710287 69,
1712135 72,
1714093 78,
1716010 74,
1722090 63,
1726010 64,
1730280 60,
1732061 71,
1734026 71,
1736096 62,
1738003 64,
1742003 72,
1744067 77,
1748125 64,
1750419 70,
1754061 69,
1756096 77,
1758032 78,
1760314 78,
1762048 72,
1764224 69,
1766003 65,
1768106 68,
1770313 62,
1772010 77,
1774096 65,
1776125 61,
1778071 72,
1780278 67,
1782010 65,
1784026 64,
1786090 79,
1788074 67,
1794141 67,
1796205 61,
1798048 72,
