90051 1972
100026 2004
120003 1920
130048 1920
150010 1907
160164 2062
210247 2072
220003 1913
240147 2094
260152 1975
270003 2053
280167 2012
290241 2061
310003 2031
340022 1953
360022 2098
370080 2079
410155 1909
420106 1996
450006 2044
460160 2037
480199 2038
500088 2075
510010 2071
520010 2045
540141 1966
560341 2009
580058 2023
600003 2021
680165 1915
690061 2046
700071 1976
740162 1948
750003 2040
760061 1947
770203 1990
820029 2013
840003 1912
850132 2005
860254 1969
870010 2035
890163 2095
940003 2051
950038 2088
970010 2074
980101 1910
990115 2016
1020010 2052
1050112 2095
1060003 1984
1080010 1989
1110003 1971
1130222 2046
1150067 1905
1170010 2082
1190325 2081
1200051 2011
1210003 1903
1240003 1971
1250164 2018
1270003 2035
1280008 2092
1300019 1952
1310071 1951
1320039 1918
1340273 2010
1360202 2042
1410045 2040
1420119 2045
1440106 2011
1470003 1941
1480003 2093
1510010 2007
1550101 1919
1560010 2032
1570087 1908
1580187 2002
1590077 1990
1600048 2048
1610153 2051
1620115 2074
1630016 1998
1650029 1995
1670208 2050
1680003 2024
1710045 1992
1720077 1944
1770144 1963
