130668 2080
140561 1971
150550 2085
160670 1909
170638 2063
180581 2041
190570 1912
200687 1984
210622 2005
220811 2042
250738 1927
260590 2063
270611 2033
280676 2011
300712 1940
310588 1999
320667 2011
340661 1998
360601 1978
370753 1916
380586 2002
390732 1932
400651 1946
410757 1930
420663 1967
430585 1905
440711 2063
450722 1906
460700 2080
470712 1926
480617 2031
490718 2010
500776 2038
510624 1947
520725 1981
540684 2007
550623 2071
570671 2062
580715 1974
590683 1973
600644 2011
610637 2026
620744 1949
630623 2030
640691 1947
650687 2073
660716 1939
670632 2018
680744 2079
690655 1946
710619 2011
740637 2089
750789 1918
760622 2020
770727 1985
780713 2020
790642 2026
800719 1943
810607 2039
820651 1913
830719 1947
840644 1908
850740 2088
860568 1998
870627 2080
880614 1974
890599 1927
900647 1952
910566 2074
920722 1978
930641 2094
950667 2055
970655 2004
980751 1934
990528 2094
1010769 1971
1020716 1937
1030615 2001
1040700 2082
1050667 1989
1060699 2002
1070657 1922
1080665 1946
1090607 1905
1100760 2013
1110580 2024
1120699 1955
1130673 2085
1140614 1912
1150685 1904
1160744 1902
1170582 2045
1180690 1941
1190598 2011
1200746 2065
1210709 1999
1230656 2017
1240676 2069
1250686 1935
1260673 2086
1280611 1944
1290715 1935
1300825 2006
1310662 2072
1330697 2099
1340611 2066
1360603 2040
1370628 1922
1380670 1991
1400726 1986
1410576 1964
1420641 1965
1430603 1968
1440715 1977
1450614 2036
1460683 2051
1470538 1988
1480557 1965
1500649 2034
1510605 2012
1520714 1917
1530757 1999
1540579 2084
1550637 1966
1560736 2043
1570716 1969
1580527 1947
1590774 2033
1600634 2009
1610635 1942
1620659 1957
1630734 1981
1640686 1929
1650746 2013
1660528 2072
1680640 2073
1690651 1959
1700600 2094
1710642 1910
1720738 2048
1730555 2051
1740538 1967
1760607 2066
1770667 2099
1780706 1933
1790770 2040
