110567 4478
140529 4443
170557 4479
260615 4430
290519 4319
320516 4489
350605 4496
410609 4308
440642 4425
470564 4400
500628 4456
530529 4315
560599 4301
590676 4452
620548 4357
650519 4442
680523 4447
710631 4448
740554 4409
800533 4417
830524 4464
860516 4323
890534 4329
920516 4486
950525 4384
980525 4352
1010513 4394
1040516 4383
1070657 4439
1100593 4464
1130563 4437
1160503 4433
1190629 4355
1220503 4381
1250574 4383
1280524 4470
1340666 4375
1370503 4451
1400538 4318
1430552 4458
1490589 4406
1520513 4416
1580554 4345
1640537 4371
1700510 4497
1730516 4371
1760596 4404
1790503 4316
