86258 3750
91254 3808
100987 3835
106055 3880
115886 3829
120820 3717
126412 3822
131093 3709
135893 3718
141027 3796
146045 3848
150860 3737
156264 3805
160942 3814
165902 3780
171032 3779
175888 3743
180829 3836
191057 3836
196011 3768
205980 3865
211285 3763
215734 3748
221244 3705
225845 3757
230936 3896
235804 3771
241486 3713
246419 3735
251070 3791
255855 3718
260787 3790
266099 3731
271120 3790
276055 3729
281219 3880
296117 3867
300829 3765
305744 3899
311005 3830
315757 3708
320967 3898
326183 3846
330891 3767
335657 3702
341270 3868
345709 3877
350860 3773
356019 3839
361017 3825
365994 3849
371205 3739
375856 3838
380969 3859
390937 3746
395699 3871
400968 3828
406342 3812
410818 3838
416202 3792
420898 3724
426025 3898
431301 3782
435914 3873
446207 3871
451164 3844
456210 3791
460836 3843
466125 3723
470832 3797
476170 3808
481269 3861
486412 3820
490859 3790
500844 3740
505725 3817
511039 3871
516241 3791
521402 3799
526029 3720
531098 3704
535914 3851
541009 3746
546419 3715
551153 3814
555800 3791
565878 3721
570813 3875
576070 3757
580975 3773
585929 3848
590754 3852
596127 3777
601170 3729
606046 3842
611299 3742
615849 3712
620656 3814
625715 3817
631188 3709
635727 3727
641169 3867
646102 3837
651050 3755
655919 3738
660691 3867
666087 3869
670807 3767
675927 3840
680905 3852
685892 3777
690772 3733
696116 3787
700854 3816
705895 3855
716200 3747
720828 3816
726103 3893
731129 3805
735898 3703
750570 3722
755747 3845
760810 3899
766057 3859
770957 3768
776247 3711
780874 3891
785937 3788
791280 3739
795749 3731
806064 3856
810705 3861
815731 3857
820978 3836
825971 3874
831056 3711
836173 3801
841076 3848
846308 3842
851150 3815
856098 3802
861060 3760
865653 3877
870819 3732
875865 3703
880739 3720
886106 3732
890792 3759
895598 3727
900888 3834
906163 3895
910700 3876
915671 3741
921001 3740
925820 3876
931001 3783
936135 3755
940691 3811
945749 3802
951008 3795
955787 3878
960920 3876
965804 3756
970837 3896
975757 3785
980800 3863
986090 3808
991089 3853
996158 3736
1000773 3718
1010851 3893
1015800 3729
1020767 3794
1025867 3802
1031163 3804
1035576 3819
1045767 3707
1050842 3762
1055826 3847
1061171 3767
1065715 3821
1075902 3742
1080741 3716
1085714 3755
1090899 3791
1095823 3854
1100797 3860
1105830 3725
1110917 3766
1115909 3871
1121003 3852
1126078 3750
1135757 3813
1141142 3844
1145943 3702
1150681 3761
1155705 3897
1160939 3723
1166157 3810
1170711 3741
1176090 3704
1180903 3777
1185695 3828
1191022 3832
1201157 3832
1205625 3743
1210869 3706
1215705 3751
1220764 3879
1226066 3848
1231133 3764
1236144 3762
1240667 3720
1245755 3751
1250616 3896
1261034 3786
1265854 3766
1271025 3804
1275856 3871
1280909 3701
1285761 3875
1291053 3862
1296215 3897
1300750 3762
1305721 3752
1310902 3703
1315910 3714
1321258 3727
1326074 3831
1330882 3713
1336118 3719
1340878 3845
1346136 3894
1350753 3758
1355537 3710
1360904 3868
1375721 3758
1380790 3716
1385961 3714
1390904 3872
1396013 3700
1406135 3723
1410793 3727
1415843 3714
1421029 3730
1426129 3834
1431118 3846
1435907 3894
1441132 3737
1445653 3828
1450989 3743
1455820 3853
1460968 3874
1465985 3708
1475951 3764
1485981 3824
1490974 3829
1500913 3824
1506209 3741
1510917 3810
1515734 3864
1525765 3707
1531064 3828
1535718 3871
1540721 3728
1546315 3702
1555988 3872
1560856 3811
1565888 3796
1570820 3803
1575966 3737
1586048 3738
1590788 3721
1595717 3765
1600879 3886
1605888 3888
1611062 3830
1615906 3860
1621036 3746
1626032 3705
1630921 3700
1640833 3815
1645857 3740
1650844 3863
1656193 3755
1660832 3891
1670704 3803
1675917 3898
1680762 3730
1685730 3744
1690683 3830
1695669 3821
1706016 3746
1711002 3793
1716214 3719
1720700 3874
1725817 3781
1735951 3772
1741170 3737
1745904 3896
1750808 3886
1756024 3795
1760586 3808
1765860 3860
1770840 3819
1775891 3857
1780761 3791
1785743 3833
1791040 3880
1795771 3824
