91904 3748
96486 3894
101961 3740
106375 3734
113557 3772
123096 3894
125842 3895
132792 3887
145790 3752
156257 3728
165832 3797
172924 3853
175941 3809
186269 3728
191936 3804
196225 3834
203398 3893
206441 3792
211636 3760
215760 3894
222806 3890
225454 3722
233017 3859
235644 3897
241666 3704
245758 3838
251663 3861
255542 3796
263077 3858
265626 3765
271869 3867
275423 3828
282279 3814
285631 3823
292449 3760
295682 3820
301708 3899
305598 3745
311817 3755
315624 3766
324452 3858
336516 3702
362189 3702
372813 3847
382888 3861
385527 3834
391745 3879
395601 3852
405699 3763
413539 3798
415598 3789
422000 3815
425876 3807
432001 3793
436240 3788
445815 3767
455795 3877
461810 3788
465479 3802
475587 3785
482238 3819
485780 3785
491615 3727
495573 3840
502710 3876
511987 3833
521987 3852
526364 3885
533146 3710
535613 3823
541922 3854
545707 3772
555540 3732
562816 3796
575656 3882
582640 3711
585780 3874
592269 3806
596267 3742
605675 3733
612366 3730
615720 3703
622707 3759
625635 3713
641656 3794
645517 3701
655587 3823
662249 3745
665626 3773
671911 3891
675288 3760
681961 3770
685589 3796
695447 3724
701764 3848
705527 3870
712482 3721
715704 3826
735606 3785
741991 3722
745654 3716
751382 3846
755633 3879
761856 3791
765990 3794
772007 3743
775685 3797
781518 3715
785593 3830
791623 3768
795742 3830
802557 3777
805680 3810
811836 3752
821936 3869
825774 3892
832221 3713
835890 3884
841687 3778
845466 3795
862003 3895
865620 3788
871611 3899
875806 3834
881608 3859
885631 3712
892358 3786
901543 3808
905598 3722
911718 3863
915577 3750
925847 3795
931246 3706
935489 3800
945597 3774
952268 3870
955640 3748
961686 3811
965783 3817
971721 3806
975721 3781
982856 3875
985596 3825
991704 3731
995692 3701
1021455 3798
1025657 3747
1035303 3790
1042574 3878
1055585 3883
1062089 3894
1065861 3710
1072139 3774
1075609 3747
1085609 3775
1091471 3723
1102485 3885
1105662 3822
1111668 3772
1115894 3838
1121701 3760
1125582 3857
1132497 3849
1135492 3762
1141692 3768
1145672 3788
1155489 3755
1165539 3834
1171352 3894
1181588 3892
1185410 3773
1201438 3883
1205436 3859
1215711 3772
1225700 3831
1231216 3736
1235632 3728
1241487 3747
1245548 3734
1251986 3816
1255944 3848
1261616 3766
1265614 3812
1271663 3735
1282299 3801
1285593 3843
1291669 3805
1295666 3725
1301811 3839
1305782 3869
1315781 3883
1325654 3850
1331537 3814
1335493 3885
1351954 3721
1355706 3898
1361465 3768
1371871 3727
1381329 3856
1385699 3786
1391750 3709
1395460 3701
1402640 3757
1411203 3779
1415546 3801
1421612 3891
1425502 3757
1435615 3848
1441608 3869
1445592 3828
1455527 3859
1461966 3820
1465583 3728
1475627 3775
1481314 3743
1485679 3877
1492734 3803
1495573 3790
1505628 3863
1511527 3859
1515540 3730
1522263 3840
1525451 3720
1531810 3758
1535457 3782
1541827 3791
1545468 3884
1555638 3792
1561578 3824
1565670 3775
1575443 3801
1582534 3875
1585480 3729
1591478 3771
1605684 3837
1611930 3780
1615558 3846
1625550 3780
1635673 3734
1641744 3721
1645511 3751
1651464 3834
1655537 3808
1661740 3710
1665584 3732
1671831 3748
1675461 3773
1681717 3814
1685527 3742
1691695 3757
1705633 3767
1711553 3747
1715705 3870
1721613 3747
1732257 3841
1735579 3849
1741673 3887
1745506 3862
1755394 3761
1762752 3832
1765767 3874
1771499 3886
1775581 3800
1781450 3771
1792393 3819
1795550 3845
