85520 76,
87011 72,
89108 64,
95565 63,
97995 61,
101822 78,
103334 77,
107750 75,
108553 77,
113724 78,
115674 79,
117154 78,
119072 79,
123051 60,
123984 71,
124600 62,
127406 65,
129171 77,
132686 75,
133574 69,
134415 70,
137016 68,
138847 68,
143553 63,
144951 69,
146788 62,
149110 68,
152207 63,
153080 78,
155503 65,
156980 66,
158922 73,
161562 61,
168788 73,
172798 66,
173709 60,
174903 63,
177030 76,
178420 77,
183192 78,
184592 68,
187476 69,
192452 64,
193332 73,
194949 79,
197294 71,
203642 68,
204501 69,
205440 62,
207230 64,
208806 73,
214774 76,
216885 75,
222855 77,
224566 65,
226894 73,
233174 71,
233711 79,
234476 76,
236668 62,
238556 69,
241767 68,
242924 63,
244859 66,
246697 63,
248679 73,
251750 78,
252644 79,
254559 73,
256795 73,
263322 67,
263870 77,
264884 79,
266941 60,
271822 66,
272854 65,
274564 66,
276443 66,
278644 79,
282508 60,
284918 67,
286724 60,
288543 76,
292499 67,
293099 74,
294733 61,
297031 79,
298888 64,
301691 70,
304652 74,
306798 79,
308661 75,
311803 64,
312609 71,
314564 68,
316680 74,
325769 77,
329328 76,
333528 65,
337813 65,
339305 69,
344206 75,
353631 72,
354490 77,
356656 73,
358377 63,
362230 79,
363140 60,
365412 76,
366888 69,
372848 75,
376859 71,
378518 75,
383168 67,
388933 74,
391831 74,
392688 60,
394850 70,
398788 62,
401998 64,
402885 72,
406608 68,
413636 76,
414224 64,
415229 74,
416626 76,
418773 71,
422196 60,
422824 75,
425183 74,
426395 60,
431986 67,
432479 70,
434818 60,
442886 66,
446879 63,
452566 61,
454819 73,
456550 60,
458766 66,
461782 67,
462511 62,
466720 72,
473277 66,
473841 67,
474720 65,
478608 73,
481957 78,
482649 68,
485279 68,
487314 77,
492538 64,
496740 60,
503145 60,
508826 62,
512887 60,
514445 68,
516911 67,
518673 72,
522741 60,
524686 79,
527053 64,
528502 67,
533135 71,
533870 61,
534744 62,
536587 66,
542349 60,
542842 79,
544630 70,
548913 72,
551802 68,
552546 75,
554954 68,
556767 71,
558526 64,
562802 77,
563283 68,
564480 65,
566674 70,
568563 69,
571638 63,
572665 60,
576652 68,
578642 71,
582654 77,
582867 76,
584384 67,
588694 67,
592799 70,
594759 72,
596609 67,
601747 65,
604588 61,
606857 72,
608678 69,
611983 66,
612983 74,
614481 77,
616730 68,
618712 64,
622756 67,
624671 74,
632882 66,
634743 64,
641840 68,
642532 78,
644477 61,
646541 69,
648866 70,
651959 79,
654537 70,
658696 67,
662003 65,
662739 78,
664427 64,
666756 71,
668748 66,
672591 74,
673108 67,
674660 67,
676789 78,
678547 60,
682185 71,
682893 69,
694786 68,
696921 60,
698678 75,
702597 79,
704647 70,
706405 73,
712711 76,
713246 73,
714606 73,
716673 69,
718712 79,
721535 77,
726550 67,
728966 73,
731817 73,
732620 70,
734873 68,
736499 62,
738654 76,
742476 67,
744534 62,
746578 65,
749077 66,
751624 71,
752842 67,
754631 75,
756587 64,
758734 79,
762210 78,
762687 72,
766780 79,
768700 72,
771923 63,
774762 70,
777100 66,
778334 72,
782613 71,
788853 61,
794631 67,
796770 76,
802922 60,
803341 64,
804652 65,
811871 65,
812989 60,
814817 72,
818697 62,
822254 62,
822902 77,
824600 77,
826901 74,
832394 69,
832848 79,
834627 65,
838770 71,
841752 62,
842612 76,
844701 71,
846791 61,
848652 70,
852261 74,
852728 66,
854929 71,
856514 78,
858657 77,
862335 63,
862833 62,
864449 67,
866459 70,
868631 62,
871875 68,
872824 79,
874680 77,
876446 79,
878613 70,
881636 78,
882641 78,
884906 61,
886789 66,
888477 78,
892625 69,
893225 67,
894465 72,
896722 73,
901657 63,
902561 79,
906499 68,
908413 77,
911593 71,
912749 77,
914490 76,
918457 78,
922520 61,
922917 64,
924778 60,
926563 65,
928604 72,
931321 61,
934746 77,
936507 74,
938666 64,
941545 61,
942736 66,
944667 68,
946552 71,
948556 63,
952279 62,
952938 68,
954811 77,
958647 63,
961864 70,
964729 75,
966682 68,
968621 76,
971744 62,
974552 75,
977058 75,
978607 78,
982911 70,
983490 61,
986821 70,
988405 64,
991983 65,
994730 76,
996541 63,
1002031 70,
1002767 76,
1006747 61,
1008617 67,
1012228 68,
1012827 60,
1016467 73,
1018576 72,
1021650 69,
1022544 60,
1024612 78,
1026639 73,
1028542 75,
1031783 64,
1034350 78,
1042647 61,
1043031 76,
1044862 66,
1046605 71,
1048769 69,
1051641 77,
1052700 66,
1054525 74,
1056606 62,
1062114 62,
1062729 72,
1064740 70,
1066619 78,
1068667 79,
1072467 66,
1074625 64,
1076652 69,
1078753 67,
1081570 72,
1082458 61,
1084902 79,
1086562 71,
1088577 64,
1091444 65,
1092741 65,
1094772 68,
1096592 65,
1098692 71,
1102481 78,
1102982 76,
1104605 64,
1106643 62,
1108507 78,
1111856 61,
1112685 67,
1114588 64,
1116752 64,
1118573 79,
1121687 65,
1122656 61,
1124847 60,
1126675 74,
1132562 72,
1132988 68,
1134579 74,
1136547 69,
1141805 65,
1144541 61,
1146458 73,
1148752 78,
1151897 68,
1152756 74,
1154629 70,
1156312 72,
1162179 73,
1162484 63,
1164426 67,
1166728 60,
1171517 75,
1172587 70,
1174657 67,
1176665 71,
1178553 69,
1181702 65,
1182583 71,
1192842 72,
1193211 76,
1194848 63,
1196471 77,
1201664 73,
1202747 65,
1204766 65,
1206690 79,
1208619 79,
1211818 67,
1212584 60,
1216684 77,
1218774 72,
1221902 66,
1222650 64,
1224691 65,
1226600 68,
1231675 79,
1232715 61,
1234529 64,
1238668 70,
1241413 64,
1242563 73,
1246529 79,
1248381 63,
1252368 68,
1252999 60,
1254912 61,
1258618 73,
1262643 75,
1264813 62,
1266508 77,
1268612 75,
1271605 62,
1274737 72,
1276629 60,
1278705 71,
1282706 79,
1284558 62,
1286635 75,
1288610 64,
1291619 78,
1292610 70,
1294560 67,
1296659 62,
1298341 68,
1301832 78,
1302802 67,
1304858 65,
1306747 74,
1308507 70,
1312350 63,
1312966 68,
1314677 75,
1316622 77,
1318605 71,
1321658 73,
1322540 70,
1326676 75,
1328639 64,
1332970 76,
1334460 73,
1336472 75,
1338890 70,
1342285 70,
1342627 63,
1344455 70,
1346584 78,
1348809 67,
1352648 66,
1354452 66,
1356710 72,
1358645 76,
1361482 77,
1362639 67,
1364634 65,
1372945 63,
1374580 66,
1376605 65,
1378625 75,
1381426 73,
1383067 79,
1384580 75,
1386609 71,
1388435 74,
1391856 79,
1392599 69,
1394588 75,
1396659 60,
1398705 63,
1402654 65,
1403053 70,
1404654 72,
1406850 73,
1408577 79,
1411606 73,
1412788 60,
1416522 60,
1418850 68,
1421574 72,
1422688 73,
1426666 65,
1428724 79,
1434579 69,
1436764 64,
1438636 72,
1441669 72,
1442697 77,
1444650 70,
1446616 75,
1448640 76,
1451433 77,
1452651 62,
1454638 65,
1456662 65,
1458623 67,
1462245 66,
1462735 60,
1464563 61,
1466725 65,
1468694 70,
1472377 68,
1474654 73,
1481588 73,
1482722 65,
1484524 60,
1492912 63,
1493279 73,
1494527 68,
1498494 76,
1501415 63,
1502743 61,
1504724 78,
1506593 63,
1511479 75,
1512525 78,
1514467 76,
1516624 76,
1518646 75,
1522222 72,
1522680 74,
1526558 67,
1528654 69,
1531872 78,
1532691 67,
1534595 61,
1538700 74,
1542738 65,
1546587 76,
1548551 62,
1552310 76,
1552875 75,
1554544 66,
1556596 79,
1558470 61,
1561570 64,
1562461 65,
1564724 65,
1566748 79,
1568644 76,
1571572 78,
1576581 62,
1578590 61,
1582576 60,
1584495 71,
1586602 62,
1588721 77,
1592501 61,
1596715 64,
1598693 69,
1601662 68,
1602559 72,
1604672 70,
1606570 79,
1608747 68,
1612354 68,
1612770 67,
1614652 63,
1618635 67,
1621393 65,
1622326 64,
1626611 73,
1628641 68,
1631524 78,
1632644 67,
1635062 67,
1636443 77,
1638920 62,
1642332 66,
1642896 78,
1644915 72,
1646639 71,
1648593 66,
1654433 70,
1656678 64,
1658784 72,
1661779 73,
1662517 63,
1666661 70,
1668629 67,
1671996 70,
1672690 71,
1674548 65,
1676724 73,
1681819 79,
1682464 72,
1684557 75,
1688678 77,
1691731 69,
1692682 61,
1694429 73,
1698713 76,
1702306 62,
1704759 70,
1706638 72,
1708593 76,
1711691 60,
1712778 60,
1714763 75,
1716524 75,
1718653 61,
1721565 63,
1726458 72,
1728381 70,
1732425 74,
1732808 64,
1734726 77,
1738701 70,
1742633 75,
1744593 75,
1746399 79,
1748449 67,
1751649 64,
1752713 67,
1754641 75,
1758747 62,
1762710 64,
1763122 66,
1764558 76,
1766456 65,
1768593 60,
1772730 60,
1774552 77,
1776625 68,
1778607 62,
1781543 73,
1782632 77,
1784653 65,
1786611 67,
1788544 79,
1791878 71,
1794630 70,
1798533 70,
