140857 4362
200592 4454
230843 4384
260791 4485
291172 4326
320990 4365
351317 4420
381019 4398
410784 4353
440698 4427
470859 4392
560824 4398
620560 4472
681002 4368
710721 4451
740757 4330
770903 4351
800766 4421
860917 4406
920930 4305
950919 4338
1011034 4393
1040985 4465
1070933 4307
1100938 4483
1161034 4323
1190651 4434
1221050 4331
1280782 4428
1340917 4437
1370833 4373
1400964 4412
1431022 4402
1460745 4453
1520862 4342
1550802 4423
1611093 4462
1670764 4341
1700970 4357
1731060 4456
1761027 4357
1790781 4319
