91185 1999
101090 2085
110923 1963
121387 2091
131350 2070
140819 1971
150781 1947
160759 1995
170994 2085
180909 2012
190736 1963
200821 2014
210845 1903
220747 1989
230875 2075
241379 1993
251021 1952
260811 2021
271024 1923
281102 1973
291082 1965
300904 2070
311001 2026
320705 1947
330706 1964
340995 2041
351240 1990
361054 2036
371221 1906
380992 2002
391027 1909
401059 1985
410841 2091
420772 2093
430741 2009
440658 2032
450938 1977
460989 2064
471110 2023
480997 2023
490843 1918
500911 1986
510831 2007
521183 2008
531000 2099
540946 2074
551080 2050
561177 1977
570879 1985
580836 2049
590940 2003
600811 1917
610919 2062
620789 2020
630862 2086
640786 1976
650738 1968
661143 1973
671099 2005
680861 2067
691326 1939
701033 1932
720734 2045
731195 1910
740832 1931
751041 2072
760994 2020
780788 2019
790981 1974
800818 2087
810779 2059
820945 1927
830977 2093
840867 1904
850827 1999
860853 2006
870855 1917
880919 1968
890876 2003
901141 2018
910927 2019
920764 2092
931105 1963
941001 2001
950895 1910
960724 2042
970659 1911
980783 2090
990800 1968
1001078 1955
1010748 2015
1020807 1912
1030821 1911
1040762 2092
1051116 1938
1060997 1979
1070712 2003
1080971 1992
1091184 2086
1100890 1944
1110980 1990
1121110 2003
1140780 1953
1151163 1971
1160875 1909
1170816 2088
1180920 1915
1191049 2027
1200789 2013
1210821 2006
1220970 1992
1230815 1911
1240714 2026
1250856 1995
1260828 2062
1271008 2013
1280843 2074
1290841 1931
1301185 2033
1311049 2009
1321218 1964
1330896 1981
1351049 1977
1360664 2028
1370644 2077
1381086 1934
1390739 2064
1400787 1911
1410964 2058
1420915 2040
1441093 2091
1451037 2027
1460909 2035
1470874 1968
1481026 1931
1490716 1973
1500786 1906
1510708 1913
1520900 1995
1530871 1960
1540956 1990
1550806 2095
1561101 1905
1570982 2047
1580645 2005
1590947 2003
1601202 1986
1610836 1960
1621040 2089
1630795 1996
1640844 1931
1650824 1935
1660852 1978
1671017 2039
1681088 1915
1691006 2001
1710862 1937
1720993 2040
1730737 2021
1741036 2094
1751094 1907
1760956 1957
1770732 1923
1780931 1998
1790728 2093
