90515 2052
100583 1922
110538 2090
120503 2025
130588 1921
140525 2011
150531 1990
160503 1925
170557 2065
180544 1998
190554 1998
200529 1968
210503 2000
220535 2080
230529 2099
240586 2038
250506 2078
270503 1924
280522 2037
290565 2011
300515 2085
310525 2020
320509 2075
330569 2027
340748 1966
350583 1941
360566 1952
370522 2032
380612 1998
390503 2098
400509 1918
410593 2047
420512 1937
430519 2013
450522 1994
460580 2029
470541 2041
480525 2078
490512 2001
500602 1979
510605 2085
520522 1988
530503 1934
540509 2072
550515 2074
560545 2005
570503 1994
580509 2074
600515 1931
610506 1986
620583 1984
630551 1937
640503 2097
650561 1987
660503 2035
670512 2022
680516 1934
690578 2022
700535 2097
710535 1970
720506 1914
730519 1944
750690 1999
760506 2031
770527 2090
780550 2027
790512 2008
800580 1909
810515 1990
820503 1918
830577 1983
840598 1991
850535 1925
860541 2090
870522 2041
880601 2064
890517 1932
900519 1961
910519 1935
920506 1918
930515 1951
940525 1981
950609 2014
960522 2031
970535 2046
980506 1959
990503 2000
1000579 2084
1010695 1917
1020509 2087
1030619 1935
1040503 1977
1050515 2089
1060503 1977
1070509 2074
1080525 2091
1090503 2059
1100586 2063
1110509 2089
1120503 1930
1130567 2043
1140563 1976
1150512 1908
1160570 2001
1170509 2016
1180621 1981
1190740 2009
1200519 1993
1210506 1973
1220673 2018
1230503 2081
1240515 1962
1250551 1995
1260591 1935
1270525 2055
1280551 1981
1290515 2089
1300525 1924
1310673 1943
1320642 1991
1330534 2074
1340522 2077
1350503 1978
1360509 2090
1370599 2012
1380515 1995
1390503 2023
1400606 2028
1410525 2023
1420519 1965
1440661 1965
1450567 2089
1460545 2091
1470506 2047
1480509 1913
1500509 2076
1510525 2033
1520644 1970
1530743 2076
1540515 1962
1550561 1942
1560509 1993
1570519 1991
1580509 1933
1590525 1938
1600544 1997
1610555 2045
1620544 1924
1630503 1942
1640663 1961
1650522 1946
1660554 1960
1680509 1948
1690512 1978
1700503 2094
1710503 2041
1720560 1923
1730577 1923
1740503 1966
1750503 1983
1760654 1979
1770522 1906
1780528 2084
1790538 2061
