86290 3893
90901 3729
100860 3750
106303 3835
116360 3890
121539 3774
126714 3714
131185 3887
136189 3724
146074 3737
151304 3894
156062 3811
161248 3784
166005 3717
170857 3739
176032 3815
180612 3890
185850 3783
191164 3895
200746 3800
206038 3884
211055 3862
216020 3849
221115 3856
226086 3862
235739 3705
241272 3842
246407 3769
255877 3727
260747 3858
265737 3841
270795 3872
275666 3781
281132 3811
286113 3824
295998 3868
301089 3815
305686 3855
310919 3754
316048 3739
321127 3781
326109 3793
331080 3853
336228 3795
341250 3800
346014 3810
350794 3821
355712 3798
361180 3845
366048 3871
370895 3834
376080 3744
385772 3772
390618 3842
395975 3712
400948 3838
406336 3764
415926 3782
420848 3897
425788 3807
431099 3891
435792 3741
446721 3854
451077 3896
456172 3812
465827 3810
471093 3741
475805 3710
480907 3793
485652 3872
491011 3795
495965 3716
501222 3743
506053 3752
511139 3893
516135 3760
521207 3739
525727 3891
531118 3721
536074 3730
540929 3721
546268 3839
550778 3729
555742 3841
560784 3746
566077 3765
570681 3895
575810 3886
580929 3895
585746 3817
590772 3877
596012 3854
600835 3704
605982 3840
610989 3870
615731 3860
625505 3887
636115 3889
640735 3804
646124 3757
650896 3714
655691 3860
661197 3702
666135 3879
670698 3895
676119 3718
680941 3741
685722 3869
691389 3876
695991 3830
700867 3827
705943 3783
710799 3707
715758 3752
721062 3839
726107 3887
730937 3875
735872 3781
740886 3855
746244 3837
751179 3860
755840 3863
761115 3832
765980 3845
776196 3704
780878 3770
785812 3886
790823 3881
796108 3820
801046 3782
805849 3852
810832 3772
816052 3833
820635 3741
825932 3836
830992 3843
836048 3744
840787 3743
845798 3899
850800 3718
856156 3738
865868 3721
871165 3882
876102 3825
881182 3769
885869 3719
890866 3805
895948 3753
900798 3892
905521 3795
910788 3746
915953 3737
926031 3715
930888 3815
935952 3805
941054 3887
945859 3898
950865 3864
955684 3834
960786 3817
965769 3777
970652 3788
976055 3868
981132 3742
986215 3863
991115 3876
996039 3841
1000941 3702
1005878 3841
1010877 3756
1015995 3715
1020784 3852
1025726 3719
1030930 3808
1035984 3805
1045895 3897
1051210 3827
1056102 3798
1060735 3859
1066055 3817
1070775 3828
1076107 3755
1080768 3724
1085887 3898
1090674 3827
1095970 3743
1100951 3818
1106070 3771
1110822 3894
1115948 3878
1120645 3898
1125696 3751
1130857 3749
1135770 3874
1141049 3852
1146235 3739
1150988 3886
1156045 3867
1161125 3793
1165776 3847
1170883 3832
1175945 3823
1181229 3770
1185779 3762
1195858 3739
1200990 3887
1205833 3884
1210659 3820
1215628 3718
1221094 3720
1225807 3887
1230953 3875
1235747 3861
1241063 3864
1245906 3812
1250927 3795
1255800 3877
1261265 3736
1265828 3740
1271055 3746
1275965 3878
1280929 3876
1285796 3780
1291086 3794
1295760 3802
1300681 3751
1305743 3889
1311183 3845
1315721 3714
1321008 3864
1325795 3823
1330959 3721
1335733 3866
1346004 3872
1350842 3790
1355779 3810
1361015 3706
1365753 3779
1370837 3708
1376129 3830
1380846 3888
1385987 3843
1390657 3716
1395933 3794
1405869 3735
1411050 3797
1415769 3782
1420968 3855
1425801 3770
1435850 3807
1440849 3740
1445967 3788
1451030 3815
1455849 3891
1460930 3838
1465837 3870
1470911 3846
1476298 3763
1480836 3858
1486000 3749
1490737 3857
1495880 3765
1500886 3822
1505792 3845
1511037 3737
1516004 3715
1520845 3827
1525931 3846
1530716 3845
1535955 3894
1540909 3881
1545583 3731
1555789 3887
1561027 3812
1566058 3719
1570776 3789
1575755 3845
1580893 3864
1586039 3816
1591057 3833
1596153 3876
1600958 3707
1605673 3867
1610978 3754
1616111 3847
1620872 3735
1625795 3870
1630782 3712
1636035 3703
1646023 3710
1651015 3722
1655814 3832
1660988 3827
1666122 3898
1671036 3723
1675802 3889
1680718 3887
1685939 3788
1690920 3866
1695785 3737
1705916 3817
1710808 3876
1715976 3759
1721014 3757
1726003 3748
1730885 3811
1735846 3707
1741102 3792
1745801 3741
1750971 3839
1756078 3780
1760778 3886
1765806 3784
1771259 3711
1775904 3798
1780955 3787
1785797 3888
1790740 3791
1795842 3874
