82560 75, 5080
84564 65, 5057
86525 76, 5038
88536 75, 5066
90522 73, 5059
92631 68, 5032
94525 60, 5024
96505 66, 5089
98593 72, 5046
100525 75, 5105
102522 75, 5090
104575 74, 5095
108624 63, 5180
110578 71, 5130
112525 61, 5015
114653 71, 5190
116527 64, 5012
118640 70, 5094
120519 69, 5159
122673 74, 5056
124702 64, 5088
126551 75, 5102
128650 60, 5125
130563 72, 5057
132515 69, 5099
134640 63, 5192
136582 68, 5103
142519 73, 5045
144561 61, 5028
146544 62, 5190
148709 73, 5158
150503 71, 5073
152505 73, 5005
154512 65, 5181
156544 77, 5132
160503 73, 5121
162525 64, 5043
164640 73, 5174
166543 70, 5184
168530 62, 5174
170654 65, 5052
172502 61, 5049
174518 63, 5136
178522 68, 5037
180515 72, 5068
182595 64, 5173
184679 74, 5017
186509 77, 5155
188555 65, 5057
190503 69, 5186
192505 76, 5137
194515 67, 5128
196542 68, 5088
200541 66, 5014
202537 65, 5188
204547 67, 5050
206505 71, 5023
208527 77, 5014
210522 67, 5178
212531 73, 5162
214502 62, 5077
216584 64, 5040
218505 60, 5000
220509 68, 5126
222530 62, 5111
224692 76, 5008
226537 72, 5047
228579 73, 5131
232522 66, 5093
234868 76, 5098
236679 71, 5129
238536 75, 5157
240506 75, 5164
242530 70, 5155
244527 70, 5125
246525 69, 5165
248544 64, 5022
250519 79, 5060
252631 67, 5052
256572 75, 5020
258570 65, 5087
260644 66, 5075
264586 61, 5135
266618 79, 5072
268525 69, 5042
270535 68, 5072
272712 64, 5199
274522 68, 5138
276522 67, 5113
278505 68, 5155
280515 67, 5049
282505 73, 5117
284536 78, 5057
286609 72, 5022
288522 75, 5052
292593 68, 5127
294605 74, 5195
296548 71, 5199
298528 75, 5077
300519 60, 5137
302538 61, 5175
304505 62, 5046
306530 68, 5175
308505 63, 5088
310525 71, 5189
312512 70, 5141
314502 79, 5075
316531 77, 5029
318615 75, 5160
320535 75, 5036
322525 77, 5071
324527 67, 5156
326509 74, 5177
328576 77, 5122
330528 79, 5111
332502 69, 5142
334702 72, 5146
336512 76, 5063
338522 79, 5097
340509 65, 5129
342505 79, 5063
344619 67, 5159
348522 74, 5138
350532 64, 5088
352505 76, 5167
354505 65, 5084
356542 75, 5084
360506 63, 5107
364612 77, 5085
366505 76, 5060
368553 70, 5181
370512 67, 5169
372539 68, 5142
374601 73, 5158
376539 67, 5039
378515 78, 5175
380679 62, 5043
382502 70, 5136
384502 79, 5033
386670 64, 5055
388637 73, 5083
390538 73, 5144
392617 78, 5096
396512 70, 5155
398558 65, 5065
400525 64, 5160
402628 62, 5111
404530 70, 5119
406700 70, 5160
408586 66, 5076
410577 62, 5000
412557 69, 5106
414525 67, 5181
416512 63, 5033
418524 70, 5169
420660 74, 5029
422525 79, 5031
424533 79, 5060
426547 61, 5008
428609 66, 5054
430509 79, 5170
432638 66, 5119
434519 76, 5133
436556 77, 5163
438525 71, 5111
440551 63, 5041
442737 62, 5149
444530 69, 5186
446608 74, 5000
448559 69, 5120
450515 76, 5132
452625 73, 5124
454536 69, 5102
456619 64, 5132
458505 72, 5040
460584 77, 5199
462589 64, 5140
464670 75, 5184
466530 65, 5008
468525 78, 5043
470574 63, 5122
472522 79, 5105
474502 68, 5165
476570 62, 5011
480651 65, 5054
482663 71, 5105
484544 64, 5055
486536 79, 5068
488522 65, 5025
490503 62, 5069
492577 71, 5197
494545 71, 5010
496669 67, 5062
500660 74, 5194
502518 74, 5170
504525 65, 5162
506502 79, 5186
508553 63, 5027
510577 69, 5193
512530 61, 5047
516676 60, 5184
518630 75, 5101
520628 78, 5046
522525 67, 5132
524615 75, 5025
526522 61, 5006
528525 79, 5102
530689 79, 5194
532525 63, 5064
536538 69, 5094
538637 68, 5091
540600 74, 5001
542505 74, 5161
544613 66, 5053
546567 72, 5113
548553 76, 5172
550509 73, 5188
552644 60, 5053
554527 72, 5075
558563 62, 5101
560503 68, 5171
562779 77, 5007
566589 79, 5042
568505 69, 5071
570519 66, 5130
572564 62, 5169
574531 60, 5056
576525 63, 5055
578580 61, 5158
580579 66, 5191
582518 67, 5115
584505 68, 5199
586522 62, 5093
588683 63, 5081
590612 71, 5183
592525 67, 5063
596502 77, 5069
598505 63, 5076
600624 69, 5121
602502 72, 5139
604568 61, 5004
606525 60, 5102
608694 68, 5197
610503 66, 5185
612525 64, 5031
614647 78, 5068
616502 75, 5163
618505 66, 5190
620503 73, 5175
622570 78, 5120
624502 66, 5152
626564 69, 5120
628525 70, 5199
630642 71, 5014
632502 66, 5048
634512 73, 5159
636502 61, 5011
638596 79, 5152
640519 65, 5026
642547 66, 5057
644618 72, 5145
646502 63, 5124
648556 62, 5178
652505 62, 5154
654687 62, 5194
656544 65, 5181
658525 74, 5011
660519 79, 5010
662568 74, 5187
664587 70, 5181
666647 66, 5125
668562 65, 5179
670522 65, 5168
672533 66, 5167
674615 70, 5013
676515 63, 5024
678530 74, 5081
680599 71, 5081
682575 66, 5145
684502 60, 5187
686502 68, 5058
688522 66, 5058
690503 69, 5035
692539 72, 5180
694505 61, 5015
696502 69, 5169
698530 64, 5092
700509 64, 5168
702633 70, 5011
706561 60, 5180
710551 70, 5147
712522 73, 5064
714502 79, 5072
716505 68, 5061
718505 62, 5054
720519 69, 5078
722521 71, 5162
724618 77, 5135
726525 73, 5058
728512 75, 5124
730541 60, 5077
732509 72, 5081
736505 77, 5017
738609 73, 5008
740509 63, 5141
742711 64, 5007
744610 76, 5137
746522 69, 5023
748530 68, 5120
750584 73, 5138
752564 71, 5032
754591 70, 5024
756502 64, 5052
758515 73, 5048
760522 77, 5179
762593 69, 5136
764550 62, 5044
766536 62, 5051
768544 67, 5141
772566 70, 5160
774525 73, 5058
776502 75, 5093
778603 73, 5170
780522 70, 5069
782509 74, 5174
784584 78, 5148
786530 65, 5188
788527 72, 5023
790535 70, 5024
792656 77, 5113
794601 65, 5125
796595 66, 5102
798515 60, 5158
800509 67, 5193
802515 79, 5026
804635 70, 5160
806755 60, 5173
808525 65, 5134
810519 71, 5195
812522 66, 5031
814512 71, 5153
816527 73, 5132
818505 66, 5110
820554 74, 5021
822505 72, 5172
824525 67, 5079
826502 74, 5121
828502 62, 5064
832544 63, 5162
834578 64, 5039
836570 60, 5051
838544 63, 5117
840522 63, 5070
842720 65, 5193
844584 60, 5030
846664 70, 5165
848567 72, 5021
850506 65, 5124
852509 64, 5082
854638 65, 5070
856550 76, 5066
858505 66, 5072
860634 76, 5037
862522 72, 5043
864546 77, 5018
866615 66, 5060
868502 61, 5054
870503 71, 5010
872522 70, 5118
874545 71, 5117
876502 61, 5025
880503 78, 5028
882502 65, 5187
884601 67, 5196
886610 60, 5147
888522 71, 5043
890567 75, 5057
892505 75, 5127
894554 73, 5152
896525 68, 5044
898525 79, 5183
900719 75, 5026
902525 60, 5160
904665 68, 5195
906522 77, 5031
908637 62, 5149
910651 75, 5096
912544 75, 5177
914547 78, 5129
916547 66, 5008
918505 78, 5120
922512 75, 5053
924530 70, 5159
926536 65, 5032
928502 79, 5023
930538 74, 5050
932502 78, 5059
934567 61, 5130
936525 75, 5179
938577 78, 5035
940522 70, 5025
942522 67, 5165
944555 77, 5184
946550 78, 5119
948592 70, 5076
950590 71, 5110
952628 61, 5020
954518 72, 5119
956522 65, 5122
958525 66, 5130
960512 69, 5168
962502 76, 5066
964505 62, 5187
966522 69, 5022
968512 74, 5027
970525 60, 5116
972657 71, 5140
974522 69, 5108
976530 74, 5189
978558 74, 5192
980510 74, 5176
982502 69, 5151
984502 76, 5102
986522 76, 5070
988536 63, 5103
990522 63, 5181
992525 62, 5080
994527 78, 5015
996509 75, 5024
998542 73, 5088
1000509 79, 5050
1002631 64, 5023
1004663 63, 5006
1006505 72, 5096
1008525 67, 5037
1010588 68, 5186
1012584 60, 5127
1014539 76, 5111
1016515 72, 5177
1018542 68, 5057
1020744 68, 5095
1022621 64, 5154
1024527 69, 5012
1026621 75, 5086
1028619 74, 5091
1030522 72, 5144
1032522 74, 5021
1034502 79, 5015
1036558 66, 5038
1038525 67, 5043
1040509 70, 5104
1042627 70, 5166
1048566 71, 5015
1050515 74, 5079
1052512 70, 5112
1054612 60, 5170
1056556 60, 5176
1058550 79, 5130
1060503 74, 5062
1062509 77, 5069
1064551 70, 5143
1066512 64, 5011
1068502 71, 5168
1070503 76, 5086
1072502 75, 5035
1074505 67, 5066
1076505 67, 5055
1078525 77, 5116
1080519 77, 5119
1082546 62, 5073
1084502 65, 5000
1086522 69, 5164
1090566 67, 5044
1092536 73, 5022
1096652 71, 5103
1098606 75, 5118
1100509 79, 5014
1102533 73, 5018
1104502 79, 5138
1106512 60, 5067
1108597 65, 5034
1110515 78, 5083
1112502 69, 5012
1114666 68, 5002
1116616 78, 5180
1118512 70, 5029
1120563 73, 5194
1122502 67, 5177
1124592 72, 5048
1126561 63, 5119
1128555 66, 5175
1132577 70, 5132
1134641 73, 5008
1136605 79, 5178
1140509 74, 5134
1142502 78, 5199
1144512 77, 5113
1146502 73, 5136
1148522 75, 5096
1150509 71, 5125
1152547 72, 5039
1154566 67, 5006
1156590 70, 5121
1158525 75, 5160
1160541 70, 5138
1162530 79, 5068
1164515 73, 5153
1166530 70, 5152
1168522 75, 5073
1170560 67, 5049
1172590 67, 5111
1174706 62, 5164
1176542 69, 5062
1178561 63, 5003
1180525 74, 5132
1182519 62, 5047
1184531 76, 5161
1186588 66, 5146
1188567 69, 5021
1194577 63, 5079
1196567 68, 5108
1198566 64, 5097
1200519 64, 5157
1202515 61, 5076
1204502 74, 5066
1206558 67, 5197
1210503 61, 5067
1212547 60, 5062
1214525 66, 5187
1216662 72, 5005
1220567 72, 5044
1222599 65, 5079
1224615 66, 5107
1226522 79, 5095
1228555 68, 5187
1230522 70, 5036
1232525 61, 5163
1234530 74, 5043
1236527 67, 5189
1238673 73, 5123
1240509 68, 5006
1242522 71, 5088
1244611 60, 5193
1246551 78, 5127
1248525 67, 5010
1250513 72, 5098
1252509 62, 5162
1254525 66, 5016
1256693 64, 5040
1258589 79, 5122
1260512 73, 5080
1262525 65, 5086
1264534 77, 5187
1268522 71, 5152
1270512 62, 5096
1272545 74, 5140
1274545 63, 5053
1276544 72, 5149
1278525 71, 5192
1282539 63, 5046
1284502 75, 5009
1286525 79, 5047
1288536 66, 5121
1290506 64, 5152
1292519 79, 5023
1294614 60, 5076
1296505 69, 5147
1298553 71, 5074
1300522 72, 5005
1302505 67, 5141
1306505 77, 5159
1308537 71, 5154
1310634 76, 5136
1312522 65, 5078
1314505 67, 5147
1318570 75, 5121
1320737 68, 5113
1322564 72, 5167
1324575 70, 5041
1326502 67, 5179
1328616 60, 5000
1330576 75, 5188
1332515 69, 5095
1334651 77, 5163
1336553 74, 5046
1338715 71, 5029
1340545 63, 5140
1342581 71, 5159
1344573 70, 5095
1346593 63, 5085
1348525 76, 5109
1350522 71, 5083
1352502 74, 5144
1356505 76, 5116
1358505 69, 5077
1360509 60, 5091
1362608 65, 5072
1364525 72, 5121
1366502 64, 5073
1368578 70, 5172
1370564 73, 5049
1372505 72, 5122
1374515 74, 5143
1376561 79, 5093
1378711 65, 5163
1380569 61, 5149
1382669 74, 5082
1384545 72, 5097
1386534 64, 5065
1390519 65, 5199
1394544 61, 5046
1396593 71, 5176
1398522 60, 5182
1400686 62, 5084
1402611 67, 5077
1404527 79, 5082
1406649 76, 5130
1408515 64, 5112
1410519 63, 5112
1412558 79, 5034
1414536 65, 5167
1416530 75, 5174
1418694 70, 5064
1420512 68, 5099
1422539 66, 5067
1424505 66, 5020
1426628 71, 5073
1428525 68, 5037
1430503 79, 5118
1432602 68, 5057
1434502 74, 5001
1436527 71, 5144
1438525 63, 5110
1440519 61, 5180
1442509 71, 5152
1444527 66, 5064
1448505 63, 5130
1450519 65, 5184
1452664 64, 5124
1454605 68, 5017
1456600 70, 5050
1458550 72, 5084
1460583 74, 5136
1462590 76, 5189
1464553 62, 5106
1466680 63, 5183
1468512 61, 5029
1470522 75, 5015
1472581 71, 5066
1474502 70, 5164
1476617 72, 5078
1480512 63, 5124
1482502 76, 5023
1486584 66, 5138
1488522 60, 5069
1490519 66, 5011
1492502 75, 5064
1496505 77, 5059
1498505 68, 5030
1500525 72, 5087
1502612 75, 5090
1504608 63, 5166
1506551 72, 5074
1508720 60, 5079
1510665 61, 5021
1512505 71, 5030
1514544 65, 5176
1516667 66, 5102
1518571 70, 5022
1520545 60, 5173
1522597 67, 5158
1524505 72, 5026
1526502 68, 5062
1528530 77, 5070
1530506 60, 5185
1532522 69, 5053
1534522 62, 5062
1536522 77, 5011
1538522 78, 5008
1540522 64, 5151
1544577 73, 5007
1546533 78, 5095
1548545 62, 5177
1550522 74, 5008
1552598 69, 5066
1554525 65, 5166
1556554 79, 5096
1558579 73, 5109
1560522 63, 5013
1562589 69, 5142
1564539 71, 5008
1566525 79, 5181
1568541 77, 5100
1570525 75, 5188
1572530 72, 5049
1574502 62, 5133
1576509 67, 5176
1578525 67, 5071
1580542 64, 5070
1582578 71, 5006
1584522 73, 5065
1586598 72, 5088
1588515 65, 5083
1590512 61, 5165
1592654 61, 5086
1594644 72, 5021
1596533 71, 5194
1598632 68, 5193
1600631 63, 5056
1602648 62, 5169
1604530 60, 5175
1606550 73, 5023
1608509 77, 5117
1610577 76, 5136
1612522 72, 5044
1614519 63, 5112
1618502 64, 5146
1620525 64, 5144
1622626 65, 5033
1624533 71, 5124
1626502 69, 5093
1628502 73, 5121
1630525 69, 5182
1632558 67, 5166
1636544 79, 5019
1640503 70, 5013
1644644 66, 5197
1646502 66, 5111
1648530 63, 5186
1650525 73, 5107
1652597 77, 5151
1654542 73, 5063
1656564 75, 5089
1658609 69, 5021
1660576 74, 5176
1662647 69, 5187
1664638 62, 5149
1666525 69, 5071
1668505 63, 5049
1670509 78, 5143
1672657 63, 5194
1674525 78, 5005
1676522 72, 5131
1678612 68, 5068
1680506 70, 5050
1682512 78, 5111
1684624 76, 5062
1686609 78, 5093
1688525 76, 5021
1690519 64, 5143
1692505 68, 5100
1694530 69, 5113
1696573 76, 5140
1698624 73, 5005
1700651 79, 5098
1702536 63, 5048
1704592 76, 5043
1706586 61, 5189
1708556 68, 5056
1710515 65, 5175
1712525 63, 5108
1714647 74, 5085
1716512 60, 5137
1718601 69, 5025
1720503 69, 5019
1722522 73, 5199
1724586 73, 5111
1726547 61, 5014
1728502 77, 5069
1732644 64, 5142
1734564 72, 5189
1736565 76, 5158
1738553 74, 5061
1740506 73, 5129
1742619 78, 5084
1744505 78, 5179
1746582 61, 5175
1748593 70, 5189
1750541 65, 5128
1752522 67, 5072
1754536 61, 5187
1756512 71, 5193
1758651 73, 5087
1760548 70, 5166
1762575 70, 5150
1764505 72, 5159
1766572 62, 5022
1770550 71, 5038
1772556 72, 5073
1774502 69, 5198
1776638 75, 5029
1778512 76, 5132
1780519 71, 5009
1782558 65, 5009
1784509 61, 5055
1786536 64, 5147
1788586 66, 5082
1792522 65, 5043
1794502 61, 5065
1796530 64, 5082
1798560 62, 5124
