90506 1948
100522 2000
110503 2098
120522 1958
130557 1952
140606 2016
150515 2002
160709 2009
180519 1934
190509 1993
200625 2012
210569 2004
220506 1996
240544 2027
250503 1900
260509 1955
270515 2076
280531 1934
290676 2020
300522 1909
310509 1976
320513 2000
330519 1997
340515 2073
350647 1999
360544 1997
370515 2078
380660 1969
390506 1999
400506 1951
410564 2018
420503 2081
430506 1990
450519 2093
460519 2004
470532 1974
480544 2093
490522 2054
510544 1995
520509 1918
530622 2044
540512 2045
550506 2061
570541 2032
580509 1901
590676 1989
600503 2084
610515 2009
620544 2025
630506 2064
640506 2039
660515 1999
670506 1908
680561 2049
690509 1963
700512 1972
710654 2032
720554 1902
730538 1997
740513 2034
750519 1955
760506 1940
770503 1959
780560 1909
790506 1976
800564 1949
810569 2079
820503 2078
830517 2035
840525 1925
850525 2050
860705 2098
870503 1991
880522 2093
890503 1989
900506 2051
910509 1943
920519 2082
930503 1974
940595 2076
960519 2074
970528 1952
980503 1926
990606 1972
1000512 2021
1010558 1948
1020525 1999
1030519 1965
1040602 2051
1050512 2058
1060512 2029
1070509 2053
1080515 2047
1090598 2094
1110541 1957
1120512 1911
1130534 1963
1140618 1960
1150522 2016
1160503 1935
1170503 1969
1180512 2038
1190622 1953
1200515 1916
1210519 1973
1220574 2072
1230509 2066
1240519 2028
1250564 1926
1260538 1987
1270550 2094
1280509 1967
1290515 2010
1300667 2072
1310546 1934
1330522 1901
1340634 1921
1350569 2019
1360515 1966
1370574 1999
1380601 2030
1390522 2024
1400529 1902
1410522 1952
1420519 1922
1430622 2055
1440528 2017
1450525 1937
1460567 1971
1480628 1971
1490551 2056
1500515 1989
1510510 1927
1520538 1957
1530525 2067
1540506 1987
1550535 2072
1560587 2080
1570590 2019
1590519 2088
1600573 1911
1620639 2056
1630509 1912
1640503 1946
1650512 2089
1660525 1918
1680509 2098
1690522 2015
1700582 1954
1710509 1980
1720544 2030
1730686 2051
1740506 1909
1750509 2078
1760580 2099
1770541 2018
1780550 1915
