86412 3728
91208 3813
96435 3801
101250 3815
106132 3712
110793 3753
116283 3821
121191 3826
125872 3825
136304 3849
140768 3788
146084 3742
150892 3781
156126 3847
160985 3834
165825 3875
170849 3867
175814 3893
180856 3774
185754 3711
190763 3701
196344 3823
200849 3761
205842 3841
211165 3843
215683 3774
221025 3867
225897 3880
231013 3835
235987 3740
241343 3877
246217 3871
250838 3701
255794 3827
260764 3824
266032 3853
271103 3750
276138 3814
281059 3784
285959 3801
295921 3738
300647 3850
305702 3830
310818 3791
315773 3822
321107 3828
326449 3804
330720 3757
335724 3872
340799 3726
345892 3720
350839 3722
356103 3756
361204 3854
365673 3719
371179 3867
375881 3821
380792 3855
386080 3854
391017 3880
395859 3844
400813 3786
406038 3734
411016 3730
415746 3728
420872 3828
425891 3714
430826 3726
435888 3730
440631 3755
446348 3733
450661 3862
455907 3728
461026 3790
465727 3839
475702 3811
480927 3720
485873 3818
490756 3747
496751 3878
500709 3763
505953 3816
511126 3794
515827 3801
521223 3778
525592 3893
536250 3727
541294 3728
545915 3718
550964 3796
555922 3741
561202 3741
566032 3799
570697 3729
575775 3797
580862 3795
585952 3776
590991 3753
595768 3807
600858 3702
605690 3788
615903 3878
620580 3847
625878 3854
630878 3808
635894 3766
640986 3772
645659 3755
650755 3836
655896 3750
661103 3721
665702 3702
671362 3854
675930 3772
680920 3724
685969 3823
691152 3757
701182 3852
706071 3885
710944 3838
715774 3750
720948 3785
725966 3860
731106 3864
735956 3865
740910 3720
746126 3879
755773 3877
760957 3702
765752 3797
770899 3823
776144 3778
780906 3749
785995 3844
791137 3794
795791 3898
800674 3827
805974 3816
810816 3830
815895 3750
820697 3834
825663 3809
830793 3716
836039 3794
840857 3743
846173 3764
851167 3795
860969 3737
865778 3781
871201 3868
875652 3776
881011 3857
886074 3812
891050 3797
895952 3737
901091 3845
906156 3765
911033 3787
915905 3847
926054 3747
930858 3738
935987 3841
940951 3805
945911 3898
950634 3859
956197 3784
961008 3713
965862 3890
970917 3750
976003 3716
980729 3885
985663 3719
990870 3869
996309 3832
1000900 3867
1006048 3860
1010794 3806
1016008 3721
1021023 3889
1025611 3722
1030781 3705
1035888 3821
1040742 3718
1045940 3776
1051160 3795
1055916 3888
1061018 3759
1065869 3851
1070723 3748
1076046 3876
1080728 3708
1086009 3735
1090794 3809
1095688 3775
1101043 3846
1105821 3745
1110983 3798
1115999 3837
1121153 3825
1125738 3759
1130864 3780
1135696 3732
1140693 3704
1145879 3882
1150812 3841
1155827 3705
1160800 3713
1166036 3858
1175814 3794
1181031 3787
1185977 3858
1195945 3893
1200960 3861
1205724 3737
1210778 3706
1215695 3740
1220943 3811
1225762 3724
1230769 3892
1235894 3766
1240869 3802
1245957 3808
1256229 3856
1260704 3826
1265832 3784
1270872 3768
1276013 3859
1285944 3825
1291123 3733
1296109 3800
1300991 3731
1306061 3851
1311072 3789
1315859 3868
1320853 3716
1326010 3758
1331103 3850
1336016 3853
1340942 3876
1346193 3712
1351009 3894
1355731 3823
1360939 3730
1365942 3892
1370676 3725
1376058 3732
1381104 3717
1386214 3806
1390867 3753
1395981 3861
1400764 3780
1405789 3732
1410827 3710
1415904 3818
1420832 3847
1426042 3858
1431149 3850
1435888 3860
1440722 3888
1445909 3820
1451019 3782
1455859 3808
1460720 3780
1466084 3872
1470884 3809
1475980 3801
1480756 3777
1485888 3809
1490860 3794
1500765 3838
1506004 3738
1510944 3851
1516109 3770
1525877 3843
1530911 3843
1535981 3735
1541019 3838
1546013 3894
1550991 3811
1555895 3877
1560993 3839
1565737 3730
1571055 3741
1575761 3854
1580730 3748
1585801 3728
1590907 3762
1595967 3765
1600856 3836
1605724 3757
1610955 3743
1615880 3896
1620918 3720
1625653 3824
1631116 3844
1635820 3830
1640816 3829
1646004 3789
1650915 3788
1656074 3744
1661052 3796
1665689 3817
1670609 3887
1675840 3724
1680862 3810
1685916 3870
1690862 3813
1695612 3881
1700876 3770
1705782 3849
1710848 3888
1716156 3785
1720731 3701
1726064 3839
1730946 3829
1735724 3842
1740952 3756
1745965 3812
1751117 3740
1755709 3711
1761072 3781
1765988 3718
1770904 3836
1775885 3885
1780655 3866
1785948 3787
1790917 3803
1795781 3785
