110545 4304
140586 4331
170622 4447
200522 4321
260564 4413
290506 4469
320564 4375
350545 4467
380657 4357
410503 4420
440573 4434
470551 4446
530708 4356
560519 4474
620663 4463
650570 4304
680577 4341
710509 4479
740564 4331
770689 4418
800532 4306
860561 4371
890618 4485
920602 4380
950536 4424
980525 4486
1010602 4499
1040554 4487
1070548 4414
1100564 4430
1130553 4477
1160653 4368
1190622 4352
1220564 4387
1250534 4409
1280724 4453
1310602 4328
1340552 4397
1370536 4411
1400673 4412
1430530 4496
1460533 4455
1490597 4318
1520525 4364
1550516 4452
1580548 4309
1610631 4324
1640548 4447
1700516 4367
1730519 4492
1760596 4309
