110793 4416
140768 4453
170849 4351
200849 4477
231013 4469
260764 4317
321107 4313
350839 4351
380792 4489
411016 4323
440631 4396
500709 4454
561202 4386
590991 4322
620580 4311
650755 4375
680920 4376
710944 4400
740910 4478
770899 4395
800674 4425
830793 4317
860969 4484
891050 4342
950634 4406
980729 4337
1010794 4366
1040742 4391
1070723 4469
1101043 4313
1130864 4373
1160800 4331
1220943 4473
1311072 4338
1340942 4313
1370676 4490
1400764 4431
1431149 4362
1460720 4365
1490860 4421
1550991 4475
1580730 4334
1610955 4308
1640816 4417
1670609 4318
1700876 4422
1730946 4398
1761072 4425
1790917 4371
