82573 60, 5055
84515 61, 5157
86573 70, 5176
88625 71, 5018
90509 79, 5099
92536 72, 5026
94558 63, 5174
96550 76, 5132
98505 65, 5125
100512 73, 5083
102635 60, 5034
104559 71, 5114
106530 63, 5077
108570 63, 5081
110602 70, 5043
112502 65, 5031
114536 67, 5073
116622 71, 5089
120525 62, 5163
122502 65, 5164
124548 70, 5076
126631 64, 5050
128606 62, 5060
130509 74, 5078
132522 66, 5087
134530 66, 5034
136576 70, 5118
138505 68, 5078
140634 76, 5154
142545 67, 5182
144680 63, 5140
146574 77, 5137
148534 74, 5114
150589 62, 5159
152550 79, 5197
156528 65, 5160
158502 73, 5194
160515 67, 5039
162522 77, 5093
164541 72, 5190
166531 79, 5080
168525 62, 5045
172654 67, 5191
174525 61, 5018
176605 79, 5063
178530 68, 5175
180512 75, 5078
182502 73, 5096
184526 70, 5090
186603 74, 5080
188515 79, 5089
190573 72, 5093
192530 76, 5140
196553 76, 5071
198544 67, 5107
200548 61, 5152
202699 71, 5158
204561 63, 5197
206522 64, 5182
208547 77, 5012
210503 77, 5164
212509 60, 5065
214525 76, 5049
216550 68, 5006
218544 67, 5085
220522 68, 5113
222515 63, 5106
224518 66, 5052
226531 65, 5199
228551 62, 5123
230506 79, 5001
232647 63, 5094
234563 71, 5117
236525 79, 5071
238702 72, 5022
240522 68, 5109
242551 69, 5077
244554 76, 5032
248509 77, 5195
250525 74, 5099
252530 68, 5126
254502 74, 5029
256525 65, 5080
258522 62, 5068
260577 79, 5033
262525 76, 5027
264612 78, 5103
266539 69, 5080
268650 72, 5073
270598 72, 5195
272567 68, 5035
274505 78, 5029
276619 69, 5171
278525 76, 5188
280560 79, 5008
282515 73, 5036
286527 62, 5018
288502 73, 5096
290583 67, 5057
292596 67, 5105
294618 76, 5189
296533 74, 5079
298587 67, 5132
300522 70, 5167
302622 69, 5135
304567 66, 5127
306505 62, 5019
308539 61, 5146
310519 76, 5143
312522 75, 5016
316638 62, 5149
318502 74, 5131
320554 69, 5031
322570 75, 5180
324530 68, 5028
326505 65, 5001
328502 77, 5118
330531 76, 5027
332575 74, 5155
334556 75, 5062
336528 75, 5053
338564 68, 5097
340509 60, 5104
342550 69, 5060
344525 77, 5019
346567 78, 5169
348647 78, 5107
350514 67, 5043
352570 68, 5092
354522 72, 5042
356615 60, 5061
358505 68, 5155
360817 70, 5153
362619 70, 5180
364515 61, 5130
366518 78, 5045
368581 74, 5121
370519 61, 5012
372533 69, 5157
376544 79, 5187
378570 70, 5087
380509 68, 5035
382608 73, 5093
384512 70, 5192
386505 62, 5071
388582 67, 5135
390509 69, 5145
392550 77, 5195
394572 77, 5083
396531 71, 5191
398512 63, 5088
400522 62, 5000
402509 77, 5005
404505 70, 5128
406582 68, 5003
408527 79, 5106
410535 67, 5108
412524 66, 5132
414673 63, 5044
416519 74, 5029
418502 69, 5156
420535 76, 5135
424571 72, 5096
426659 74, 5148
428702 64, 5020
430566 68, 5145
432505 67, 5172
434551 77, 5086
436533 64, 5130
438622 61, 5169
440618 67, 5131
442525 65, 5097
446647 66, 5061
448567 74, 5004
450522 64, 5173
452515 67, 5045
454638 70, 5087
456638 77, 5190
458522 69, 5089
460515 68, 5195
462558 73, 5192
464505 76, 5030
466553 66, 5136
468624 64, 5145
470580 68, 5030
472604 62, 5054
474566 60, 5185
476505 64, 5027
478519 66, 5012
480597 67, 5086
482619 72, 5165
484570 62, 5193
488518 79, 5174
490525 73, 5171
492555 79, 5091
494548 79, 5030
496534 64, 5171
498555 75, 5034
500536 69, 5131
502536 69, 5146
504505 70, 5007
506577 60, 5010
508515 72, 5065
510515 73, 5112
512525 71, 5011
514527 79, 5033
516596 78, 5086
518502 71, 5091
520519 73, 5139
522525 73, 5000
524505 70, 5100
526553 75, 5015
528564 65, 5070
530689 63, 5169
532527 66, 5143
534522 73, 5107
538521 65, 5170
540506 79, 5171
542550 69, 5093
544509 79, 5105
546509 77, 5175
548606 66, 5101
550522 77, 5086
552628 72, 5179
554551 68, 5123
556502 60, 5169
558522 69, 5059
560541 69, 5028
562525 69, 5036
564525 74, 5067
566505 74, 5165
568509 64, 5151
570554 62, 5010
572580 68, 5000
574518 68, 5191
576556 69, 5149
578553 71, 5193
580550 73, 5163
582515 73, 5197
584650 66, 5193
586567 68, 5185
588505 69, 5139
590503 70, 5067
592502 74, 5157
594665 74, 5072
596536 79, 5121
600509 62, 5043
602512 78, 5136
604509 65, 5124
606583 62, 5129
608505 67, 5115
610522 74, 5002
612615 60, 5022
614505 76, 5090
616515 68, 5154
618578 71, 5145
620503 71, 5054
622587 61, 5074
624547 67, 5023
626525 64, 5133
628549 75, 5191
630515 72, 5010
632581 63, 5152
636505 77, 5176
640531 64, 5134
642612 68, 5034
644536 63, 5132
646522 78, 5149
648686 75, 5122
650530 73, 5193
652505 60, 5152
654505 79, 5107
656522 76, 5178
658530 67, 5140
660509 72, 5175
662563 74, 5099
664527 69, 5111
666634 69, 5141
668585 61, 5041
670519 69, 5137
672530 76, 5059
674567 63, 5197
676547 77, 5152
678613 70, 5017
682509 79, 5086
684593 77, 5184
686548 69, 5185
688505 60, 5065
690503 66, 5158
692525 63, 5067
694558 62, 5097
696536 78, 5022
698631 62, 5071
700538 74, 5057
704593 78, 5117
706679 73, 5173
708512 75, 5020
710615 69, 5092
712692 76, 5020
714583 62, 5100
716522 76, 5053
718558 70, 5171
720522 70, 5024
724631 68, 5145
726502 75, 5048
728525 71, 5073
730560 76, 5090
732525 65, 5017
734522 62, 5119
736564 70, 5073
738622 63, 5046
740509 63, 5003
742505 62, 5154
744541 65, 5088
746505 67, 5034
748672 62, 5015
750503 66, 5126
752660 67, 5012
754505 71, 5065
756606 71, 5008
758505 61, 5120
760550 71, 5162
762538 79, 5022
764519 67, 5033
766615 60, 5087
768539 61, 5185
770564 60, 5058
772509 72, 5138
774505 62, 5179
776556 64, 5097
778530 69, 5192
780506 62, 5053
782522 73, 5105
784664 60, 5133
786556 68, 5023
788502 78, 5027
790560 63, 5116
792530 76, 5118
794592 76, 5076
796534 73, 5188
798502 67, 5050
800544 68, 5085
802527 74, 5083
804598 76, 5142
806695 78, 5161
808559 78, 5025
810588 63, 5069
812525 63, 5142
814632 62, 5130
816553 71, 5056
818525 60, 5051
820519 72, 5059
822608 62, 5177
824505 73, 5183
826542 62, 5138
828561 71, 5069
830625 69, 5187
834570 66, 5183
836502 79, 5098
838505 72, 5034
840582 71, 5153
842522 61, 5148
844575 69, 5081
846527 62, 5058
848522 63, 5108
850509 61, 5129
852575 67, 5086
854644 68, 5173
856586 64, 5061
858695 61, 5028
860577 71, 5182
862567 75, 5101
864509 62, 5186
866517 61, 5064
868564 69, 5058
870519 69, 5022
872628 68, 5054
874505 74, 5092
876551 68, 5140
878525 67, 5109
880506 69, 5036
882585 64, 5157
884567 65, 5131
886505 70, 5006
888505 69, 5042
890509 72, 5149
894649 66, 5159
896544 62, 5084
898519 69, 5021
900506 72, 5195
902525 61, 5044
904515 75, 5029
906586 79, 5061
908539 62, 5154
910611 64, 5023
912544 66, 5083
914536 61, 5181
916522 76, 5017
918522 67, 5101
920562 75, 5105
922530 63, 5094
924590 74, 5012
926515 70, 5098
928509 65, 5132
930506 67, 5003
932547 68, 5071
934502 70, 5170
936544 69, 5015
940544 67, 5037
942515 73, 5075
944567 73, 5142
946572 78, 5139
948605 78, 5012
950529 73, 5096
952522 70, 5065
954525 62, 5058
956502 79, 5129
958515 73, 5074
960522 71, 5194
962512 72, 5152
964502 65, 5187
966522 72, 5144
968644 78, 5033
970525 67, 5097
972505 63, 5065
974502 74, 5030
976621 60, 5135
978581 78, 5102
980503 70, 5028
982505 73, 5130
984505 67, 5101
986502 71, 5190
988578 60, 5179
990656 73, 5044
992660 63, 5132
994502 72, 5067
996519 65, 5155
998533 62, 5104
1000515 70, 5013
1004547 73, 5060
1006502 68, 5179
1008512 71, 5066
1010535 66, 5194
1012593 66, 5118
1014689 77, 5093
1016522 66, 5176
1018592 64, 5100
1020509 66, 5183
1022505 74, 5124
1024567 72, 5050
1026592 74, 5020
1028525 62, 5069
1030503 68, 5084
1032544 65, 5186
1034557 76, 5078
1036505 75, 5193
1038567 60, 5002
1044512 65, 5019
1046590 78, 5181
1048533 72, 5032
1050525 76, 5086
1052553 75, 5155
1054502 77, 5165
1056691 62, 5104
1058559 61, 5017
1060519 68, 5089
1062502 61, 5027
1064505 79, 5092
1066502 65, 5101
1070557 75, 5139
1072544 73, 5052
1074578 70, 5162
1076580 69, 5198
1078502 66, 5152
1080506 66, 5073
1082530 68, 5104
1084515 64, 5112
1086525 67, 5134
1088530 77, 5160
1090528 60, 5156
1092525 75, 5142
1094547 70, 5121
1096518 65, 5072
1098577 77, 5083
1100673 71, 5067
1102525 61, 5173
1104654 75, 5091
1106558 74, 5047
1108530 70, 5143
1110519 78, 5070
1112556 64, 5100
1114525 63, 5031
1116559 64, 5017
1118553 68, 5077
1120522 71, 5182
1122711 76, 5067
1124525 75, 5029
1126522 67, 5144
1128717 69, 5068
1130593 71, 5187
1132544 78, 5148
1134522 62, 5132
1136673 78, 5009
1138502 73, 5174
1140525 65, 5031
1142525 66, 5119
1144502 75, 5107
1146692 71, 5113
1148515 60, 5068
1150509 61, 5080
1152533 68, 5197
1154515 60, 5068
1156564 62, 5110
1158602 74, 5088
1160596 63, 5021
1162530 77, 5053
1164682 67, 5183
1166502 72, 5062
1168522 62, 5018
1170506 68, 5102
1172515 60, 5150
1178547 70, 5052
1180515 76, 5083
1182656 73, 5152
1184522 78, 5031
1188509 61, 5111
1190529 60, 5099
1192527 60, 5192
1194547 72, 5165
1196502 68, 5056
1198542 72, 5002
1200503 61, 5063
1202571 68, 5184
1204571 68, 5172
1206525 69, 5125
1208505 74, 5028
1210515 71, 5052
1212553 77, 5197
1214699 67, 5021
1216530 64, 5054
1218505 71, 5130
1220517 72, 5014
1222538 66, 5110
1224527 70, 5109
1226544 70, 5087
1228650 73, 5088
1230598 79, 5011
1234502 68, 5101
1236509 60, 5092
1238567 63, 5157
1240554 67, 5094
1244525 71, 5147
1246562 78, 5157
1248505 60, 5114
1250503 73, 5010
1252512 74, 5016
1254522 63, 5057
1256587 79, 5084
1258522 79, 5028
1260506 66, 5185
1262542 64, 5174
1264545 71, 5170
1266555 70, 5185
1268525 75, 5003
1270544 73, 5124
1272525 72, 5110
1274606 71, 5122
1276505 78, 5115
1280586 77, 5054
1284622 61, 5160
1288564 60, 5012
1290512 72, 5184
1292556 78, 5101
1294502 75, 5163
1296570 78, 5139
1298576 63, 5125
1300506 76, 5019
1302522 70, 5088
1304550 61, 5149
1306502 62, 5016
1308512 67, 5020
1310503 73, 5030
1312615 67, 5145
1314612 65, 5119
1316525 77, 5194
1318553 79, 5130
1320506 66, 5079
1322542 69, 5018
1324584 60, 5146
1326512 70, 5001
1328536 72, 5161
1330528 75, 5078
1332534 64, 5049
1334561 61, 5198
1336525 60, 5091
1338614 66, 5199
1340557 61, 5028
1342525 71, 5166
1344502 78, 5015
1346605 60, 5178
1348522 79, 5123
1350573 78, 5195
1352525 60, 5032
1354564 68, 5115
1356530 61, 5152
1358584 71, 5027
1360503 72, 5064
1362641 72, 5182
1364638 63, 5136
1366555 66, 5158
1368530 78, 5084
1370529 76, 5008
1372502 63, 5008
1374525 68, 5188
1376522 69, 5154
1378539 67, 5011
1380525 63, 5007
1382519 70, 5084
1384577 79, 5035
1386548 77, 5125
1388567 75, 5008
1390515 73, 5070
1392560 75, 5166
1394542 64, 5148
1396545 76, 5172
1398502 73, 5146
1400509 68, 5101
1402608 69, 5189
1404512 79, 5005
1406553 68, 5117
1408705 76, 5141
1410531 65, 5162
1412544 73, 5030
1414602 78, 5146
1416564 64, 5060
1418608 77, 5033
1420528 76, 5134
1422553 71, 5017
1424525 78, 5099
1426586 70, 5029
1428578 73, 5088
1430629 66, 5007
1432502 70, 5070
1434522 68, 5060
1436609 72, 5121
1438634 71, 5036
1440646 74, 5104
1442525 78, 5083
1444522 77, 5066
1446558 62, 5112
1448515 66, 5065
1450525 72, 5065
1452528 76, 5061
1454522 74, 5032
1456771 66, 5189
1458505 60, 5191
1460650 62, 5166
1462597 75, 5063
1464512 70, 5089
1466505 78, 5085
1468547 78, 5132
1470503 78, 5007
1472647 69, 5059
1474564 78, 5133
1476530 75, 5191
1478515 72, 5144
1480593 66, 5059
1482536 72, 5027
1484502 63, 5043
1486502 60, 5011
1488564 75, 5049
1492522 63, 5091
1494525 78, 5090
1496525 72, 5116
1498579 68, 5000
1500503 76, 5030
1502557 77, 5127
1504505 65, 5042
1506505 73, 5089
1508624 61, 5170
1510551 65, 5016
1512544 76, 5000
1514505 63, 5157
1516525 63, 5017
1518574 74, 5181
1520564 67, 5124
1522564 69, 5018
1524565 65, 5191
1526509 62, 5023
1528522 67, 5024
1530563 71, 5168
1532612 74, 5126
1534596 65, 5094
1536634 78, 5006
1538625 64, 5000
1540531 70, 5097
1542530 64, 5180
1544505 69, 5007
1546596 70, 5192
1548643 76, 5021
1550561 78, 5147
1552587 74, 5029
1554536 63, 5019
1556530 68, 5113
1558555 77, 5122
1560506 64, 5130
1562570 60, 5008
1564575 74, 5174
1566533 64, 5076
1570535 77, 5126
1572604 62, 5158
1574502 72, 5195
1576702 61, 5018
1578502 73, 5009
1580682 63, 5125
1582502 63, 5137
1584502 75, 5113
1586570 62, 5072
1588558 70, 5099
1590522 62, 5031
1592597 78, 5044
1594530 78, 5178
1596525 69, 5030
1598519 77, 5088
1600506 64, 5023
1602502 69, 5007
1604576 79, 5196
1606564 67, 5120
1608502 77, 5143
1610673 62, 5129
1612608 60, 5008
1614544 61, 5132
1616522 78, 5063
1618522 62, 5073
1620503 62, 5017
1622563 75, 5018
1624522 76, 5130
1626505 63, 5054
1628522 64, 5177
1630563 61, 5095
1632554 75, 5033
1634530 60, 5035
1636519 65, 5105
1638505 66, 5093
1640580 78, 5051
1642564 60, 5158
1644548 76, 5167
1646509 69, 5045
1648539 74, 5174
1650525 65, 5191
1652575 79, 5195
1656628 73, 5057
1658536 62, 5173
1660509 65, 5068
1662530 63, 5009
1664648 66, 5009
1666527 62, 5062
1668522 77, 5031
1670615 61, 5110
1672585 73, 5066
1674534 64, 5136
1676512 62, 5101
1678542 75, 5022
1680683 67, 5135
1682550 67, 5062
1684528 63, 5047
1686558 70, 5080
1688530 64, 5014
1690515 72, 5018
1692502 63, 5163
1694700 65, 5051
1696502 60, 5127
1698573 73, 5158
1700523 62, 5109
1702502 70, 5090
1704599 73, 5126
1706647 70, 5141
1708572 68, 5105
1710509 66, 5124
1712632 78, 5192
1714522 64, 5052
1716545 72, 5047
1718522 61, 5131
1720519 74, 5171
1722718 70, 5088
1724612 77, 5193
1726578 60, 5161
1728584 79, 5026
1730602 74, 5019
1732518 73, 5143
1734525 74, 5175
1736502 77, 5140
1738525 62, 5072
1740525 76, 5028
1742603 65, 5127
1744522 68, 5104
1748530 69, 5104
1750503 79, 5075
1752561 75, 5100
1754502 70, 5070
1756502 75, 5085
1758633 63, 5152
1760615 67, 5129
1762515 66, 5133
1764547 74, 5149
1766593 61, 5166
1768525 65, 5017
1770519 62, 5177
1774704 61, 5010
1776642 61, 5172
1778570 69, 5142
1780561 72, 5025
1782561 64, 5116
1784533 67, 5027
1786615 74, 5017
1788654 76, 5004
1790509 71, 5091
1794551 74, 5189
1796509 74, 5127
1798573 76, 5114
