110578 4365
170654 4476
200541 4351
260644 4350
320535 4433
350532 4460
380679 4421
410577 4427
440551 4487
470574 4384
500660 4494
530689 4499
560503 4324
590612 4343
620503 4304
680599 4323
710551 4407
740509 4305
800509 4346
860634 4431
890567 4363
950590 4317
980510 4428
1010588 4371
1040509 4491
1070503 4338
1100509 4392
1160541 4464
1220567 4435
1250513 4345
1310634 4463
1340545 4384
1370564 4483
1400686 4370
1430503 4408
1460583 4389
1490519 4310
1520545 4399
1550522 4496
1580542 4453
1610577 4316
1640503 4384
1670509 4490
1700651 4380
1760548 4496
