82586 61, 5124
85670 60, 5061
87094 60, 5053
88790 70, 5010
90921 63, 5094
92895 71, 5090
95161 62, 5190
97594 68, 5150
99439 76, 5197
102988 72, 5155
105202 71, 5160
106966 63, 5113
108907 79, 5057
113189 61, 5103
115087 79, 5068
116974 77, 5126
118854 74, 5081
121699 61, 5019
122850 73, 5090
125179 79, 5140
127050 71, 5179
129127 71, 5003
131198 65, 5140
133070 76, 5164
135621 67, 5122
137300 69, 5005
139125 61, 5177
140904 64, 5134
143044 70, 5189
145207 75, 5015
146887 76, 5074
149042 71, 5087
151344 62, 5012
152891 60, 5185
155204 69, 5105
157008 66, 5073
158874 60, 5121
160908 61, 5028
163097 60, 5091
168985 77, 5060
170950 63, 5083
173076 60, 5158
175366 69, 5173
176741 60, 5128
178910 70, 5092
180886 70, 5089
184755 70, 5072
186980 68, 5054
188741 78, 5079
190749 63, 5088
193161 73, 5049
194854 63, 5162
197669 63, 5037
198945 68, 5158
202935 61, 5043
204992 76, 5095
206722 72, 5136
209125 68, 5189
211081 73, 5169
213049 65, 5148
215127 64, 5152
216814 74, 5122
218811 70, 5122
220681 64, 5053
222967 79, 5085
225056 75, 5033
226965 79, 5042
229165 70, 5144
231050 79, 5108
232851 62, 5044
234951 79, 5078
236949 66, 5000
239041 66, 5153
241069 64, 5112
243004 69, 5020
244847 61, 5043
247031 71, 5166
248867 60, 5039
250815 68, 5185
253037 60, 5184
255027 63, 5100
257009 67, 5166
259040 69, 5069
260968 62, 5092
262953 79, 5149
264767 66, 5082
268883 63, 5125
271031 69, 5143
272928 77, 5177
275216 78, 5163
277281 62, 5141
278948 69, 5001
280901 66, 5002
282930 79, 5020
285075 75, 5104
286979 63, 5082
288841 71, 5158
290610 77, 5052
292790 62, 5068
294758 69, 5079
296996 62, 5190
298922 60, 5110
300957 71, 5196
302670 73, 5070
304695 61, 5026
309122 65, 5161
310742 61, 5095
312874 60, 5060
314704 72, 5191
317082 77, 5036
319305 72, 5044
321020 72, 5188
322872 71, 5061
324732 77, 5100
329092 64, 5159
330993 73, 5162
332902 64, 5195
335034 75, 5157
336881 69, 5010
339003 75, 5172
340728 75, 5009
342925 72, 5050
344839 78, 5092
346905 79, 5099
348870 70, 5100
351260 78, 5134
352725 72, 5197
355245 78, 5190
356988 67, 5030
359094 62, 5058
360952 71, 5159
362818 60, 5106
364757 68, 5133
368972 66, 5137
371239 70, 5037
372795 76, 5083
377042 64, 5195
378870 67, 5028
382746 72, 5197
384776 79, 5082
386815 79, 5010
389070 70, 5045
390778 62, 5184
392959 71, 5099
394851 71, 5114
396903 77, 5069
398815 75, 5055
401031 65, 5181
402867 71, 5028
404851 68, 5040
407048 72, 5187
408748 74, 5092
410875 72, 5076
412919 69, 5039
414901 78, 5081
418935 78, 5155
420825 71, 5151
423091 72, 5182
425032 69, 5017
426869 76, 5123
428993 69, 5123
430949 69, 5199
433280 73, 5062
434816 64, 5068
436829 74, 5193
438974 71, 5083
440608 69, 5044
442637 69, 5057
447058 79, 5015
449119 67, 5096
450772 78, 5040
452825 73, 5071
454957 73, 5128
456816 67, 5127
459274 65, 5072
460896 66, 5062
462838 64, 5093
464923 71, 5048
467047 60, 5133
471164 60, 5016
472787 70, 5192
474748 63, 5010
478901 60, 5099
480726 67, 5040
483044 62, 5051
484992 60, 5014
486597 79, 5119
489133 62, 5127
490870 70, 5160
492806 65, 5177
494988 60, 5075
496970 68, 5112
498845 70, 5100
500978 69, 5087
502902 62, 5051
504880 65, 5174
508709 69, 5082
510804 70, 5007
512820 62, 5136
515031 61, 5086
520956 63, 5008
522702 76, 5197
524922 61, 5040
528867 70, 5109
531055 76, 5115
533134 74, 5123
534697 70, 5100
536928 65, 5105
541343 72, 5058
542960 65, 5196
544795 62, 5140
546955 76, 5036
548696 64, 5131
551282 74, 5175
552834 66, 5163
554787 70, 5054
557069 72, 5171
558912 73, 5136
561198 68, 5114
562932 73, 5039
564865 66, 5183
567017 66, 5115
568618 71, 5100
570922 68, 5019
573119 74, 5140
574951 76, 5169
576915 61, 5053
578874 79, 5113
580912 70, 5148
582658 66, 5008
584896 74, 5083
586835 63, 5037
588993 73, 5154
590834 66, 5101
592994 71, 5067
594670 60, 5098
596833 74, 5099
599226 61, 5086
600928 68, 5154
602869 78, 5169
605157 79, 5192
606637 65, 5150
609034 74, 5005
610978 73, 5180
612995 60, 5054
614964 67, 5094
617062 68, 5140
618861 66, 5008
622887 64, 5096
625152 71, 5124
626634 76, 5159
628985 75, 5054
630733 76, 5013
633082 70, 5085
634807 79, 5002
636944 62, 5078
639067 63, 5185
643136 69, 5178
644913 69, 5189
646735 72, 5094
649020 65, 5170
650802 78, 5052
653000 78, 5000
655021 61, 5082
656789 76, 5036
658934 79, 5096
661234 66, 5086
662851 79, 5160
664758 73, 5193
666789 66, 5047
669170 64, 5013
670975 61, 5128
673049 68, 5129
674937 70, 5153
676903 77, 5066
678818 60, 5083
681019 60, 5164
682848 66, 5022
685148 64, 5176
686814 78, 5181
689157 68, 5012
691349 75, 5128
693147 76, 5124
694968 71, 5044
696893 76, 5164
698980 74, 5113
700735 68, 5044
703149 70, 5144
704822 75, 5047
706980 64, 5025
708957 63, 5141
710897 73, 5079
712748 61, 5001
714941 74, 5092
716845 76, 5048
718675 76, 5105
721045 61, 5051
722699 73, 5095
725115 76, 5130
726900 72, 5018
728876 74, 5133
731152 64, 5100
732674 74, 5005
735040 77, 5026
736822 65, 5096
738770 76, 5160
740900 61, 5111
742819 79, 5097
744842 69, 5173
747016 61, 5068
749038 61, 5000
750805 60, 5176
753216 60, 5179
755001 70, 5007
758859 74, 5068
761081 60, 5093
763141 69, 5193
764745 68, 5042
767051 66, 5132
772840 79, 5040
775025 69, 5192
776956 70, 5102
778799 77, 5133
780828 74, 5184
782763 74, 5129
785061 79, 5104
786947 66, 5041
788922 63, 5126
791173 67, 5107
792984 75, 5041
794687 63, 5186
798825 69, 5105
800943 62, 5007
804882 77, 5032
807038 71, 5125
808849 62, 5118
810812 64, 5006
813065 72, 5028
814820 63, 5157
816982 78, 5121
818958 69, 5010
821032 68, 5110
822810 72, 5127
824899 75, 5173
826939 65, 5091
828953 75, 5158
830840 64, 5085
832677 75, 5043
836723 69, 5129
838657 64, 5099
841046 72, 5062
842727 68, 5090
844835 65, 5148
846954 65, 5044
848822 77, 5090
850757 79, 5181
852634 70, 5192
855042 66, 5030
856935 72, 5011
858971 69, 5177
861016 78, 5034
863003 69, 5128
864804 68, 5097
866717 62, 5009
868825 64, 5040
871031 70, 5141
872751 78, 5060
874927 77, 5188
876837 72, 5155
879019 63, 5195
880796 61, 5123
882917 64, 5120
884681 62, 5056
888756 71, 5110
892961 66, 5029
895116 61, 5035
896834 60, 5107
898838 78, 5037
900842 68, 5168
902713 71, 5111
904868 77, 5088
906830 76, 5191
908748 66, 5151
910854 72, 5012
912819 64, 5046
914736 66, 5101
916921 62, 5031
918913 66, 5007
922872 65, 5194
925087 65, 5170
927038 63, 5114
929091 71, 5181
930778 78, 5122
933047 63, 5111
935264 69, 5192
936718 68, 5046
939246 70, 5069
940938 62, 5195
942638 65, 5116
944840 69, 5119
946954 77, 5100
948825 78, 5100
950841 60, 5076
952628 67, 5171
954841 64, 5043
956728 72, 5022
959087 61, 5006
960836 70, 5065
962839 77, 5093
964836 77, 5077
966876 70, 5018
968724 75, 5108
970818 73, 5126
972792 61, 5195
975210 67, 5051
976624 70, 5030
979074 71, 5182
980770 75, 5061
982948 75, 5120
986960 60, 5154
989153 79, 5027
992806 64, 5121
995012 77, 5169
996711 70, 5090
998796 75, 5090
1000880 60, 5044
1002941 63, 5081
1004946 69, 5058
1007144 61, 5034
1010952 62, 5122
1012739 73, 5006
1014984 69, 5194
1016900 60, 5177
1018883 61, 5193
1020754 61, 5048
1022980 63, 5161
1024983 63, 5079
1027088 69, 5094
1028729 75, 5140
1031170 72, 5159
1033084 64, 5074
1034812 67, 5092
1036915 67, 5036
1042807 71, 5084
1045013 73, 5025
1046871 77, 5195
1048857 76, 5189
1051136 75, 5063
1052717 65, 5124
1054887 67, 5123
1056781 72, 5050
1058823 71, 5075
1060857 63, 5181
1063072 74, 5154
1065007 69, 5148
1067180 60, 5100
1068922 71, 5084
1072709 65, 5066
1074818 77, 5055
1076774 65, 5008
1079139 66, 5018
1080934 72, 5132
1082829 78, 5134
1084831 62, 5080
1086907 65, 5193
1088772 69, 5103
1091161 71, 5137
1092984 65, 5076
1094625 66, 5000
1096800 77, 5017
1098841 72, 5006
1100817 77, 5119
1102699 67, 5174
1105001 61, 5001
1107147 72, 5040
1109079 68, 5033
1111200 66, 5000
1113013 67, 5073
1114850 74, 5087
1117057 75, 5047
1118891 64, 5006
1121102 62, 5093
1122991 77, 5039
1125094 63, 5042
1127047 74, 5090
1128824 75, 5032
1130956 73, 5161
1133046 70, 5190
1136838 72, 5083
1138812 67, 5113
1140743 76, 5101
1142903 73, 5170
1145030 70, 5188
1146757 79, 5157
1148842 60, 5086
1150965 71, 5032
1152952 73, 5060
1155150 64, 5136
1156996 65, 5026
1159042 67, 5100
1160765 73, 5125
1162955 70, 5144
1164810 77, 5051
1166750 71, 5199
1168659 63, 5019
1170718 66, 5047
1172884 66, 5168
1175174 61, 5025
1176720 77, 5031
1178856 70, 5187
1181007 73, 5090
1184879 65, 5050
1186707 67, 5018
1188949 76, 5148
1190900 75, 5020
1192794 79, 5085
1194936 69, 5037
1196726 60, 5129
1198954 65, 5043
1200869 76, 5037
1202987 73, 5173
1205083 65, 5113
1207113 64, 5120
1208907 75, 5014
1210953 70, 5115
1212715 60, 5103
1214765 62, 5018
1216753 66, 5161
1218865 76, 5058
1220879 75, 5019
1222813 71, 5033
1224783 79, 5142
1227072 77, 5131
1229033 65, 5027
1231016 60, 5162
1232996 67, 5033
1234872 67, 5113
1236857 76, 5038
1238893 60, 5000
1240937 75, 5029
1242795 70, 5018
1244782 67, 5123
1246859 78, 5057
1248740 68, 5093
1252901 63, 5014
1255001 73, 5106
1256950 72, 5166
1259012 66, 5013
1261132 62, 5196
1262952 78, 5005
1264971 65, 5001
1266952 65, 5116
1269082 61, 5175
1271051 78, 5004
1273007 70, 5116
1274981 68, 5002
1276716 71, 5046
1279001 69, 5141
1281104 74, 5063
1282908 76, 5042
1284790 61, 5100
1287094 61, 5164
1289039 62, 5000
1290946 70, 5143
1292827 67, 5011
1294729 68, 5106
1296797 78, 5100
1299093 73, 5078
1302917 75, 5160
1305000 71, 5053
1306781 68, 5014
1308994 77, 5092
1312993 72, 5037
1315001 77, 5082
1316826 61, 5158
1318727 78, 5117
1320978 73, 5056
1322840 71, 5109
1325076 60, 5155
1326955 70, 5043
1329077 66, 5036
1330892 67, 5014
1332738 65, 5122
1335030 61, 5084
1336903 75, 5097
1338984 68, 5126
1340797 68, 5032
1342937 79, 5100
1344826 77, 5081
1346758 73, 5123
1348857 66, 5054
1350835 60, 5122
1352938 63, 5042
1354889 79, 5169
1356831 60, 5047
1358909 68, 5012
1361052 70, 5114
1362835 72, 5003
1364993 69, 5045
1367225 71, 5107
1368720 76, 5008
1372706 69, 5177
1374851 60, 5133
1376742 74, 5085
1378864 66, 5129
1380753 66, 5081
1383158 63, 5137
1384955 62, 5064
1386776 66, 5183
1388911 65, 5144
1391252 65, 5018
1392944 66, 5028
1394932 60, 5121
1396868 63, 5024
1398739 65, 5059
1402760 74, 5008
1404852 78, 5186
1406801 66, 5043
1408730 71, 5147
1410851 79, 5078
1413083 63, 5033
1414993 71, 5026
1417009 68, 5176
1419012 65, 5013
1420972 63, 5180
1422694 78, 5130
1425058 65, 5064
1426936 79, 5078
1428844 68, 5169
1430766 63, 5048
1432770 78, 5021
1434906 71, 5004
1436980 62, 5035
1438960 63, 5113
1440762 69, 5055
1442799 61, 5174
1444812 77, 5061
1447012 61, 5057
1449057 70, 5163
1450829 65, 5029
1452886 67, 5095
1454776 68, 5041
1456958 72, 5199
1458777 67, 5039
1460798 65, 5132
1462878 70, 5102
1464868 76, 5000
1467027 70, 5114
1468907 68, 5113
1470870 76, 5103
1472857 60, 5077
1475183 69, 5020
1476844 64, 5161
1479127 66, 5046
1480940 65, 5094
1482998 70, 5186
1484644 67, 5009
1486945 79, 5196
1489175 71, 5100
1490791 63, 5158
1492633 62, 5117
1494748 66, 5063
1496984 66, 5050
1499103 72, 5147
1500930 79, 5123
1502850 77, 5173
1504837 76, 5162
1506961 78, 5068
1509158 64, 5198
1510997 63, 5190
1513160 61, 5058
1514918 61, 5165
1517000 75, 5021
1518906 72, 5023
1520804 78, 5158
1522927 73, 5197
1524865 72, 5032
1526953 76, 5027
1528652 63, 5142
1530709 73, 5008
1533034 77, 5094
1534748 66, 5072
1537012 78, 5105
1538857 74, 5087
1541002 60, 5091
1542880 64, 5163
1545035 70, 5126
1546791 63, 5116
1548774 77, 5171
1550768 63, 5042
1552832 70, 5080
1554915 76, 5010
1556748 67, 5059
1560967 78, 5084
1562913 60, 5180
1564916 65, 5036
1567038 71, 5035
1568809 64, 5181
1571152 66, 5049
1572923 64, 5163
1575151 63, 5003
1576768 65, 5027
1580953 65, 5056
1582977 61, 5058
1585076 78, 5013
1586838 77, 5024
1588925 65, 5190
1591077 68, 5123
1592835 73, 5155
1594861 71, 5142
1596628 62, 5099
1598767 60, 5063
1600899 63, 5192
1602673 60, 5147
1606612 77, 5049
1610747 73, 5174
1612698 77, 5030
1615010 76, 5170
1616887 76, 5045
1619024 68, 5155
1620984 69, 5185
1622846 79, 5079
1624957 62, 5126
1626980 64, 5093
1628927 76, 5004
1631249 69, 5063
1632744 66, 5004
1634938 75, 5028
1636837 65, 5111
1638808 65, 5025
1641061 73, 5167
1642774 74, 5132
1646845 65, 5035
1648837 68, 5146
1650854 75, 5116
1652873 64, 5147
1654745 79, 5077
1656816 72, 5198
1659029 69, 5053
1661155 78, 5119
1662952 60, 5149
1665084 67, 5070
1667007 70, 5002
1668992 69, 5019
1671010 67, 5022
1672903 63, 5173
1674739 72, 5189
1676851 73, 5065
1679070 75, 5169
1680872 72, 5007
1682815 73, 5026
1684806 79, 5145
1686960 71, 5047
1689042 65, 5001
1690889 63, 5135
1692708 66, 5088
1694880 62, 5078
1696890 69, 5180
1698695 67, 5157
1700934 70, 5119
1702939 61, 5172
1705044 79, 5021
1707155 61, 5153
1708916 66, 5187
1712686 65, 5054
1714830 74, 5112
1716950 67, 5113
1722961 76, 5092
1724928 63, 5030
1726807 71, 5170
1729084 67, 5126
1730909 76, 5158
1733070 67, 5118
1734823 63, 5045
1736619 75, 5072
1739051 77, 5192
1740870 62, 5069
1743050 68, 5159
1745047 78, 5031
1747113 61, 5070
1748927 63, 5087
1750937 71, 5125
1753011 70, 5196
1754979 65, 5036
1756777 63, 5097
1758822 60, 5128
1760747 61, 5176
1762852 67, 5000
1764989 72, 5061
1766930 70, 5046
1768825 62, 5151
1770968 73, 5043
1772960 70, 5103
1774774 67, 5005
1776961 78, 5021
1778644 69, 5167
1780808 76, 5059
1783140 71, 5004
1785119 79, 5099
1786673 60, 5156
1788687 74, 5141
1790770 70, 5194
1792815 70, 5023
1794874 62, 5005
1797225 68, 5019
