85563 3713
90506 3870
95602 3892
100512 3711
105541 3841
110692 3891
115505 3779
120671 3809
125644 3740
130525 3766
135521 3767
140513 3781
145589 3854
150557 3793
155683 3819
160512 3835
165608 3774
175611 3723
180525 3755
185502 3713
190622 3868
195718 3772
200503 3805
205629 3729
210515 3751
215502 3744
220506 3804
230503 3898
240644 3759
245502 3843
250515 3754
260658 3809
265531 3866
270531 3796
275502 3700
280708 3796
285563 3846
290622 3782
295563 3843
300525 3793
305592 3782
310515 3786
315512 3849
325742 3703
330503 3805
335615 3838
340614 3818
345592 3771
350503 3779
355502 3835
360515 3744
365543 3779
370503 3776
385686 3821
390515 3828
395547 3790
400531 3899
405583 3701
410535 3827
415641 3815
420506 3898
425525 3741
430588 3845
435505 3707
440612 3705
445534 3860
450525 3791
455583 3743
460525 3731
465586 3798
470686 3753
475508 3768
480519 3886
485555 3871
490585 3808
495599 3797
500533 3705
505505 3874
510503 3718
515560 3876
520554 3837
525521 3749
530503 3807
535521 3778
540699 3732
545502 3752
550525 3859
555579 3896
565583 3820
570512 3739
575515 3726
580522 3767
585611 3762
590599 3887
595534 3874
600618 3843
605547 3898
610512 3835
615531 3702
620650 3806
625760 3785
630503 3793
635606 3762
640528 3843
645659 3829
655647 3877
660519 3769
665607 3786
670512 3709
675651 3817
680539 3734
685660 3733
690632 3700
695508 3817
700515 3855
705521 3876
715544 3791
720547 3863
725517 3764
730522 3769
735537 3885
740666 3747
745505 3790
750522 3855
755544 3767
760515 3850
765579 3831
770509 3804
775570 3764
780512 3792
785505 3734
790544 3788
795588 3855
805576 3741
810528 3838
815505 3815
820522 3707
825583 3809
830631 3753
835502 3869
840525 3823
845509 3886
850515 3897
855502 3858
865502 3865
870506 3840
880503 3881
885590 3894
895544 3897
900509 3713
905586 3775
910525 3784
915512 3778
920554 3761
925508 3850
930525 3763
935508 3897
940515 3869
945627 3740
950568 3855
955554 3761
960503 3726
965531 3725
970557 3865
975541 3750
980660 3723
985691 3885
990512 3714
995576 3860
1000522 3856
1005631 3744
1010695 3740
1015584 3767
1020503 3770
1025587 3869
1030547 3889
1035541 3855
1045515 3736
1050569 3795
1055583 3864
1060528 3764
1070615 3817
1075502 3790
1080535 3899
1085602 3707
1090519 3709
1095502 3741
1100503 3866
1105567 3733
1110512 3782
1115745 3739
1120509 3814
1125554 3795
1130542 3861
1135508 3899
1140519 3761
1145592 3882
1150515 3701
1160609 3845
1165544 3787
1170519 3719
1175547 3860
1180538 3806
1185554 3784
1195515 3795
1200522 3880
1205534 3724
1210509 3861
1215505 3821
1225502 3702
1230506 3852
1235538 3779
1240512 3892
1245538 3752
1255528 3829
1260506 3787
1265715 3784
1270509 3891
1275531 3845
1285512 3836
1290512 3715
1295512 3875
1300566 3726
1305528 3866
1310503 3883
1315518 3713
1320522 3890
1325696 3850
1330509 3713
1335554 3851
1345613 3775
1350560 3760
1355521 3834
1360503 3819
1365560 3894
1375692 3830
1380554 3727
1385588 3707
1390525 3769
1395586 3820
1405534 3850
1410525 3792
1415525 3882
1420522 3712
1425509 3845
1430561 3771
1435563 3730
1440592 3719
1445724 3894
1450506 3843
1455505 3845
1460625 3716
1465602 3857
1470535 3737
1475505 3789
1480509 3799
1485592 3861
1490574 3884
1500588 3838
1505538 3802
1515508 3788
1520670 3810
1525515 3890
1530628 3787
1535505 3866
1540676 3769
1545502 3750
1550586 3810
1555515 3823
1560641 3734
1565712 3846
1570638 3817
1575505 3764
1580641 3741
1585632 3835
1590509 3779
1595538 3730
1600515 3767
1605560 3861
1610625 3889
1615528 3810
1620519 3715
1625567 3863
1630506 3796
1635602 3807
1640714 3772
1645601 3785
1650519 3823
1655525 3794
1660582 3797
1665660 3755
1675505 3857
1680512 3855
1685563 3839
1690509 3729
1695627 3760
1700628 3752
1705674 3850
1710512 3834
1715518 3736
1720509 3739
1725508 3790
1735650 3895
1740519 3784
1745521 3816
1750509 3756
1755598 3815
1760647 3761
1765635 3792
1770525 3855
1775505 3744
1785653 3789
1790503 3747
1795541 3879
