110990 4423
141188 4360
171043 4331
201003 4370
231108 4324
261279 4448
320790 4379
351204 4393
381091 4366
411090 4436
501205 4404
531162 4474
561275 4370
590896 4439
621036 4344
650975 4339
681063 4366
711004 4433
740950 4332
771039 4390
831107 4374
861083 4409
891118 4424
920947 4403
951026 4442
981216 4493
1011041 4455
1041105 4351
1070947 4331
1101114 4321
1131273 4446
1161151 4471
1191099 4357
1221154 4398
1251026 4309
1281100 4393
1340903 4498
1370926 4306
1401001 4307
1431190 4380
1461022 4475
1490937 4331
1520990 4370
1551088 4368
1581014 4499
1611097 4387
1641038 4467
1701076 4489
1731141 4497
1761010 4411
1790994 4331
