82996 76, 5169
84641 79, 5028
87198 66, 5005
88878 64, 5136
90994 73, 5056
95316 70, 5194
98109 65, 5132
100920 71, 5010
103010 61, 5079
105182 74, 5033
106519 65, 5114
108865 73, 5091
110840 68, 5094
113164 79, 5053
115733 64, 5024
116771 63, 5027
118955 60, 5154
121569 65, 5085
123224 75, 5079
127102 63, 5031
129257 72, 5046
131244 65, 5184
132825 74, 5010
136963 60, 5147
139038 78, 5031
140823 62, 5016
143037 79, 5106
144859 65, 5113
147115 62, 5094
148970 61, 5013
152661 66, 5090
155314 63, 5041
156927 68, 5140
161271 74, 5122
170832 60, 5133
172718 60, 5012
176899 77, 5185
178813 61, 5161
181282 78, 5102
185239 73, 5062
187229 74, 5191
188745 75, 5003
192812 65, 5042
194835 77, 5052
196983 69, 5045
198634 67, 5033
200798 64, 5064
202621 74, 5011
204721 72, 5170
207073 65, 5115
209215 74, 5093
210763 79, 5116
213159 73, 5108
214849 72, 5162
216707 70, 5061
219070 71, 5063
221112 76, 5089
222873 77, 5014
225205 67, 5165
227295 77, 5110
229103 68, 5017
231128 65, 5049
233049 65, 5065
235187 62, 5164
237085 67, 5047
239437 79, 5050
240943 69, 5191
242764 76, 5124
244909 73, 5162
247063 65, 5106
249002 66, 5094
250749 65, 5090
252927 69, 5180
255095 74, 5095
257290 73, 5166
258768 68, 5084
260733 73, 5048
262963 65, 5163
264942 66, 5029
266980 65, 5198
270724 71, 5177
273138 66, 5065
277352 64, 5079
278805 68, 5063
280712 62, 5069
283046 74, 5197
285345 79, 5067
287083 68, 5087
288738 76, 5042
293019 68, 5036
297192 77, 5015
299045 78, 5012
301115 73, 5077
302916 78, 5046
304945 63, 5149
307013 63, 5093
308847 67, 5182
310935 72, 5001
312923 62, 5189
314775 62, 5093
317131 70, 5068
319345 74, 5038
322740 72, 5199
324797 66, 5154
326875 64, 5120
329202 65, 5145
330947 76, 5156
332993 76, 5013
334811 66, 5175
337033 67, 5045
338867 62, 5106
341210 62, 5079
342870 76, 5181
345338 69, 5110
346817 61, 5023
348731 77, 5143
351190 67, 5181
352880 68, 5110
355252 69, 5024
356959 62, 5110
359407 62, 5112
361301 74, 5025
363221 72, 5132
365058 73, 5013
369167 71, 5007
370902 79, 5175
373217 71, 5015
374654 71, 5128
377052 64, 5019
378929 60, 5163
380753 74, 5010
383055 61, 5091
384854 64, 5045
387048 66, 5099
389135 67, 5005
390872 62, 5026
392920 74, 5198
394767 72, 5169
396734 66, 5086
399085 74, 5014
400995 76, 5097
403036 77, 5068
404631 66, 5108
407090 76, 5119
408878 76, 5174
410959 77, 5051
412711 79, 5003
414811 78, 5193
416786 67, 5198
418667 75, 5148
420948 70, 5094
423139 62, 5002
424796 71, 5051
426949 71, 5127
428887 77, 5174
431142 60, 5099
432883 69, 5027
435294 64, 5004
438679 73, 5001
440866 69, 5049
442859 70, 5043
446993 60, 5194
449229 70, 5102
450775 63, 5121
453165 70, 5010
455177 62, 5069
457262 72, 5001
460982 64, 5079
463035 64, 5006
464933 72, 5054
467196 77, 5066
468900 72, 5065
473187 69, 5018
474952 70, 5073
476883 78, 5015
478888 65, 5006
480746 66, 5009
482989 75, 5150
484982 62, 5138
486748 77, 5062
489117 71, 5083
490829 71, 5009
493189 66, 5034
494959 71, 5196
497219 79, 5177
499214 71, 5128
500941 72, 5096
502973 71, 5018
504767 76, 5141
506870 75, 5023
508809 63, 5088
511243 74, 5194
513014 71, 5020
514727 76, 5139
516715 70, 5076
518650 60, 5103
521472 62, 5141
522890 60, 5077
524786 63, 5033
528967 60, 5067
533143 73, 5031
537009 63, 5001
540628 68, 5149
542798 75, 5021
544753 75, 5179
546777 68, 5172
548719 61, 5171
551044 66, 5127
552811 69, 5002
554703 66, 5097
557023 75, 5078
559123 68, 5039
562906 68, 5093
565285 60, 5040
566849 72, 5107
569009 62, 5190
571012 70, 5119
573135 76, 5157
575077 78, 5060
577079 64, 5141
578897 64, 5125
580843 69, 5044
584970 75, 5170
586910 69, 5047
588786 72, 5173
591063 73, 5156
593052 71, 5006
594955 70, 5114
596644 68, 5039
599158 66, 5143
600911 65, 5046
602753 69, 5188
604995 60, 5137
606960 63, 5020
608911 61, 5080
611173 78, 5080
612837 79, 5151
615080 70, 5055
616784 66, 5033
619055 78, 5023
622938 70, 5084
624737 64, 5054
626701 63, 5038
628962 63, 5106
632705 79, 5049
634852 75, 5115
636779 76, 5180
638768 79, 5052
641110 68, 5097
643143 69, 5035
645107 63, 5055
646706 70, 5160
649114 63, 5194
651060 67, 5189
652978 69, 5179
655198 72, 5084
656879 64, 5191
658731 68, 5149
661032 68, 5007
662894 72, 5009
665017 64, 5156
667067 69, 5155
669118 60, 5088
671088 63, 5140
673117 71, 5003
674717 70, 5192
676871 78, 5137
678730 66, 5066
680853 76, 5175
683081 75, 5027
685170 77, 5016
686882 67, 5146
689177 68, 5020
691159 61, 5120
692808 61, 5035
694991 66, 5039
696948 64, 5195
701152 74, 5093
703065 61, 5029
704857 79, 5100
707045 64, 5086
708737 66, 5179
710907 71, 5168
712916 67, 5005
717141 65, 5077
718972 72, 5003
720991 71, 5069
723003 79, 5030
724741 75, 5075
727022 62, 5096
728957 70, 5106
730693 79, 5069
733229 64, 5061
734716 63, 5191
736851 78, 5066
738970 72, 5059
740992 63, 5145
742974 67, 5145
744919 75, 5017
746993 74, 5111
748980 74, 5113
750901 76, 5158
753132 61, 5183
754875 70, 5053
756960 77, 5029
759056 64, 5161
760930 66, 5047
763144 74, 5057
764932 65, 5122
766763 76, 5073
769182 77, 5096
770862 66, 5118
773111 61, 5068
775051 71, 5190
776878 72, 5004
778721 78, 5002
780902 62, 5130
783061 70, 5083
784893 68, 5167
787115 67, 5143
789123 74, 5039
791229 72, 5043
792706 72, 5088
795084 62, 5082
796867 73, 5128
798783 71, 5022
803253 74, 5004
805069 70, 5094
806860 76, 5035
808997 74, 5102
811036 62, 5135
813297 75, 5159
815105 61, 5096
817146 72, 5108
819064 69, 5195
823068 69, 5152
824989 60, 5011
826829 76, 5153
828727 60, 5001
832906 74, 5061
835070 74, 5068
836988 78, 5152
839036 77, 5003
840834 65, 5197
842975 69, 5007
844942 66, 5167
847112 69, 5169
848916 61, 5102
851004 61, 5187
852801 65, 5175
855029 64, 5021
856680 66, 5002
858728 79, 5176
860941 64, 5051
862709 64, 5016
864914 75, 5128
866921 68, 5167
868892 69, 5045
870941 62, 5090
872757 65, 5061
874875 62, 5197
876827 77, 5008
878744 71, 5185
880735 68, 5028
883010 62, 5183
885004 66, 5093
886848 70, 5187
892665 62, 5013
894857 70, 5138
896863 65, 5042
898815 76, 5079
901018 73, 5064
902704 78, 5051
904842 66, 5035
906940 70, 5010
910881 72, 5179
912706 77, 5148
914881 76, 5113
916989 65, 5072
918874 79, 5041
920859 69, 5038
922628 70, 5158
925113 64, 5042
927161 75, 5005
928926 67, 5168
930741 60, 5095
933124 63, 5092
935218 75, 5158
936757 77, 5066
938959 60, 5169
940755 68, 5107
944866 69, 5131
946921 72, 5005
948948 65, 5048
950754 60, 5159
952618 75, 5084
954673 78, 5012
957000 78, 5064
959055 69, 5037
960677 67, 5128
963075 72, 5139
965137 65, 5190
966831 72, 5087
968750 70, 5059
970884 67, 5069
972887 76, 5082
977095 66, 5065
978647 64, 5170
980739 77, 5117
982873 76, 5042
984823 60, 5130
987024 60, 5069
989199 76, 5012
990933 75, 5019
992867 76, 5067
994795 72, 5068
996705 77, 5068
999194 62, 5104
1000766 65, 5011
1005004 64, 5161
1007112 71, 5057
1009060 78, 5009
1010680 63, 5161
1014725 77, 5033
1016907 64, 5081
1018612 66, 5075
1020923 77, 5198
1022896 62, 5022
1025135 70, 5151
1027234 66, 5000
1028820 72, 5030
1031056 71, 5129
1032867 71, 5182
1036986 64, 5078
1038960 65, 5015
1042908 76, 5109
1045039 75, 5161
1048863 76, 5024
1051260 67, 5132
1052914 73, 5139
1057056 63, 5081
1059026 73, 5050
1060761 78, 5043
1062685 76, 5027
1064806 67, 5128
1067112 73, 5195
1068942 66, 5198
1072877 76, 5073
1074873 75, 5132
1076715 73, 5171
1078975 65, 5185
1081146 63, 5040
1082794 60, 5048
1084721 64, 5192
1087024 64, 5011
1088811 69, 5120
1091135 79, 5058
1093104 68, 5002
1094903 63, 5048
1096919 61, 5142
1098883 62, 5183
1102573 60, 5054
1104823 75, 5058
1106813 64, 5103
1108933 69, 5100
1111091 75, 5144
1112958 78, 5016
1114818 77, 5008
1119098 63, 5061
1121052 76, 5088
1123300 71, 5104
1124852 62, 5057
1127027 65, 5199
1128814 60, 5166
1133286 73, 5088
1134704 71, 5056
1136770 76, 5153
1139071 78, 5098
1140790 65, 5199
1144926 71, 5022
1147009 78, 5119
1148858 67, 5079
1150743 79, 5044
1153094 70, 5013
1155037 77, 5012
1156824 67, 5126
1158790 78, 5095
1163165 60, 5050
1165107 71, 5196
1168876 77, 5105
1170853 62, 5056
1173032 62, 5053
1174964 63, 5109
1176978 78, 5050
1179095 61, 5143
1180943 71, 5065
1183174 71, 5166
1184770 64, 5138
1186963 64, 5074
1188904 75, 5141
1193023 61, 5042
1195017 61, 5004
1196878 79, 5006
1199151 61, 5007
1200849 66, 5182
1202722 70, 5053
1205178 76, 5083
1206802 64, 5160
1208888 76, 5197
1210728 71, 5145
1212968 67, 5046
1214791 61, 5058
1218719 62, 5196
1220791 62, 5090
1222829 61, 5037
1225087 67, 5196
1226843 77, 5153
1229004 64, 5170
1230859 72, 5175
1232882 75, 5025
1234934 68, 5060
1239131 66, 5008
1240730 69, 5041
1242908 68, 5166
1244727 67, 5028
1246975 61, 5140
1250643 71, 5055
1253047 67, 5035
1254729 67, 5172
1256853 73, 5074
1259141 72, 5064
1261158 64, 5087
1262962 77, 5140
1265023 79, 5127
1266660 61, 5102
1269043 78, 5083
1271155 74, 5057
1272858 62, 5144
1275017 64, 5173
1276762 76, 5021
1279130 61, 5048
1280820 74, 5177
1282782 66, 5062
1284948 65, 5091
1286889 78, 5172
1288942 75, 5092
1291043 61, 5164
1292804 65, 5040
1294690 79, 5134
1300833 62, 5070
1302894 71, 5159
1304774 76, 5115
1306716 63, 5039
1308758 79, 5147
1311010 72, 5038
1312796 73, 5110
1314771 77, 5038
1316946 66, 5059
1318946 61, 5066
1320799 67, 5072
1322879 68, 5091
1324772 66, 5083
1329012 71, 5030
1331200 73, 5088
1332757 78, 5100
1335228 78, 5089
1337032 79, 5060
1338865 77, 5189
1340858 75, 5004
1342762 70, 5093
1344787 69, 5052
1347062 62, 5142
1348963 72, 5047
1350818 65, 5191
1352912 70, 5148
1354725 68, 5077
1356944 75, 5068
1358874 65, 5011
1360995 70, 5191
1363271 77, 5112
1364919 78, 5014
1367028 79, 5038
1370847 63, 5156
1374773 73, 5191
1376681 79, 5191
1378631 64, 5094
1381033 60, 5024
1383122 73, 5051
1384690 76, 5016
1386986 62, 5193
1391409 78, 5018
1392954 66, 5142
1394780 77, 5139
1397110 75, 5133
1398866 73, 5188
1403129 73, 5112
1404875 72, 5110
1406627 77, 5093
1408905 77, 5073
1411020 60, 5106
1414680 73, 5037
1416906 61, 5168
1419057 61, 5136
1420989 74, 5132
1422681 78, 5157
1424855 67, 5024
1426875 61, 5145
1428789 71, 5058
1430722 68, 5067
1433035 67, 5182
1434760 73, 5025
1437025 74, 5113
1438659 62, 5051
1440899 60, 5011
1442670 72, 5177
1444838 68, 5058
1449151 73, 5042
1451016 74, 5163
1453048 67, 5195
1455089 71, 5017
1457065 69, 5160
1459042 73, 5104
1460855 78, 5158
1462991 79, 5113
1466660 68, 5066
1468979 64, 5196
1470934 62, 5194
1472683 63, 5193
1475128 76, 5102
1477119 79, 5141
1478759 79, 5107
1481202 73, 5146
1482717 76, 5048
1484999 70, 5180
1486912 67, 5085
1488589 75, 5087
1492776 76, 5016
1494929 79, 5173
1496845 78, 5071
1498829 60, 5076
1500890 79, 5153
1502993 74, 5172
1505065 61, 5119
1506793 78, 5123
1508941 77, 5163
1510841 68, 5108
1512779 60, 5016
1515193 74, 5131
1516780 62, 5175
1518773 77, 5067
1520953 71, 5101
1522946 73, 5021
1524804 63, 5029
1527177 77, 5095
1528946 61, 5064
1531161 65, 5040
1533302 73, 5065
1534996 65, 5037
1536957 77, 5118
1538847 72, 5147
1540810 73, 5032
1543061 62, 5184
1544880 67, 5117
1547117 78, 5160
1548729 69, 5108
1550788 61, 5158
1553013 76, 5066
1554854 76, 5190
1556955 63, 5120
1558624 74, 5074
1561178 67, 5105
1562812 77, 5101
1565023 79, 5045
1567051 63, 5034
1568999 74, 5012
1570965 61, 5051
1573039 71, 5181
1575125 76, 5114
1576778 75, 5166
1578702 72, 5045
1580855 63, 5082
1583058 73, 5018
1584988 60, 5061
1587090 69, 5010
1588951 72, 5071
1591107 78, 5094
1593023 73, 5079
1594913 73, 5142
1596689 66, 5107
1598867 67, 5028
1600969 74, 5165
1602570 64, 5049
1605123 67, 5065
1607003 79, 5168
1610938 75, 5152
1613036 63, 5177
1614764 72, 5187
1616910 61, 5047
1618840 67, 5079
1620743 62, 5195
1623175 62, 5172
1624712 62, 5135
1626938 65, 5090
1629053 67, 5058
1631027 77, 5152
1633009 73, 5150
1635022 78, 5149
1640991 62, 5065
1643035 63, 5191
1644756 74, 5186
1646929 69, 5054
1648714 71, 5163
1651032 73, 5137
1653044 63, 5113
1654687 70, 5093
1656570 67, 5110
1659110 78, 5096
1660780 74, 5078
1663055 60, 5052
1664739 75, 5064
1666735 78, 5199
1668721 64, 5115
1670831 71, 5156
1673058 73, 5104
1675004 77, 5099
1677093 75, 5032
1679063 62, 5028
1680855 79, 5058
1683039 72, 5139
1686717 79, 5079
1689071 74, 5139
1690943 75, 5149
1696719 74, 5192
1699048 71, 5173
1702667 67, 5071
1704899 78, 5113
1706654 75, 5005
1709017 75, 5136
1710908 77, 5179
1713102 69, 5042
1715182 76, 5097
1716901 70, 5040
1718964 68, 5006
1720865 75, 5004
1722783 75, 5098
1724847 76, 5166
1726985 63, 5041
1729033 70, 5154
1730717 64, 5045
1732783 72, 5000
1734761 64, 5092
1736713 61, 5030
1739203 65, 5170
1741156 79, 5069
1742889 62, 5056
1744711 76, 5136
1746845 72, 5082
1748950 73, 5160
1750901 77, 5051
1752775 67, 5001
1754863 72, 5067
1759039 73, 5011
1762975 63, 5097
1764776 75, 5184
1766716 74, 5133
1768929 79, 5178
1771190 68, 5098
1772728 61, 5187
1776844 63, 5030
1778886 75, 5040
1782989 65, 5167
1784963 74, 5014
1786871 71, 5116
1788765 79, 5160
1791055 68, 5101
1793067 64, 5181
1794632 65, 5162
1797202 61, 5076
1798743 72, 5066
