91158 2086
101048 2002
121276 1935
131125 2027
141047 2018
150963 2013
160782 2042
181160 2017
190873 2032
201060 1917
211334 2080
221029 1964
230823 1959
241258 2032
251118 1931
270945 1948
280765 1919
300984 2065
310725 1950
330930 2063
340813 1967
351217 2084
361031 2059
371279 2023
380895 1900
390732 1946
400899 2015
410757 2090
421121 2054
431328 2014
450971 2069
461122 2013
481212 2067
490779 1929
500854 2088
510751 2021
521094 1922
531152 1982
541002 1918
551060 2093
561216 2034
571109 2087
580735 2072
591004 1933
600831 1939
610807 2015
620587 1950
631211 1940
640902 2078
650825 1968
660966 1983
671486 1926
680879 1965
691369 2009
700708 1905
711072 2051
720849 1973
731013 2083
751156 1926
760904 1955
781061 2016
790849 2094
800993 2019
810862 2058
820872 1944
840954 2086
851027 2041
871184 2008
880893 2034
900902 2025
910778 2094
920807 2067
931032 1933
940847 2031
960826 1949
970757 2072
991221 1961
1000920 2043
1010986 1990
1020907 2008
1030956 2049
1040978 1907
1051146 1907
1061048 2013
1070862 1945
1081080 2092
1091042 2004
1110940 1931
1121106 1906
1130711 1990
1150878 2004
1161024 1970
1170894 1932
1181079 1980
1200883 1968
1210768 2000
1221034 1914
1230885 2000
1240892 2092
1261350 1936
1271128 2073
1290782 1937
1300932 2070
1320813 1957
1330969 1954
1340824 1938
1351130 2001
1360908 1986
1380959 2029
1390877 1909
1400744 2086
1410823 2075
1420958 1903
1440766 2072
1451075 2059
1470867 1925
1481162 2001
1490984 1975
1501041 1994
1511064 2085
1521088 1971
1530891 1964
1540843 2044
1560929 2069
1570790 2006
1580760 1904
1590778 1931
1600813 1994
1621012 2076
1631047 1974
1650982 2047
1660839 1922
1680777 2090
1691043 1926
1710657 1964
1720883 1947
1731037 2048
1741019 1991
1750944 1935
1761052 2037
1770911 1931
1781031 1980
1790924 1902
