82554 62, 5105
86638 68, 5186
88533 73, 5126
90605 75, 5074
92525 69, 5162
94608 69, 5125
96563 71, 5103
100558 66, 5183
102505 79, 5181
104612 73, 5184
106670 66, 5162
112547 71, 5131
114528 66, 5090
116522 61, 5113
118585 68, 5048
120594 62, 5066
122567 60, 5191
124502 68, 5085
126525 79, 5111
128530 75, 5007
130509 67, 5177
132650 75, 5049
134505 66, 5184
136593 79, 5029
138525 65, 5132
142522 77, 5046
144512 66, 5049
146634 74, 5069
148561 68, 5191
150515 73, 5156
152502 74, 5165
156595 64, 5058
160541 70, 5177
162662 66, 5091
164505 67, 5107
166509 67, 5001
168621 63, 5122
170567 73, 5196
172550 68, 5072
174509 74, 5014
176512 75, 5059
178640 78, 5021
180522 60, 5168
182707 65, 5115
184520 78, 5070
186505 74, 5056
188561 74, 5173
190525 66, 5092
192525 71, 5007
194576 73, 5010
198530 67, 5078
202548 68, 5171
204505 77, 5193
206530 69, 5015
208662 69, 5103
210515 72, 5061
212505 77, 5052
214544 71, 5089
216567 61, 5100
218647 60, 5040
220519 72, 5180
222512 69, 5008
224502 73, 5088
226605 74, 5169
228522 64, 5055
232783 73, 5062
236522 65, 5143
238542 68, 5011
240599 77, 5169
242544 63, 5060
244563 60, 5067
246612 62, 5106
248536 63, 5055
250531 65, 5146
252699 64, 5158
256505 66, 5143
258525 72, 5159
260622 75, 5158
262653 60, 5111
264653 70, 5071
266512 78, 5134
268512 71, 5007
270579 65, 5008
272502 68, 5114
274512 69, 5158
276525 62, 5077
278542 74, 5174
280541 69, 5110
282549 72, 5034
284509 73, 5025
286599 64, 5052
288505 64, 5037
290660 67, 5039
292522 77, 5199
294557 71, 5121
296582 74, 5089
298509 74, 5019
300509 76, 5136
302519 74, 5076
304512 68, 5156
308621 77, 5111
310535 76, 5180
312502 64, 5194
314539 63, 5112
316651 79, 5174
318558 65, 5073
322650 69, 5015
324522 69, 5020
326502 67, 5135
328530 73, 5085
330509 77, 5054
332652 68, 5012
334553 62, 5019
338592 62, 5059
340557 76, 5086
342558 73, 5149
344622 63, 5171
346505 70, 5027
348525 69, 5102
350631 64, 5109
352530 66, 5190
354592 74, 5150
356515 61, 5097
358518 75, 5114
360699 63, 5187
364525 66, 5162
366509 64, 5064
368647 76, 5030
370528 66, 5105
372531 79, 5104
374525 66, 5134
376530 77, 5139
378505 63, 5075
380695 75, 5142
382544 74, 5097
384545 73, 5185
386544 75, 5039
388527 73, 5102
390512 69, 5092
392502 61, 5160
394533 67, 5150
396525 78, 5187
398527 67, 5153
400509 78, 5004
402601 66, 5006
404697 69, 5072
406618 70, 5138
408660 70, 5067
410622 65, 5108
412605 64, 5046
414525 62, 5138
418612 63, 5129
420522 73, 5026
422558 67, 5132
424515 78, 5084
426505 61, 5026
428632 72, 5171
430503 79, 5130
432553 65, 5104
434505 72, 5124
436574 62, 5000
438522 77, 5117
440529 73, 5166
442654 73, 5180
444628 70, 5156
446502 60, 5071
448505 76, 5139
450509 60, 5028
452505 63, 5032
454530 62, 5183
456606 68, 5028
458528 63, 5098
460512 61, 5034
462567 79, 5063
464505 76, 5023
466502 79, 5062
468641 66, 5033
470642 74, 5006
472578 67, 5069
474622 62, 5131
476502 63, 5018
478502 69, 5006
480515 71, 5161
482522 72, 5170
484638 74, 5057
486652 70, 5117
488505 62, 5031
490528 71, 5037
492522 78, 5116
494584 77, 5156
496502 66, 5077
498542 76, 5172
500509 66, 5040
502512 61, 5083
504553 70, 5198
506525 66, 5086
508505 76, 5002
510525 68, 5050
512628 68, 5061
514585 65, 5161
518515 63, 5006
520515 78, 5105
522578 61, 5149
524590 61, 5015
526530 75, 5176
528555 60, 5123
530638 72, 5155
532533 70, 5153
534505 79, 5079
536505 69, 5192
538502 70, 5010
540645 60, 5064
542505 79, 5090
544522 64, 5195
546525 73, 5018
548522 74, 5102
550525 79, 5162
552505 67, 5120
554518 70, 5144
556505 67, 5088
558554 76, 5197
560641 74, 5118
564647 67, 5130
566502 70, 5014
568555 60, 5134
570522 67, 5199
572600 70, 5069
574515 72, 5000
576663 66, 5059
578583 61, 5110
580522 73, 5177
582522 67, 5178
584502 77, 5194
586527 78, 5132
588525 63, 5036
590561 72, 5165
592502 74, 5046
596512 65, 5051
598566 73, 5127
600547 69, 5100
602631 77, 5178
604502 64, 5069
606522 75, 5131
608539 66, 5195
610509 74, 5144
614525 68, 5164
616618 67, 5141
618522 73, 5085
620628 74, 5044
622525 60, 5016
624564 72, 5182
628502 78, 5096
630512 76, 5053
632589 76, 5017
636611 67, 5038
638502 74, 5139
640519 63, 5095
642618 61, 5115
644547 66, 5122
646544 71, 5153
648530 73, 5122
652547 61, 5080
654640 77, 5179
656570 75, 5055
658502 63, 5139
660503 70, 5136
662559 69, 5076
664542 70, 5075
666599 61, 5175
668525 60, 5055
670535 68, 5036
672553 68, 5155
674525 72, 5174
678559 67, 5057
680634 62, 5128
682566 60, 5009
684679 65, 5177
686551 73, 5090
688512 60, 5184
690509 63, 5123
692544 68, 5080
694542 67, 5062
696525 73, 5000
698550 79, 5102
700525 71, 5074
702555 75, 5125
704522 79, 5073
706522 62, 5002
708550 61, 5124
710734 65, 5150
712556 65, 5109
714543 64, 5040
716525 67, 5085
718502 62, 5028
720512 74, 5070
724505 62, 5084
726544 75, 5038
728505 64, 5012
730515 63, 5047
732525 63, 5174
736535 61, 5090
738502 72, 5006
740663 64, 5015
742624 71, 5180
746522 75, 5106
748553 72, 5195
750515 79, 5167
752522 78, 5180
754515 63, 5047
756541 61, 5056
758525 79, 5021
760525 73, 5065
762512 74, 5191
764561 62, 5173
766564 66, 5088
768536 67, 5164
770551 75, 5195
772651 75, 5090
774522 66, 5137
776522 61, 5043
778596 68, 5039
780503 79, 5164
782538 69, 5020
784519 76, 5189
786525 79, 5059
788515 66, 5017
790550 77, 5116
792522 78, 5194
794550 62, 5057
796666 69, 5179
798502 63, 5171
800503 69, 5033
802522 74, 5070
804554 63, 5083
806525 72, 5099
808601 72, 5133
810640 73, 5032
812547 71, 5070
814692 67, 5158
816558 70, 5023
820515 72, 5118
822711 67, 5118
824568 72, 5199
826530 67, 5005
828539 67, 5027
830545 62, 5167
832502 72, 5087
834561 66, 5079
836518 71, 5000
838519 71, 5019
840515 61, 5034
842522 63, 5179
844550 75, 5055
846505 67, 5145
848502 76, 5011
850503 73, 5125
852525 63, 5098
856530 75, 5148
858522 69, 5033
860503 64, 5068
862512 65, 5098
864505 60, 5155
866704 71, 5175
868586 74, 5177
870522 73, 5049
872518 74, 5122
874530 70, 5042
876635 77, 5061
878502 72, 5085
880579 71, 5113
882551 65, 5105
884561 71, 5055
886518 61, 5023
888525 68, 5031
890602 68, 5196
892628 76, 5101
894603 78, 5035
896505 77, 5121
898522 77, 5175
900525 68, 5197
902530 76, 5192
904525 69, 5178
906515 69, 5151
908515 77, 5109
910519 61, 5175
912509 73, 5036
914522 77, 5030
916512 70, 5119
918530 79, 5014
920714 60, 5023
922505 62, 5132
924616 60, 5048
926522 78, 5126
930519 77, 5020
932525 76, 5135
934564 77, 5109
936581 67, 5019
938584 79, 5025
940525 72, 5101
942550 61, 5080
944522 69, 5071
948631 76, 5014
954545 77, 5028
956618 79, 5125
958525 69, 5160
960506 64, 5050
962527 78, 5095
964588 60, 5015
966525 78, 5090
968515 75, 5034
970554 66, 5198
974527 79, 5134
976505 76, 5049
978558 73, 5168
980574 76, 5109
982525 69, 5133
984505 79, 5096
986527 65, 5120
988505 71, 5029
990590 60, 5037
992544 65, 5121
994525 60, 5018
996515 74, 5025
998581 64, 5009
1000522 70, 5157
1002502 76, 5067
1004512 78, 5022
1006696 67, 5138
1008625 76, 5124
1010569 79, 5055
1012558 68, 5018
1014505 77, 5034
1016522 65, 5034
1018502 62, 5056
1020512 68, 5180
1022567 76, 5061
1024561 70, 5026
1026530 74, 5184
1028658 74, 5045
1030605 78, 5136
1032515 62, 5070
1034634 70, 5051
1036544 63, 5113
1038581 67, 5003
1040634 78, 5009
1042568 68, 5109
1046636 62, 5040
1048525 77, 5140
1050519 67, 5084
1052676 78, 5091
1054525 69, 5040
1056674 72, 5072
1058581 62, 5008
1060512 68, 5096
1062553 69, 5104
1064502 71, 5161
1066583 60, 5163
1068512 77, 5141
1070561 70, 5020
1072536 76, 5077
1074544 62, 5045
1076530 63, 5188
1078505 72, 5116
1080515 64, 5007
1082571 79, 5010
1084512 66, 5195
1086527 74, 5081
1088530 61, 5092
1090585 67, 5018
1092509 65, 5102
1094505 77, 5040
1096564 70, 5193
1098525 63, 5050
1100549 73, 5152
1102502 66, 5129
1104567 68, 5181
1106502 69, 5114
1108536 73, 5140
1110503 69, 5045
1112505 75, 5087
1114562 73, 5125
1116522 64, 5173
1120541 79, 5111
1122515 68, 5170
1124505 76, 5066
1126622 75, 5199
1128509 62, 5070
1130549 69, 5182
1132561 77, 5092
1134660 70, 5054
1136525 73, 5187
1138505 77, 5197
1140535 60, 5110
1142578 69, 5190
1144647 65, 5086
1146525 61, 5050
1148545 65, 5090
1150515 64, 5032
1152525 60, 5196
1154522 65, 5117
1156555 65, 5184
1158536 68, 5036
1160574 71, 5015
1164512 63, 5170
1166525 67, 5085
1168555 69, 5146
1170579 78, 5085
1172533 79, 5147
1174522 73, 5156
1176564 76, 5056
1178530 65, 5048
1180506 78, 5033
1182505 79, 5177
1184641 78, 5179
1186525 63, 5191
1188637 76, 5069
1190532 65, 5040
1192505 61, 5089
1194518 73, 5196
1196505 68, 5103
1198502 72, 5112
1200512 76, 5001
1202502 77, 5006
1204534 77, 5133
1206536 69, 5114
1208550 65, 5153
1210585 75, 5134
1212522 61, 5142
1214618 60, 5041
1216536 70, 5158
1218622 65, 5010
1220509 74, 5137
1222527 74, 5063
1226522 77, 5076
1228608 64, 5061
1230522 76, 5194
1232509 68, 5113
1234622 67, 5056
1236533 68, 5183
1238505 71, 5062
1240525 75, 5186
1242530 68, 5199
1244515 76, 5186
1246631 60, 5168
1248599 68, 5042
1250558 69, 5116
1252641 73, 5123
1254619 61, 5013
1256525 76, 5155
1258553 72, 5146
1260503 61, 5158
1262512 71, 5174
1264512 68, 5047
1266536 65, 5050
1268561 72, 5056
1270506 62, 5155
1272530 61, 5129
1274522 75, 5048
1276544 75, 5167
1278502 72, 5048
1282509 60, 5008
1284512 62, 5062
1286673 68, 5195
1288505 73, 5102
1290563 65, 5185
1292622 62, 5074
1294525 66, 5115
1296515 68, 5113
1298530 70, 5018
1300519 74, 5047
1302547 68, 5063
1304518 69, 5006
1308658 67, 5018
1312530 69, 5048
1314536 62, 5125
1316544 63, 5190
1318547 73, 5047
1320512 67, 5133
1322527 63, 5196
1324502 66, 5071
1326505 71, 5017
1330547 70, 5059
1332522 66, 5134
1334536 75, 5159
1338638 60, 5064
1340634 60, 5014
1342502 63, 5142
1344553 61, 5145
1346525 76, 5103
1348505 65, 5105
1350550 76, 5097
1352505 62, 5187
1354546 64, 5149
1356525 70, 5059
1358522 68, 5172
1360519 69, 5079
1362631 69, 5164
1364522 78, 5018
1366536 68, 5179
1368607 60, 5037
1372525 75, 5005
1374571 78, 5123
1376502 78, 5106
1378608 66, 5110
1380522 77, 5161
1382505 65, 5146
1384618 66, 5128
1386522 68, 5102
1388525 70, 5141
1390579 75, 5146
1392779 74, 5063
1394692 61, 5112
1396631 66, 5058
1398547 60, 5165
1400509 64, 5047
1402660 76, 5141
1404505 73, 5169
1406572 64, 5007
1408609 65, 5161
1410503 71, 5002
1412505 70, 5044
1416509 61, 5179
1418525 75, 5042
1420525 69, 5182
1422525 70, 5043
1424653 61, 5190
1426576 63, 5005
1428505 79, 5094
1430612 75, 5024
1432505 72, 5123
1434548 63, 5012
1436542 71, 5073
1438512 66, 5118
1440618 62, 5192
1442522 76, 5149
1444539 60, 5161
1446550 67, 5070
1448522 79, 5044
1450512 79, 5015
1452556 64, 5170
1454505 70, 5085
1458505 64, 5017
1460724 60, 5154
1462509 70, 5152
1464533 60, 5010
1466527 63, 5166
1468696 74, 5166
1470677 75, 5089
1472502 70, 5044
1474522 78, 5136
1476852 69, 5093
1478505 62, 5005
1480522 62, 5113
1482585 61, 5043
1484533 61, 5094
1486575 71, 5077
1488530 74, 5150
1492578 61, 5157
1494525 78, 5154
1496525 60, 5037
1498567 61, 5146
1500519 76, 5162
1502574 77, 5154
1504547 62, 5110
1506622 66, 5169
1508595 69, 5058
1512512 60, 5127
1514632 77, 5118
1516619 72, 5146
1518547 61, 5084
1522657 68, 5138
1524539 73, 5140
1526596 60, 5075
1530522 64, 5169
1532676 62, 5047
1534583 73, 5072
1536675 65, 5139
1538625 65, 5081
1540519 60, 5019
1542691 61, 5031
1544515 66, 5071
1548574 61, 5137
1552502 71, 5010
1554502 73, 5001
1556502 73, 5172
1558502 71, 5118
1560798 68, 5157
1562505 62, 5101
1564660 60, 5058
1566530 66, 5134
1568524 76, 5011
1570506 73, 5159
1572584 75, 5036
1574575 75, 5162
1576561 64, 5134
1578669 60, 5140
1580534 73, 5183
1582572 78, 5172
1584555 61, 5059
1586505 67, 5052
1588570 75, 5135
1590544 71, 5068
1592530 68, 5007
1594525 74, 5159
1596505 78, 5021
1598522 73, 5191
1600509 62, 5085
1602625 60, 5023
1604505 61, 5181
1606539 73, 5149
1608515 61, 5124
1610509 73, 5075
1612519 69, 5070
1614522 63, 5198
1616586 74, 5197
1618575 63, 5173
1620607 73, 5016
1622577 65, 5012
1624502 64, 5135
1626530 68, 5039
1628515 75, 5113
1630592 68, 5018
1632525 70, 5063
1634569 66, 5023
1636561 68, 5189
1638542 64, 5148
1640519 62, 5161
1642593 77, 5081
1644623 60, 5199
1646666 78, 5080
1648502 75, 5081
1650519 78, 5033
1652530 75, 5015
1654594 67, 5177
1658571 60, 5067
1660503 64, 5169
1662576 79, 5043
1664612 68, 5017
1666512 60, 5010
1668525 71, 5134
1670538 62, 5160
1672527 75, 5122
1674531 63, 5154
1676502 78, 5079
1678525 67, 5138
1680615 75, 5171
1686558 74, 5199
1688525 60, 5039
1690512 67, 5156
1692543 78, 5038
1694530 68, 5012
1696574 73, 5148
1698536 77, 5023
1700567 70, 5107
1702515 68, 5032
1704656 70, 5185
1708564 67, 5150
1710623 77, 5189
1712731 64, 5125
1714670 79, 5082
1716509 64, 5151
1718620 68, 5031
1720600 71, 5174
1722527 67, 5170
1724547 72, 5063
1726502 77, 5185
1728856 73, 5113
1730551 65, 5114
1732567 77, 5114
1734522 76, 5123
1736502 77, 5177
1738527 78, 5104
1740519 65, 5095
1742509 74, 5126
1744502 77, 5022
1746525 66, 5118
1748576 79, 5085
1750525 67, 5038
1752666 68, 5194
1754519 67, 5059
1756545 77, 5133
1758505 65, 5128
1762505 60, 5051
1764525 64, 5066
1768515 77, 5053
1770506 62, 5195
1772505 60, 5061
1774512 73, 5042
1776649 64, 5128
1778502 66, 5036
1780512 77, 5097
1782581 61, 5019
1784509 63, 5158
1786522 70, 5022
1788651 65, 5145
1790612 63, 5081
1792505 70, 5188
1796525 78, 5140
1798701 71, 5117
