90994 2070
100920 2087
110840 1933
121569 1937
131244 2062
140823 1947
161271 1901
170832 1991
181282 1977
200798 1965
210763 2011
221112 2012
231128 2089
240943 1900
250749 1989
260733 1989
270724 2098
280712 1920
301115 1945
310935 2075
330947 1995
341210 2080
351190 1966
361301 2058
370902 2075
380753 2058
390872 1977
400995 1930
410959 1994
420948 2006
431142 2093
440866 1981
450775 1993
460982 2014
480746 2087
490829 1904
500941 2093
511243 1970
521472 2071
540628 2075
551044 2012
571012 2066
580843 2044
591063 2010
600911 2088
611173 1929
641110 1981
651060 1906
661032 1959
671088 1988
680853 1943
691159 1974
701152 1956
710907 2002
720991 2008
730693 1948
740992 2068
750901 1965
760930 2003
770862 1958
780902 1945
791229 2014
811036 1929
840834 2072
851004 1902
860941 2092
870941 1962
880735 2049
901018 2099
910881 1923
920859 1975
930741 1920
940755 2053
950754 2030
960677 2045
970884 1998
980739 1983
990933 1989
1000766 1979
1010680 1902
1020923 1944
1031056 2009
1051260 2060
1060761 2012
1081146 2079
1091135 1928
1111091 1992
1121052 2057
1140790 2049
1150743 2099
1170853 1910
1180943 1902
1200849 2096
1210728 2057
1220791 2091
1230859 1968
1240730 2034
1250643 1977
1261158 2027
1271155 1909
1280820 1978
1291043 1934
1300833 1951
1311010 1932
1320799 2096
1331200 2067
1340858 2091
1350818 2031
1360995 1965
1370847 1965
1381033 2048
1391409 2087
1411020 1972
1420989 2075
1430722 1961
1440899 1910
1451016 2065
1460855 1956
1470934 2048
1481202 1972
1500890 2090
1510841 2086
1520953 2081
1531161 1919
1540810 1965
1550788 2048
1561178 2001
1570965 1925
1580855 2012
1591107 2068
1600969 2049
1610938 1971
1620743 2062
1631027 2097
1640991 1928
1651032 1958
1660780 1940
1670831 2060
1680855 1931
1690943 2092
1710908 2083
1720865 1947
1730717 2011
1741156 2030
1750901 2025
1771190 1983
1791055 1913
