91065 2036
100944 1904
110826 1957
120905 2023
130908 1901
140642 2091
150926 1913
160901 2074
170924 1955
180635 1962
191074 1913
200845 2034
211008 1966
220889 2023
230850 1987
241083 1946
250692 2064
260709 1980
270818 2028
281122 1933
291135 2023
300921 1957
310825 1964
331177 1965
341357 1999
351176 2072
361077 1970
371115 2011
380855 1914
390629 2013
400883 2079
411225 1940
420944 1956
430757 1995
451107 2091
460939 2031
471194 2074
481252 1930
491051 2035
500736 2027
510990 2027
520976 1933
531078 1902
541320 1936
551140 1984
560861 2018
570704 1922
581025 2078
600984 2000
610764 2073
620980 2026
630933 2067
640739 1946
661167 2022
670735 2046
691243 2036
700794 2002
710978 2006
720818 1998
730870 2035
750958 1993
760977 1928
770780 1966
780898 1909
790974 2050
801067 2065
810986 1914
820965 1952
840927 1945
851136 1967
860934 1999
870832 2091
880886 1907
890974 1974
900765 2017
911074 2019
920608 1992
930802 2001
940900 2076
960988 2044
980955 1926
990883 2025
1000586 1973
1010691 2016
1020729 1974
1030884 1904
1040667 2032
1050694 1918
1060884 2017
1070987 2058
1081020 1998
1090767 1954
1100840 1963
1111004 1978
1120957 2098
1130817 1982
1140889 1914
1150938 1942
1160899 2085
1170813 2013
1181119 2014
1190655 2033
1200986 1938
1211007 1929
1220855 2013
1230942 2005
1240903 2019
1250819 2063
1261235 2098
1270913 1914
1280880 2020
1290778 1977
1300859 1922
1311085 2074
1320912 1926
1331046 2034
1350792 1961
1360952 1915
1370633 1994
1381093 2027
1391275 2025
1410844 1995
1420911 2014
1430789 1968
1441032 1952
1451044 1995
1470691 1941
1481119 2030
1490720 2068
1500994 2045
1510781 2024
1520674 2047
1531135 1958
1540882 1923
1550906 2074
1561054 1906
1570886 1994
1580753 2094
1591033 1918
1600939 1940
1610902 2062
1620776 1905
1630917 2032
1651052 1940
1661011 2018
1670772 2046
1680912 1952
1691116 1967
1700855 2039
1710804 2036
1720970 2053
1740705 2093
1750757 2012
1760945 1929
1770817 2099
1780897 2038
1790910 2053
