85528 3746
90515 3852
95583 3721
100519 3793
105502 3888
110596 3740
115573 3826
120506 3845
125583 3776
130525 3747
135505 3839
140570 3710
145541 3843
150503 3762
155502 3740
165580 3721
170564 3861
175517 3715
180519 3741
185531 3752
190625 3747
195596 3874
205621 3858
210598 3730
215573 3855
220509 3775
225522 3845
230510 3710
235505 3755
240515 3764
245605 3815
250512 3834
255505 3746
265673 3776
270522 3743
275580 3859
280522 3764
285505 3878
290545 3772
295579 3880
300515 3824
305615 3790
310604 3755
315502 3879
320618 3838
325596 3731
330512 3789
335550 3810
340585 3750
345560 3898
350583 3766
355550 3705
360557 3786
365515 3884
370519 3813
375521 3883
380650 3883
385583 3706
390506 3728
395557 3793
400519 3833
405502 3736
410561 3889
415531 3735
420626 3861
425518 3792
430525 3886
435531 3814
440631 3710
445502 3774
450512 3813
455531 3731
460569 3868
465512 3816
475505 3855
480538 3810
485502 3783
490509 3745
495512 3893
500509 3803
505505 3882
510581 3857
515502 3714
520657 3883
525570 3759
530510 3767
535570 3847
540515 3785
545512 3743
550509 3795
555659 3838
560577 3861
565741 3718
570554 3853
575502 3867
580528 3782
585514 3777
590542 3814
595557 3755
600605 3725
605589 3724
610519 3869
615562 3812
620628 3715
625557 3722
630613 3774
635502 3855
640522 3728
645590 3749
650695 3722
655584 3836
660522 3817
665579 3877
670538 3775
675544 3878
680622 3729
685502 3824
690512 3772
695512 3857
700522 3835
705576 3749
710503 3701
715579 3830
720503 3725
725573 3803
730512 3874
735567 3784
740583 3850
745519 3846
750618 3730
755508 3802
760573 3734
765544 3892
770622 3861
775521 3898
780563 3700
785636 3794
790506 3720
795505 3822
800609 3885
805541 3762
810525 3761
815508 3885
820531 3703
825557 3885
830503 3808
835512 3810
840509 3827
845586 3743
850515 3865
855546 3781
860541 3788
865647 3811
870512 3814
875548 3774
880515 3818
885573 3876
895534 3713
900509 3721
905512 3886
910544 3782
915505 3749
925521 3813
930525 3886
935505 3824
940522 3856
945525 3788
950513 3712
955560 3888
960503 3822
965567 3717
970503 3815
975509 3799
980586 3871
985576 3859
990544 3714
995550 3705
1000617 3873
1005502 3778
1010708 3855
1015512 3709
1020541 3796
1025512 3839
1030515 3700
1035570 3878
1045502 3776
1050509 3764
1055750 3826
1060557 3895
1065509 3707
1070665 3836
1075508 3730
1080506 3753
1085583 3866
1090509 3716
1095567 3794
1100626 3897
1105505 3718
1110512 3798
1115615 3779
1120554 3795
1125515 3822
1135515 3826
1140506 3853
1145512 3777
1150550 3878
1155502 3861
1160545 3762
1165512 3786
1170515 3725
1175592 3710
1180618 3750
1185575 3815
1190506 3864
1195569 3750
1200525 3795
1205650 3760
1210525 3783
1215515 3708
1225502 3797
1230525 3717
1235502 3764
1240535 3711
1245667 3739
1250557 3755
1255589 3739
1260640 3812
1265728 3732
1270576 3722
1275554 3819
1280538 3742
1285534 3804
1290506 3836
1295509 3824
1300515 3745
1305541 3780
1315512 3783
1320618 3835
1325505 3756
1330519 3818
1335505 3825
1340537 3870
1345588 3752
1350557 3842
1355586 3800
1360522 3816
1370517 3890
1375534 3771
1380509 3742
1385554 3870
1390503 3842
1395570 3869
1400577 3830
1405547 3895
1410506 3798
1415547 3826
1420512 3777
1425596 3877
1435622 3817
1440519 3856
1445583 3878
1450515 3718
1455505 3789
1460503 3851
1465627 3865
1470626 3863
1475537 3839
1480590 3713
1485534 3813
1490551 3856
1495673 3833
1500503 3896
1505515 3898
1510503 3828
1515541 3800
1520599 3795
1525544 3707
1530509 3810
1535534 3757
1540512 3817
1545579 3826
1550509 3709
1555714 3792
1560512 3826
1565528 3813
1570547 3827
1575528 3745
1580517 3760
1585564 3872
1590515 3897
1595509 3738
1600515 3837
1605528 3884
1610548 3839
1615608 3831
1620614 3851
1625521 3868
1630582 3821
1635518 3753
1640574 3711
1645625 3876
1650550 3752
1655518 3751
1660519 3853
1665502 3893
1675576 3804
1680515 3717
1685649 3780
1690525 3822
1695603 3785
1705570 3769
1710515 3750
1715502 3858
1720593 3860
1725651 3868
1730625 3735
1735686 3888
1740535 3892
1745505 3762
1750531 3815
1755525 3769
1760590 3844
1765577 3718
1770589 3868
1775521 3872
1780503 3725
1785502 3868
1790606 3842
1795531 3793
