140612 4379
170551 4424
200586 4326
230548 4348
260650 4487
290557 4482
350654 4443
410638 4497
440663 4370
470564 4410
500628 4434
530548 4399
560583 4389
590520 4329
650564 4413
680606 4416
710593 4464
800740 4463
830554 4317
890625 4302
920503 4480
980606 4481
1010503 4401
1040602 4393
1100622 4394
1130503 4499
1160615 4360
1280503 4417
1310567 4473
1340509 4485
1370509 4468
1400577 4373
1430516 4465
1490692 4498
1520586 4466
1550578 4480
1580503 4494
1610517 4454
1640557 4437
1670679 4483
1730551 4481
1760503 4392
1790509 4458
