82809,5071,74
84873,5002,62
86766,5197,79
90977,5107,71
92742,5172,74
94891,5051,61
96874,5030,66
98927,5013,71
100906,5083,76
102725,5180,75
104745,5148,73
106770,5147,78
108836,5162,78
112798,5189,69
114871,5186,76
116947,5169,78
118697,5090,66
120699,5068,79
122755,5100,70
124704,5165,67
126920,5107,66
130873,5131,63
132976,5172,79
138987,5194,70
140675,5182,74
144895,5198,69
146980,5105,63
148795,5045,74
152783,5131,77
156652,5023,75
158858,5008,64
160649,5000,72
162678,5083,62
164604,5166,77
166886,5048,75
168989,5113,67
172667,5184,72
174706,5050,61
176847,5164,71
178708,5114,67
180854,5055,64
182664,5069,71
184623,5067,69
186739,5059,70
188687,5129,79
192764,5126,70
194709,5007,79
196699,5025,69
202709,5144,74
204799,5144,65
206772,5102,60
208837,5145,62
210710,5015,70
214774,5160,79
216819,5017,61
220758,5014,65
222781,5156,65
224525,5128,73
228716,5133,66
230859,5178,64
232725,5086,62
234758,5150,63
236760,5055,72
238632,5099,78
240789,5147,64
242748,5006,68
244614,5088,68
246754,5034,66
248811,5155,69
254690,5000,79
256818,5121,70
262615,5002,78
268757,5130,76
272935,5154,68
274674,5058,60
278885,5181,76
280793,5118,67
282776,5018,79
284810,5046,75
288771,5092,65
292717,5184,62
296728,5024,61
298751,5161,66
304782,5072,77
306627,5135,77
308885,5101,62
310810,5152,69
312626,5185,71
314748,5134,75
316915,5177,64
318857,5194,73
320710,5132,64
322647,5036,75
324548,5074,70
327007,5126,70
330696,5044,65
332755,5003,73
334714,5038,71
336595,5057,77
340755,5106,76
342779,5149,68
344748,5096,79
346786,5093,77
348715,5125,69
350723,5074,62
352827,5101,77
354742,5124,68
356787,5052,66
360823,5027,70
362751,5175,70
366867,5025,64
368724,5188,63
372754,5118,62
374748,5196,73
376845,5102,70
378945,5070,69
380670,5080,69
382707,5083,66
384750,5044,64
386714,5186,70
388642,5176,73
394776,5085,68
396753,5082,75
398819,5090,60
400759,5052,66
402792,5072,67
404730,5158,64
406722,5071,71
408643,5105,79
410909,5103,64
412795,5071,64
414702,5002,73
416858,5127,79
418795,5079,63
420791,5095,74
422820,5093,71
424733,5180,77
428682,5123,72
430766,5044,71
434676,5067,60
436783,5125,71
440679,5108,74
442661,5168,64
444760,5059,73
446769,5031,79
448679,5124,67
450758,5042,63
452716,5010,64
454738,5051,62
458791,5106,60
460707,5053,77
464681,5059,72
466771,5085,79
468750,5119,65
470636,5163,79
472707,5162,67
474981,5005,60
476723,5118,70
482683,5155,75
488764,5073,72
490585,5016,74
492670,5152,63
494763,5132,65
496694,5160,71
498792,5196,66
500611,5074,72
506662,5030,65
508678,5168,62
510664,5199,69
516641,5084,68
518548,5177,70
521013,5138,61
522766,5096,69
524677,5149,70
526846,5020,75
528701,5075,62
532792,5173,68
538798,5103,77
540729,5057,62
542680,5148,64
544814,5168,71
546632,5087,68
550638,5060,62
554746,5198,70
558742,5163,60
560762,5036,63
564737,5094,65
566813,5082,64
568653,5183,71
570810,5118,66
572677,5104,72
574866,5136,79
576652,5077,65
578845,5005,71
584709,5109,72
588842,5098,61
590743,5042,63
596623,5052,68
598803,5044,66
602738,5048,66
604687,5167,60
606814,5061,61
612648,5165,64
614750,5097,74
616849,5089,74
622622,5193,72
624698,5094,66
626730,5175,79
628798,5151,61
632850,5155,60
634655,5086,60
636810,5124,62
640774,5137,78
642709,5149,67
644781,5101,66
646794,5095,70
650687,5166,74
656590,5183,67
658705,5157,74
660760,5076,79
662593,5015,69
664669,5190,66
668775,5158,73
672655,5015,76
674582,5124,67
678699,5106,60
680779,5046,77
682702,5123,63
686775,5098,77
688702,5032,60
691029,5125,66
692669,5151,66
694763,5198,72
696693,5088,66
698612,5191,69
702681,5050,71
704671,5102,60
706678,5047,74
708786,5090,64
710703,5144,75
714651,5189,77
716766,5089,77
720742,5048,71
722610,5010,77
726830,5134,60
728741,5164,72
730639,5036,60
732701,5044,60
734799,5161,72
736770,5034,68
738666,5118,79
740893,5115,69
742712,5073,66
744689,5021,71
746636,5036,75
748802,5104,62
750670,5004,66
756575,5197,64
760784,5070,64
764767,5133,62
766792,5033,76
768695,5022,71
770761,5106,77
774704,5013,70
778718,5023,77
784658,5115,71
786620,5122,71
790705,5041,73
792659,5150,63
796760,5022,66
798738,5161,76
800759,5026,67
802655,5188,63
804633,5136,75
806709,5083,67
810719,5196,66
812730,5078,76
814752,5136,64
818689,5063,65
822666,5142,70
824757,5073,65
826783,5158,70
829014,5062,78
830828,5113,72
832674,5031,66
834687,5163,70
838777,5193,76
840712,5154,73
842685,5180,69
844703,5124,61
846710,5034,60
848861,5158,70
852689,5046,77
854631,5066,75
856681,5199,72
858698,5035,75
862757,5050,65
864632,5099,72
866724,5107,65
870707,5178,71
872648,5083,78
874600,5052,61
876830,5056,62
878810,5112,75
880646,5084,76
882600,5170,71
886672,5030,72
888624,5198,64
891001,5008,78
892669,5160,63
894676,5083,64
896875,5109,65
898838,5064,69
902873,5195,72
904808,5131,74
906680,5154,70
908691,5050,67
910692,5068,60
912702,5034,71
916733,5052,67
918669,5103,79
920614,5138,78
922795,5153,69
924601,5047,69
926683,5081,67
928746,5169,64
930762,5186,73
932719,5075,75
936695,5197,73
940861,5137,68
942628,5043,67
948826,5016,61
950757,5121,66
962760,5189,60
964580,5146,73
968602,5123,67
970916,5085,62
972703,5124,71
974818,5073,79
978762,5165,71
980854,5063,72
982747,5185,74
984861,5127,66
988709,5184,79
990758,5023,63
992656,5032,72
994688,5141,75
996703,5007,68
998688,5138,77
1000767,5012,78
1004787,5130,69
1006742,5021,71
1008852,5015,78
1010751,5155,60
1012800,5172,60
1014666,5000,60
1016671,5019,65
1022742,5115,63
1024684,5125,63
1026616,5037,66
1030731,5154,61
1032627,5018,75
1034793,5052,69
1036704,5008,71
1038650,5047,68
1040744,5062,78
1042737,5164,70
1044700,5047,60
1050714,5179,60
1052797,5133,76
1054771,5115,70
1056654,5149,69
1058718,5003,76
1060909,5164,73
1062700,5038,77
1064623,5183,60
1068691,5035,60
1072668,5161,60
1076772,5092,79
1078737,5167,76
1084793,5044,66
1086668,5008,72
1088850,5133,64
1090742,5161,62
1092714,5077,68
1094633,5195,70
1096817,5169,72
1098792,5149,69
1100725,5145,61
1102587,5181,72
1104667,5075,60
1106675,5030,63
1108656,5026,74
1110653,5001,75
1112698,5163,63
1114902,5089,72
1118774,5035,70
1120738,5130,71
1122673,5165,68
1126773,5145,73
1128892,5145,63
1130784,5037,77
1136728,5025,70
1138645,5167,78
1140745,5032,77
1144721,5029,60
1146851,5082,72
1148756,5029,63
1150719,5173,72
1152671,5057,64
1154719,5197,76
1156797,5193,74
1158725,5111,68
1160619,5108,71
1162707,5034,69
1166569,5163,67
1168675,5142,61
1170697,5163,73
1176804,5007,73
1178624,5073,76
1180857,5194,72
1182711,5014,78
1184716,5090,65
1186799,5042,66
1188537,5177,76
1190790,5000,77
1192740,5109,60
1194724,5081,60
1196817,5057,73
1198738,5040,62
82833,5071,74
85057,5002,62
89132,5160,74
90770,5107,71
95887,5051,61
97817,5030,66
100670,5083,76
103061,5180,75
104966,5148,73
107137,5147,78
109113,5162,78
110687,5093,72
112979,5189,69
114681,5186,76
116669,5169,78
119112,5090,66
121325,5068,79
122938,5100,70
124986,5165,67
127135,5107,66
128953,5113,79
131488,5131,63
132618,5172,79
135038,5051,79
137134,5199,75
139193,5194,70
143266,5041,69
144812,5198,69
147087,5105,63
148954,5045,74
150622,5025,69
153111,5131,77
155382,5004,70
156887,5023,75
158685,5008,64
161107,5000,72
163140,5083,62
164851,5166,77
166929,5048,75
168802,5113,67
172940,5184,72
175026,5050,61
177090,5164,71
181001,5055,64
183234,5069,71
185202,5067,69
187635,5059,70
189051,5129,79
191276,5139,78
193178,5126,70
195102,5007,79
196898,5025,69
198984,5050,78
200759,5095,61
202984,5144,74
208964,5145,62
210865,5015,70
213115,5034,74
217140,5017,61
218970,5146,60
220963,5014,65
222824,5156,65
225104,5128,73
226815,5010,69
228950,5133,66
232891,5086,62
235105,5150,63
236692,5055,72
238874,5099,78
240642,5147,64
242713,5006,68
245056,5088,68
246750,5034,66
248754,5155,69
250978,5110,75
252888,5144,64
255055,5000,79
256749,5121,70
258636,5001,73
260911,5110,78
262844,5002,78
265069,5030,76
266813,5139,75
271407,5025,75
272780,5154,68
274777,5058,60
276789,5099,62
278778,5181,76
281135,5118,67
282814,5018,79
284928,5046,75
287002,5079,71
289021,5092,65
290987,5160,69
292999,5184,62
294971,5012,70
296890,5024,61
298834,5161,66
300999,5167,71
302819,5036,61
305029,5072,77
306902,5135,77
308655,5101,62
311253,5152,69
312770,5185,71
314808,5134,75
316938,5177,64
318779,5194,73
322930,5036,75
324883,5074,70
327045,5126,70
329044,5076,67
330751,5044,65
333179,5003,73
334977,5038,71
336844,5057,77
338795,5030,67
340748,5106,76
342927,5149,68
346807,5093,77
348623,5125,69
352715,5101,77
355137,5124,68
357019,5052,66
358761,5079,79
361199,5027,70
362928,5175,70
364801,5002,66
366821,5025,64
370960,5107,66
372877,5118,62
375129,5196,73
376819,5102,70
378876,5070,69
380746,5080,69
382567,5083,66
384815,5044,64
386805,5186,70
388898,5176,73
390681,5167,70
392736,5164,73
394912,5085,68
396929,5082,75
399138,5090,60
400983,5052,66
402981,5072,67
405141,5158,64
407059,5071,71
408799,5105,79
410922,5103,64
412872,5071,64
414740,5002,73
417089,5127,79
418680,5079,63
420678,5095,74
422936,5093,71
424760,5180,77
427023,5092,75
429164,5123,72
430860,5044,71
432873,5049,64
435161,5067,60
436618,5125,71
440894,5108,74
442817,5168,64
444796,5059,73
447297,5031,79
448705,5124,67
451140,5042,63
452942,5010,64
454887,5051,62
456849,5186,64
458671,5106,60
461032,5053,77
462709,5175,69
464686,5059,72
466830,5085,79
468843,5119,65
470713,5163,79
472867,5162,67
474657,5005,60
476992,5118,70
478918,5025,65
480779,5036,66
482837,5155,75
484775,5133,73
486805,5159,67
488689,5073,72
490733,5016,74
492795,5152,63
495402,5132,65
497005,5160,71
498927,5196,66
500851,5074,72
502598,5189,64
505087,5076,71
506944,5030,65
508824,5168,62
511117,5199,69
512925,5012,64
514759,5093,61
516775,5084,68
518997,5177,70
520700,5138,61
522781,5096,69
524764,5149,70
526748,5020,75
528956,5075,62
532667,5173,68
534991,5058,68
536791,5176,76
539008,5103,77
541150,5057,62
542995,5148,64
544989,5168,71
546888,5087,68
548831,5086,74
550737,5060,62
552855,5136,64
554681,5198,70
556786,5067,77
558853,5163,60
562850,5088,64
564877,5094,65
566793,5082,64
568841,5183,71
570953,5118,66
572983,5104,72
574712,5136,79
577373,5077,65
578753,5005,71
580932,5151,64
582793,5028,69
584922,5109,72
586994,5106,72
590785,5042,63
592776,5085,75
594925,5172,68
596808,5052,68
598863,5044,66
600826,5119,79
602769,5048,66
606975,5061,61
608889,5083,67
610963,5147,69
612863,5165,64
614999,5097,74
616911,5089,74
619118,5180,61
621191,5111,74
622659,5193,72
624788,5094,66
626679,5175,79
629190,5151,61
631036,5065,62
632750,5155,60
634995,5086,60
636770,5124,62
638747,5131,71
640680,5137,78
642796,5149,67
645000,5101,66
646845,5095,70
648873,5145,62
650700,5166,74
653008,5113,68
655101,5064,61
656982,5183,67
658804,5157,74
660661,5076,79
663015,5015,69
664634,5190,66
668779,5158,73
670892,5116,74
672944,5015,76
674951,5124,67
676816,5193,77
678929,5106,60
680871,5046,77
682946,5123,63
684912,5106,61
686616,5098,77
688681,5032,60
691054,5125,66
692789,5151,66
694738,5198,72
696754,5088,66
698801,5191,69
700607,5023,73
703035,5050,71
704808,5102,60
706807,5047,74
709037,5090,64
710857,5144,75
712981,5023,76
714903,5189,77
716640,5089,77
719093,5121,77
721076,5048,71
723038,5010,77
724982,5076,65
726800,5134,60
728658,5164,72
730919,5036,60
732894,5044,60
734647,5161,72
736802,5034,68
738813,5118,79
741019,5115,69
743022,5073,66
744715,5021,71
746641,5036,75
748863,5104,62
751040,5004,66
752812,5130,60
755051,5104,68
757021,5197,64
759106,5122,63
761127,5070,64
762949,5133,77
764847,5133,62
766847,5033,76
768799,5022,71
771024,5106,77
773033,5141,62
774970,5013,70
776860,5074,61
778948,5023,77
781218,5037,71
782815,5062,65
784780,5115,71
786684,5122,71
788978,5062,63
791058,5041,73
792891,5150,63
794940,5046,75
796802,5022,66
798747,5161,76
800754,5026,67
802879,5188,63
804907,5136,75
806883,5083,67
809124,5086,75
810785,5196,66
812856,5078,76
815023,5136,64
816889,5045,66
818763,5063,65
821005,5183,77
823001,5142,70
825158,5073,65
826761,5158,70
829150,5062,78
830691,5113,72
832648,5031,66
834919,5163,70
836760,5104,64
838750,5193,76
841186,5154,73
843036,5180,69
844850,5124,61
846744,5034,60
848911,5158,70
850784,5060,63
852666,5046,77
854574,5066,75
856935,5199,72
859030,5035,75
860795,5115,70
862908,5050,65
864663,5099,72
868905,5199,76
870981,5178,71
872866,5083,78
874732,5052,61
876775,5056,62
878819,5112,75
880873,5084,76
882893,5170,71
885003,5188,68
886781,5030,72
888995,5198,64
891176,5008,78
892882,5160,63
894829,5083,64
896829,5109,65
898896,5064,69
901014,5077,74
903128,5195,72
906869,5154,70
909067,5050,67
911055,5068,60
912676,5034,71
914796,5145,74
916727,5052,67
918853,5103,79
920754,5138,78
922810,5153,69
924717,5047,69
927045,5081,67
928851,5169,64
930956,5186,73
932681,5075,75
934957,5067,76
936875,5197,73
939051,5097,70
941068,5137,68
942936,5043,67
944827,5156,64
946654,5060,77
949115,5016,61
950716,5121,66
952790,5165,62
954818,5023,77
956723,5011,76
959136,5189,65
960703,5024,73
962615,5189,60
964912,5146,73
966846,5099,72
968823,5123,67
970649,5085,62
972951,5124,71
975047,5073,79
976944,5190,61
978891,5165,71
980573,5063,72
982783,5185,74
984912,5127,66
987020,5162,63
988890,5184,79
990812,5023,63
992955,5032,72
994918,5141,75
996828,5007,68
999032,5138,77
1000952,5012,78
1002783,5179,63
1004903,5130,69
1006851,5021,71
1008891,5015,78
1014804,5000,60
1016731,5019,65
1019008,5185,74
1020867,5054,79
1022686,5115,63
1024889,5125,63
1026924,5037,66
1029095,5092,74
1030886,5154,61
1032919,5018,75
1034965,5052,69
1036918,5008,71
1038995,5047,68
1041000,5062,78
1042888,5164,70
1044799,5047,60
1046925,5064,77
1049053,5086,78
1050788,5179,60
1052943,5133,76
1054964,5115,70
1056760,5149,69
1059096,5003,76
1060766,5164,73
1062757,5038,77
1064592,5183,60
1066877,5159,78
1068922,5035,60
1070896,5072,69
1072693,5161,60
1076929,5092,79
1078873,5167,76
1080899,5035,76
1082786,5152,72
1084777,5044,66
1086660,5008,72
1088681,5133,64
1090754,5161,62
1092879,5077,68
1094672,5195,70
1096867,5169,72
1098699,5149,69
1100969,5145,61
1104695,5075,60
1106719,5030,63
1108755,5026,74
1111007,5001,75
1112780,5163,63
1114929,5089,72
1116812,5151,70
1118783,5035,70
1120651,5130,71
1122915,5165,68
1124776,5137,72
1126816,5145,73
1128816,5145,63
1130957,5037,77
1132979,5080,74
1135296,5168,64
1136685,5025,70
1138750,5167,78
1140667,5032,77
1143011,5168,75
1144817,5029,60
1146937,5082,72
1148749,5029,63
1150937,5173,72
1152795,5057,64
1154643,5197,76
1156709,5193,74
1163004,5034,69
1165193,5061,68
1166709,5163,67
1168945,5142,61
1171086,5163,73
1172753,5042,64
1174730,5009,76
1176843,5007,73
1179044,5073,76
1180816,5194,72
1182793,5014,78
1184948,5090,65
1186912,5042,66
1188971,5177,76
1190909,5000,77
1192724,5109,60
1194785,5081,60
1196716,5057,73
1198952,5040,62
