111309 1915
121307 1909
131277 2093
141254 1917
151348 1925
161250 2084
191155 1982
211512 2027
221382 1928
231221 2079
241405 1939
251077 1924
261216 1998
281322 2064
291098 2038
301209 2079
311354 1923
321259 2056
330862 2038
341004 1986
361202 1934
371228 1902
381154 1984
391322 1978
411657 1960
421116 1980
441315 1949
451201 1926
461239 1908
471312 2094
481377 2030
501321 1902
511035 1936
531342 2061
541241 2056
551220 2036
561058 2077
591187 1930
601113 1905
631276 2092
641217 1953
651104 1929
661136 1921
671082 2015
681056 1984
701248 2026
721145 1997
731175 2079
741280 1974
751119 2027
761094 1926
771032 1930
781168 1996
791195 1955
801002 1914
811210 2069
821098 1956
831071 2029
841135 1975
861238 2009
871089 2045
881143 1977
891156 2018
901192 2016
921141 2060
931271 1938
941095 2076
961147 1963
991257 1923
1001090 1918
1011042 2023
1021106 1925
1031206 1961
1041173 2094
1051076 1931
1061209 2053
1071138 1913
1081035 1957
1091124 2056
1100993 2070
1111032 2074
1121176 1994
1131079 1917
1141180 2063
1151110 1958
1161091 2084
1171144 1977
1181188 1990
1191242 2014
1221236 1962
1231038 1989
1241045 2014
1251082 2084
1261222 1980
1291059 1996
1301089 1925
1311240 2047
1321200 1997
1331225 2025
1351140 2022
1361114 1989
1371084 2094
1381191 1957
1391155 1943
1401183 2058
1410879 2074
1420981 1984
1431040 2081
1440955 2022
1451131 2059
1471169 2083
1481280 2001
1491035 2079
1501155 1941
1511216 1983
1531067 2041
1541163 2030
1561128 2025
1571035 1934
1581061 1977
1601108 2060
1611162 1991
1621224 1934
1630956 1922
1641231 2097
1651348 1907
1661179 1910
1671083 1930
1711107 2056
1721210 1967
1731374 2062
1751078 1912
1771349 1992
1781077 2052
1791256 1943
