86883 3744
91184 3877
100969 3878
105902 3710
111079 3767
120837 3884
125739 3713
136127 3752
140834 3813
145914 3859
155752 3885
160851 3805
165926 3857
171306 3860
180790 3707
185951 3865
191210 3832
196378 3792
201151 3833
205996 3826
216017 3772
220978 3854
231057 3728
235915 3710
241192 3721
250988 3744
255876 3727
261078 3772
270823 3769
275936 3825
280976 3728
285861 3787
290949 3761
296078 3788
300976 3889
305812 3790
316137 3736
320985 3762
325612 3850
331157 3837
335850 3836
345940 3806
361031 3751
370898 3825
376029 3839
386193 3874
395820 3806
401358 3710
410856 3820
420685 3726
426038 3861
431015 3764
435993 3812
440951 3778
455909 3741
461054 3788
466073 3810
470922 3860
475767 3715
485606 3835
496013 3890
500961 3755
510968 3856
516088 3851
531079 3826
535706 3810
541059 3892
545911 3739
551005 3729
556021 3887
560840 3727
570874 3800
581134 3804
590941 3840
595866 3807
600866 3731
606125 3880
610808 3770
615891 3858
625960 3812
631133 3778
635683 3790
640912 3897
646088 3827
650905 3784
656104 3776
660987 3827
665955 3727
671033 3891
675728 3868
680867 3809
691038 3769
695747 3751
705944 3775
710979 3849
715899 3818
730861 3706
735869 3882
740832 3804
756171 3813
765938 3873
770846 3869
775739 3873
780735 3796
786290 3756
796021 3875
800875 3770
811146 3895
820756 3811
825927 3828
830844 3844
835818 3797
845811 3874
850706 3819
860950 3765
865804 3887
875898 3702
880948 3841
900975 3780
916054 3885
920816 3869
931173 3786
936091 3740
940963 3765
946101 3863
950957 3717
955672 3848
965810 3868
970866 3707
976034 3817
986016 3849
991240 3843
1000930 3893
1005868 3716
1010926 3759
1015750 3783
1031050 3819
1035834 3856
1040854 3811
1050795 3817
1055800 3799
1060977 3889
1065680 3834
1071166 3890
1075679 3814
1090769 3854
1095982 3738
1105861 3747
1110945 3714
1115928 3780
1126075 3844
1131017 3767
1155997 3869
1160925 3771
1170624 3859
1181063 3728
1195857 3833
1206166 3878
1210821 3755
1215926 3859
1220902 3714
1225899 3725
1240993 3834
1245908 3802
1265848 3736
1270825 3861
1275659 3866
1280727 3780
1285623 3857
1291112 3792
1295714 3708
1300820 3813
1305925 3814
1310770 3822
1315960 3805
1320623 3771
1326161 3767
1331002 3732
1336100 3883
1345887 3851
1350816 3761
1355656 3889
1360895 3778
1370888 3815
1375696 3789
1385805 3828
1391084 3864
1400978 3818
1405868 3768
1415853 3751
1420712 3749
1425957 3728
1430795 3784
1435769 3797
1441054 3853
1446009 3758
1450952 3837
1455885 3734
1460816 3780
1465757 3816
1471119 3890
1475715 3746
1496008 3891
1510908 3899
1521169 3868
1525859 3704
1530871 3728
1540938 3707
1550736 3858
1555784 3810
1561048 3804
1570885 3833
1575829 3865
1586060 3790
1590951 3899
1595877 3729
1600668 3812
1606101 3848
1615874 3744
1630982 3798
1636069 3766
1640725 3750
1645761 3876
1650848 3762
1655775 3753
1661278 3865
1666022 3869
1670688 3714
1676025 3781
1681000 3864
1685663 3851
1691201 3705
1695963 3853
1700821 3726
1706011 3739
1710869 3879
1715824 3765
1721143 3884
1731168 3755
1745839 3728
1761082 3805
1771075 3743
1775927 3742
1781005 3879
1786035 3778
1790973 3737
1795871 3794
