100542 1950
110597 2029
120517 2024
130513 2055
140549 2041
150545 1992
160613 1906
180661 2046
190639 2069
200520 2080
210571 2097
220545 1943
240510 2049
250645 2012
260636 1972
270517 1901
280545 2099
290533 1982
300542 2067
310613 1986
320581 2028
330504 2022
340568 1901
350504 2021
370526 2033
390552 2028
400578 2084
420539 2083
430655 2062
440504 2076
470642 2052
480517 1918
490510 1956
500504 2085
510600 2038
520517 2033
530514 1979
550677 1916
590510 2078
600639 1995
610526 1961
620504 1906
640552 1951
650504 1947
670622 2065
690510 1950
700584 2009
710594 1984
720510 1908
740568 1902
760603 1923
800510 2057
810568 1963
830536 2053
840520 1970
860652 2092
870645 2015
890639 2054
900623 2091
920510 1928
930536 2023
940504 1999
950584 1914
970661 1935
990552 2066
1020510 2027
1030545 2030
1040520 2057
1060562 1925
1070504 1905
1090578 2000
1100533 2009
1110591 2025
1150568 2077
1160584 1942
1170610 2052
1180504 2082
1190712 2092
1200890 1969
1210616 1959
1220533 2043
1230542 2004
1240504 1988
1250565 2002
1290613 1980
1300510 1964
1310607 1949
1320664 2017
1330561 2095
1340568 2087
1350523 1955
1360661 1943
1370565 1926
1380658 1978
1390510 2024
1400594 1918
1410504 2059
1420510 2026
1430510 2010
1440645 1988
1450613 1900
1460543 2012
1480712 2083
1490510 2074
1510510 1975
1530658 1988
1560706 1945
1570510 1911
1580639 1921
1590559 1940
1600504 2094
1620735 2081
1640623 1968
1660542 1975
1670632 1926
1680610 2056
1690568 2034
1700603 2020
1710542 1962
1720510 1902
1730575 2033
1740504 1914
1750616 1946
1760555 1905
1770610 2026
1790510 1983
