82850 73, 5143
87613 64, 5042
89168 72, 5166
93376 69, 5136
95159 70, 5043
97378 70, 5195
99514 62, 5145
102922 61, 5034
105160 60, 5023
107308 67, 5146
108798 69, 5060
112779 69, 5047
120791 75, 5073
123239 69, 5084
124870 69, 5142
127002 61, 5115
128797 67, 5190
133086 74, 5080
135179 79, 5138
138759 64, 5171
143121 75, 5046
144605 70, 5192
147230 71, 5121
149029 68, 5026
151114 78, 5133
154889 69, 5028
160924 65, 5155
163675 75, 5052
164952 75, 5023
168903 73, 5085
171314 61, 5136
173124 61, 5192
174778 65, 5136
177038 63, 5197
178849 75, 5081
180964 65, 5155
182687 61, 5115
186796 61, 5100
194955 70, 5039
197139 71, 5146
198738 70, 5053
201356 71, 5132
205483 75, 5047
206802 72, 5007
212684 78, 5039
214961 77, 5013
216664 65, 5077
218845 72, 5020
220824 75, 5052
222981 64, 5188
227109 65, 5027
229112 78, 5010
231171 72, 5051
234925 70, 5068
237214 72, 5091
241078 74, 5088
244925 73, 5051
247285 62, 5018
248818 66, 5072
253017 65, 5051
255384 77, 5083
258907 67, 5182
264823 62, 5187
269169 60, 5065
270795 79, 5004
272892 75, 5034
274696 66, 5028
278800 70, 5116
281178 62, 5188
282750 78, 5078
290908 73, 5179
292878 72, 5104
294934 69, 5016
298858 62, 5064
307026 74, 5110
315245 60, 5174
316693 63, 5184
318799 64, 5151
320818 65, 5034
325017 67, 5148
326847 61, 5131
330986 66, 5017
333091 67, 5170
334989 72, 5073
336997 67, 5052
338913 79, 5129
342969 71, 5123
345116 66, 5190
347115 79, 5055
350938 64, 5070
353140 72, 5108
354763 64, 5114
359160 61, 5141
363056 68, 5043
364774 79, 5142
369146 76, 5039
370720 68, 5190
374643 72, 5166
378838 78, 5171
382758 78, 5027
387167 79, 5168
389032 64, 5142
394655 71, 5161
396800 78, 5165
398812 66, 5034
404824 68, 5009
409267 61, 5077
410780 74, 5102
414920 67, 5060
417311 74, 5134
422820 61, 5032
427002 67, 5136
430994 65, 5025
432875 62, 5011
434706 67, 5150
436825 60, 5181
441250 77, 5070
449017 72, 5102
451245 63, 5179
456731 78, 5077
458746 60, 5117
461165 67, 5163
462720 65, 5151
465017 78, 5013
466783 74, 5115
468672 62, 5134
470792 60, 5102
472660 65, 5072
480682 76, 5015
482991 61, 5129
484782 65, 5173
486832 68, 5150
488758 62, 5036
490686 60, 5101
492883 66, 5048
496842 72, 5124
498801 66, 5059
500934 77, 5122
503015 67, 5159
504853 60, 5059
507047 76, 5031
510702 69, 5172
513146 65, 5183
516910 76, 5081
518816 69, 5123
521108 67, 5163
522839 61, 5081
527020 76, 5048
531270 74, 5040
533062 60, 5135
535315 67, 5009
538684 71, 5033
540823 70, 5021
542875 68, 5143
546740 78, 5137
552960 60, 5071
555205 60, 5178
558774 78, 5024
560732 77, 5076
565224 74, 5077
568682 69, 5042
570763 79, 5142
573046 73, 5059
574773 63, 5154
576679 76, 5018
578956 66, 5084
581100 74, 5144
587033 63, 5020
588691 65, 5083
592881 68, 5198
594806 75, 5183
597088 69, 5002
599146 70, 5147
602803 79, 5018
606895 65, 5042
608765 78, 5106
610987 71, 5035
614685 70, 5103
616900 75, 5197
621063 66, 5177
623342 71, 5144
624907 76, 5020
626859 67, 5001
628916 77, 5036
634920 75, 5110
636716 69, 5058
638734 77, 5039
640929 65, 5080
643206 60, 5006
644963 68, 5055
647210 66, 5073
652902 68, 5150
654749 60, 5149
656745 73, 5170
658885 65, 5188
661090 75, 5027
662850 79, 5035
664896 76, 5056
666552 70, 5025
673045 64, 5093
674724 70, 5102
677165 69, 5138
679253 74, 5183
681008 69, 5104
682721 60, 5066
684805 73, 5166
686829 73, 5184
688782 62, 5051
692672 75, 5091
694856 65, 5004
696927 74, 5129
698911 77, 5072
702881 78, 5199
705072 71, 5124
706817 77, 5119
708752 79, 5193
710859 74, 5052
712979 60, 5007
714642 70, 5083
719046 70, 5047
721023 74, 5192
725202 73, 5125
727042 75, 5028
730667 75, 5121
732996 76, 5104
734800 73, 5019
739075 78, 5034
740907 62, 5045
742981 69, 5001
744984 73, 5081
747047 64, 5129
749226 70, 5174
750920 66, 5045
752842 76, 5191
756629 76, 5198
758894 61, 5192
760788 62, 5049
765025 70, 5011
768994 74, 5137
770870 73, 5035
774840 69, 5037
777075 72, 5060
778829 61, 5089
780961 71, 5002
784800 63, 5177
788969 74, 5061
790976 73, 5094
792795 77, 5032
794787 60, 5144
796964 75, 5170
798743 60, 5092
803053 60, 5169
805075 71, 5123
808871 63, 5008
810700 72, 5118
812808 74, 5057
814748 76, 5184
818794 79, 5033
820963 63, 5192
826917 73, 5051
832735 63, 5128
834843 76, 5022
836819 68, 5049
840769 69, 5135
843075 60, 5167
844781 72, 5152
847058 74, 5189
848950 71, 5133
850637 67, 5191
853234 67, 5020
856934 75, 5120
859011 72, 5192
861226 72, 5198
862601 70, 5078
864819 76, 5050
870852 78, 5128
872935 78, 5163
874958 73, 5151
880868 79, 5005
884917 75, 5197
887203 78, 5107
892975 63, 5171
894657 61, 5196
896672 60, 5037
898869 71, 5002
902903 61, 5052
911093 68, 5130
912943 74, 5004
915099 64, 5184
916969 65, 5082
918647 65, 5178
920636 71, 5149
922920 73, 5024
924869 69, 5081
926678 70, 5023
928987 68, 5018
932745 65, 5098
934707 60, 5120
936884 67, 5056
950965 62, 5175
952949 62, 5155
954767 76, 5060
958863 74, 5066
960798 71, 5147
967000 74, 5174
974888 69, 5070
978911 63, 5172
981039 60, 5176
982896 66, 5011
985064 62, 5083
986973 72, 5036
991223 70, 5110
993039 71, 5147
995213 63, 5058
996700 60, 5197
998879 65, 5061
1004813 62, 5047
1008873 74, 5099
1010885 79, 5132
1012653 76, 5071
1014967 65, 5033
1016883 77, 5068
1019117 77, 5189
1022923 64, 5168
1024912 60, 5021
1028752 71, 5194
1030560 65, 5146
1032783 75, 5124
1034822 76, 5190
1042979 62, 5092
1044995 78, 5115
1046810 63, 5097
1048839 68, 5147
1050969 73, 5173
1057003 74, 5021
1058763 64, 5061
1061009 79, 5046
1063181 78, 5131
1064817 67, 5159
1066886 77, 5123
1068834 69, 5170
1073109 61, 5196
1075124 67, 5151
1078730 62, 5078
1085137 70, 5102
1087324 65, 5137
1088982 66, 5089
1090789 73, 5191
1092938 63, 5013
1096683 66, 5094
1099063 73, 5000
1103095 69, 5040
1104929 71, 5192
1106758 77, 5017
1108985 63, 5197
1110859 67, 5130
1115004 60, 5133
1117067 72, 5079
1119100 73, 5063
1121128 60, 5135
1123040 71, 5150
1125152 61, 5036
1126855 63, 5182
1128755 75, 5165
1130909 74, 5160
1138968 72, 5079
1143006 60, 5098
1144954 73, 5182
1148889 76, 5194
1150686 74, 5083
1152803 68, 5031
1154639 79, 5027
1156922 79, 5018
1159000 69, 5140
1161009 60, 5143
1162922 64, 5073
1165070 72, 5054
1168913 77, 5033
1171018 74, 5173
1174773 62, 5037
1176720 69, 5175
1178800 61, 5023
1181183 63, 5153
1183120 70, 5093
1184940 73, 5189
1188936 70, 5014
1191182 71, 5083
1193018 63, 5038
1194902 67, 5053
1199130 72, 5007
1205059 75, 5036
1208853 62, 5187
1214802 70, 5080
1224923 66, 5008
1226924 66, 5165
1228902 69, 5123
1232759 73, 5081
1244947 65, 5147
1246723 79, 5100
1248746 63, 5019
1252738 70, 5143
1256888 74, 5128
1261156 67, 5153
1270949 66, 5002
1274948 63, 5135
1276990 72, 5057
1280779 67, 5057
1282813 67, 5019
1284990 74, 5188
1289019 76, 5069
1291080 71, 5174
1292892 79, 5112
1295022 60, 5129
1298905 61, 5019
1304933 72, 5120
1306958 79, 5149
1310872 74, 5158
1312626 68, 5052
1314926 65, 5039
1318856 66, 5177
1320966 62, 5176
1325003 73, 5174
1326776 71, 5014
1328706 76, 5187
1331016 78, 5088
1332811 69, 5044
1334886 70, 5109
1336963 63, 5135
1338825 70, 5190
1340877 64, 5193
1342914 63, 5113
1345034 72, 5127
1347057 71, 5115
1348802 71, 5150
1351032 69, 5146
1352933 74, 5136
1358924 71, 5143
1360856 67, 5170
1366830 61, 5185
1368827 65, 5138
1370877 69, 5048
1372956 74, 5180
1376951 68, 5047
1378732 68, 5189
1380805 66, 5118
1382976 72, 5117
1384851 64, 5022
1386965 62, 5029
1389082 60, 5017
1391016 71, 5164
1392818 64, 5074
1394948 75, 5169
1396775 74, 5026
1399043 70, 5093
1400866 64, 5177
1402917 65, 5041
1407041 77, 5050
1409028 75, 5160
1412745 69, 5057
1414674 77, 5008
1418961 61, 5043
1420707 68, 5122
1423001 76, 5198
1424687 78, 5033
1426869 78, 5161
1430732 64, 5148
1443202 71, 5017
1446864 76, 5170
1451069 79, 5052
1453090 74, 5127
1456884 77, 5094
1459013 64, 5173
1460960 79, 5142
1463002 72, 5081
1465188 77, 5035
1466901 78, 5104
1468698 62, 5115
1470914 70, 5111
1472797 61, 5083
1476832 79, 5177
1478799 69, 5184
1480961 78, 5166
1482812 78, 5038
1486847 74, 5030
1488761 72, 5098
1490830 72, 5012
1494799 73, 5100
1496998 63, 5114
1502903 71, 5084
1504639 66, 5017
1506940 72, 5085
1508909 68, 5182
1510803 76, 5146
1514798 61, 5060
1516894 69, 5147
1519026 77, 5057
1520905 66, 5007
1522853 69, 5179
1528925 61, 5170
1538736 70, 5115
1541056 67, 5073
1542860 60, 5080
1545154 67, 5152
1546757 66, 5007
1548968 79, 5015
1552934 78, 5060
1554857 79, 5198
1557087 79, 5114
1558734 63, 5120
1563012 68, 5166
1564958 72, 5017
1566848 70, 5163
1568793 71, 5032
1572993 77, 5012
1575098 62, 5162
1582926 77, 5134
1586932 74, 5040
1594730 60, 5006
1597121 62, 5029
1599332 72, 5122
1601022 78, 5138
1604764 79, 5087
1606843 74, 5001
1608707 75, 5112
1610866 63, 5112
1614850 64, 5054
1618882 66, 5099
1620991 64, 5081
1624958 73, 5083
1626720 61, 5021
1629110 64, 5186
1630995 67, 5072
1632855 73, 5140
1641149 78, 5010
1645095 62, 5179
1648760 76, 5054
1654804 73, 5061
1657097 61, 5078
1658924 60, 5172
1661080 71, 5154
1662795 73, 5086
1664866 61, 5002
1668828 79, 5085
1670791 64, 5108
1674726 70, 5177
1680826 74, 5081
1683219 79, 5004
1685114 60, 5194
1688981 72, 5153
1691004 73, 5096
1694969 72, 5166
1700794 66, 5181
1702867 62, 5092
1705037 73, 5006
1706874 62, 5104
1708914 63, 5026
1713059 77, 5135
1717009 66, 5072
1718865 67, 5080
1723098 68, 5057
1724766 71, 5186
1727303 71, 5012
1730993 64, 5162
1735064 67, 5117
1738864 65, 5114
1740762 78, 5003
1742707 74, 5053
1744865 78, 5112
1746750 70, 5147
1749106 60, 5152
1752782 78, 5061
1755014 78, 5061
1756730 77, 5073
1758790 68, 5174
1762973 78, 5164
1764791 64, 5048
1766981 61, 5021
1769052 72, 5077
1770655 77, 5043
1772902 72, 5158
1774740 72, 5079
1777048 78, 5115
1778895 62, 5150
1782785 73, 5127
1787024 64, 5034
1791065 75, 5074
1792992 76, 5147
1794792 65, 5017
1796968 66, 5121
1799159 65, 5134
