111140 4466
140920 4363
201364 4310
230705 4370
261066 4360
290707 4430
321100 4369
351024 4466
380956 4458
411338 4486
441061 4316
471221 4322
500912 4329
530971 4480
560993 4453
590903 4409
650851 4349
740573 4432
770932 4315
800976 4458
830891 4457
861174 4496
920932 4394
951016 4308
981031 4432
1010753 4413
1130768 4354
1160745 4385
1190943 4431
1220972 4461
1250857 4405
1280796 4352
1311035 4495
1340915 4399
1400942 4347
1430862 4309
1460862 4429
1490869 4300
1520922 4313
1550875 4314
1580825 4405
1610990 4453
1640704 4388
1670927 4390
1700951 4498
1731201 4410
1761068 4303
1790665 4446
