85548 3875
90565 3798
100533 3760
105503 3807
110510 3849
120648 3792
130529 3784
135558 3709
140642 3724
145641 3715
150597 3739
155651 3795
170510 3721
175673 3776
180719 3854
185590 3817
195526 3787
200552 3701
205680 3778
210513 3890
220683 3743
230651 3712
235747 3717
245705 3704
250510 3764
260687 3888
270517 3867
285551 3752
290510 3890
295510 3801
300510 3881
320725 3701
325510 3810
330542 3847
335596 3873
340568 3771
350504 3795
355555 3805
360504 3865
370629 3701
375558 3788
390616 3825
400645 3822
405510 3831
410510 3873
415657 3856
420539 3723
430574 3824
440504 3814
445510 3751
450536 3811
460629 3807
465660 3741
470607 3841
475506 3782
480542 3867
485632 3865
490661 3713
500607 3715
505510 3818
510545 3849
515532 3830
525503 3786
530526 3718
540674 3809
545510 3886
550510 3897
555503 3825
560555 3714
570504 3734
575686 3770
580504 3833
585702 3856
590504 3835
595548 3792
600606 3785
605651 3755
630571 3869
635603 3730
640597 3855
650594 3882
655561 3847
660658 3804
665510 3807
670687 3700
685535 3883
690728 3778
695503 3776
705532 3811
710510 3847
730661 3867
735551 3766
750504 3881
755574 3851
760616 3888
765555 3830
770533 3768
775648 3749
780597 3807
785641 3783
790664 3856
795667 3892
800706 3775
805532 3757
815503 3841
820616 3824
825641 3841
830552 3826
835561 3897
840600 3768
845734 3812
860741 3746
865510 3846
870510 3790
875532 3836
880651 3754
885590 3769
895699 3703
900623 3756
905622 3706
915603 3823
925593 3810
930587 3798
935654 3770
945603 3896
950510 3852
955648 3731
960613 3757
970539 3803
975510 3890
980504 3726
990504 3775
995510 3728
1000558 3790
1005503 3743
1010510 3762
1015510 3848
1020594 3765
1025600 3876
1030606 3825
1035651 3786
1040562 3844
1050558 3718
1055580 3842
1060510 3825
1065599 3878
1070677 3776
1080571 3700
1085574 3830
1090562 3820
1095625 3841
1100588 3815
1105593 3818
1115506 3864
1120558 3813
1125596 3700
1140610 3881
1145503 3893
1150520 3844
1155545 3877
1175510 3748
1190571 3710
1195503 3835
1200526 3894
1205596 3834
1210654 3885
1215712 3713
1220511 3822
1225644 3793
1230510 3796
1235510 3812
1240504 3789
1245612 3886
1250504 3732
1255510 3787
1260526 3882
1265596 3894
1270510 3762
1275590 3853
1280610 3795
1285551 3746
1290504 3758
1310504 3810
1315510 3800
1320590 3833
1335522 3766
1340616 3768
1345584 3835
1350558 3829
1360504 3843
1365564 3810
1370504 3710
1375625 3879
1380674 3883
1385561 3781
1390603 3781
1395532 3860
1400610 3870
1405596 3837
1410677 3810
1415510 3844
1425545 3754
1430510 3764
1435619 3720
1445503 3766
1450510 3837
1455551 3845
1465616 3748
1470635 3885
1475551 3739
1480504 3856
1485600 3837
1490555 3733
1495692 3706
1505503 3708
1510545 3773
1515523 3890
1520520 3733
1530680 3879
1535551 3706
1540590 3879
1555616 3740
1560555 3745
1570642 3893
1575555 3898
1580510 3861
1585532 3828
1590651 3851
1595532 3896
1605577 3871
1610571 3811
1615510 3800
1620504 3889
1630597 3791
1635548 3787
1640587 3820
1650510 3884
1675638 3782
1680510 3747
1690622 3853
1695503 3851
1705612 3823
1725660 3837
1730584 3852
1735625 3897
1745510 3703
1750504 3877
1755647 3738
1760703 3815
1765503 3877
1770648 3855
1780680 3809
1785503 3892
1790652 3799
1795539 3862
