90546 1953
110623 1915
120648 2030
130513 2092
140616 2079
170510 2092
190504 1916
200520 2062
210619 1978
220546 2041
250680 1915
260555 2015
270504 1916
280610 1936
290549 1947
300526 1922
310590 2086
330510 2065
340613 1970
350511 2061
380533 2076
390639 2090
400667 2036
410504 2093
420565 2086
430645 2034
440504 2030
450558 1921
470510 2096
480568 2055
490667 2003
510703 2063
520517 1926
540587 1930
550565 1998
560510 1938
570504 2090
580603 1973
590555 1990
610674 2050
620693 2033
630667 2066
650504 1962
660645 1976
670722 2023
680738 2050
690645 2055
710511 1999
720571 1942
730510 1942
750510 2029
760623 2067
770575 2074
780626 1924
810504 1901
850539 2053
860607 2011
870600 2068
880571 1975
890549 2056
900510 1944
910741 1917
920671 1905
930699 1902
940561 1957
950533 1937
970568 2062
980600 1959
1000517 2075
1010623 2054
1020510 2046
1030594 1997
1040504 2086
1050504 1983
1060622 1927
1090642 1923
1100639 2078
1110504 2008
1120510 2046
1130588 2040
1140645 1975
1150606 2096
1160504 1993
1170565 1951
1180619 1974
1190607 2072
1200622 1948
1210510 1972
1230552 1979
1250607 2018
1260510 2064
1290520 2053
1310549 1903
1330510 1948
1340677 1956
1350642 1939
1360546 1969
1370504 2058
1380575 1936
1390683 1974
1400562 2064
1410619 1952
1420552 1947
1430562 1960
1440504 1991
1450568 1965
1470613 2015
1480504 1943
1500504 1922
1510510 2054
1520504 1952
1530558 1971
1540504 2048
1550664 2062
1560510 2031
1570578 2058
1580533 1991
1600517 1910
1610533 1937
1640696 1961
1650735 1948
1660504 1900
1670552 1925
1680603 1953
1690504 1921
1700511 1911
1710581 2058
1740558 1919
1750510 1922
1760555 2062
1790511 1978
