85835 3837
90656 3851
100742 3898
105691 3709
125785 3797
130742 3864
135638 3856
140707 3780
145777 3810
150585 3835
160662 3791
165719 3786
170665 3792
175684 3765
180672 3718
190671 3779
195735 3790
210714 3892
215754 3853
220800 3848
225677 3750
230682 3856
235739 3817
240606 3858
255648 3805
270695 3842
275574 3767
280640 3734
285599 3864
290666 3727
295645 3753
300681 3743
305748 3879
310675 3803
320777 3716
325751 3813
340618 3743
350691 3829
360693 3807
370668 3797
375685 3710
380576 3754
385626 3726
390761 3774
395693 3797
400784 3777
405747 3715
415635 3710
420753 3722
425719 3780
440749 3884
450736 3804
460727 3805
465603 3738
470746 3841
475802 3895
480726 3748
490760 3711
505651 3828
510722 3740
515757 3751
535658 3795
540839 3725
550698 3862
555619 3851
560653 3725
565632 3803
575642 3859
580684 3736
595703 3844
600607 3709
605603 3722
615549 3785
620653 3757
625706 3809
630695 3850
635780 3886
640714 3809
650734 3877
655853 3813
660713 3855
665696 3710
680634 3779
690682 3796
695658 3867
700733 3717
715596 3701
720681 3798
725589 3846
730732 3747
740710 3888
745734 3874
750655 3818
755629 3799
760752 3806
765732 3776
770775 3798
780610 3834
785749 3707
790630 3895
795719 3772
800669 3865
805663 3838
815587 3859
820768 3713
825738 3778
830557 3855
835597 3749
840649 3778
845604 3712
855651 3884
860736 3849
865658 3765
870630 3846
875651 3721
880684 3713
885594 3895
890610 3773
910716 3822
915657 3856
920691 3706
925652 3801
930623 3843
935719 3871
945648 3804
950640 3874
955660 3844
960676 3729
965727 3898
970736 3761
975659 3807
980804 3722
990690 3865
995584 3876
1000700 3871
1005686 3713
1010627 3809
1015681 3848
1020757 3858
1035645 3779
1040713 3754
1045630 3745
1050720 3823
1055721 3872
1060645 3776
1065658 3723
1070627 3749
1075664 3880
1085668 3700
1090704 3726
1095629 3700
1100699 3781
1110642 3888
1115677 3886
1120741 3742
1125682 3858
1130759 3823
1135650 3856
1145751 3723
1155706 3844
1160718 3775
1165732 3783
1180700 3777
1185632 3710
1190694 3729
1195697 3853
1200761 3879
1205792 3892
1210671 3865
1220637 3753
1225610 3700
1230643 3860
1235638 3727
1240653 3879
1250662 3712
1255659 3714
1260716 3885
1265680 3702
1270720 3884
1275696 3754
1280737 3808
1295659 3820
1300671 3876
1305665 3787
1310717 3762
1315678 3871
1320687 3724
1325711 3862
1330715 3766
1335802 3762
1340659 3851
1345784 3724
1350664 3766
1360701 3737
1365648 3768
1370670 3751
1375634 3804
1380585 3855
1385658 3733
1390720 3792
1395701 3760
1400710 3772
1405661 3858
1410551 3800
1415741 3745
1420764 3776
1430788 3798
1440704 3782
1445642 3783
1450716 3886
1455680 3844
1460672 3882
1465665 3872
1470713 3817
1480666 3768
1495713 3868
1500675 3808
1505686 3799
1515658 3801
1525568 3733
1530803 3860
1535613 3781
1540851 3700
1550704 3884
1555658 3703
1565586 3813
1570692 3712
1575677 3707
1580758 3711
1585748 3736
1595643 3734
1600644 3810
1605722 3837
1615689 3838
1620774 3744
1625639 3864
1630585 3726
1635605 3890
1640768 3714
1645676 3780
1650684 3752
1660679 3789
1670646 3798
1675667 3718
1680698 3879
1690694 3815
1695706 3810
1700631 3854
1705629 3800
1720647 3831
1730699 3729
1735671 3751
1740714 3818
1745613 3702
1755626 3719
1765680 3746
1775645 3897
1785643 3847
1790775 3798
1795684 3847
