111041 4392
201219 4409
230810 4414
261145 4328
290828 4435
321061 4408
350964 4349
411382 4442
470790 4375
501067 4388
531178 4429
561004 4476
591167 4358
621186 4373
650947 4313
680711 4452
770994 4439
800935 4491
860836 4334
950735 4317
980858 4455
1010971 4394
1040965 4426
1071001 4487
1100714 4345
1131009 4469
1160827 4392
1190823 4316
1220870 4332
1250893 4457
1280897 4366
1340678 4389
1370769 4425
1401050 4364
1430975 4481
1490964 4424
1520997 4481
1580995 4402
1610881 4425
1641043 4377
1670622 4402
1731276 4392
1760967 4413
1791050 4401
