84905 79, 5042
87510 76, 5175
88918 72, 5059
93359 67, 5160
94773 65, 5102
99190 73, 5004
100737 75, 5136
102975 66, 5124
108684 79, 5170
111041 64, 5185
112916 74, 5163
115111 74, 5081
117346 68, 5064
120945 62, 5111
123174 71, 5061
125054 71, 5055
127049 66, 5156
129291 76, 5174
133256 64, 5061
139016 69, 5087
142911 64, 5197
145222 72, 5019
147012 64, 5199
151022 67, 5161
154831 69, 5170
157071 63, 5034
163453 62, 5072
164931 60, 5009
166619 68, 5050
168973 64, 5044
177232 73, 5019
178898 60, 5084
180837 78, 5155
183000 61, 5009
186691 70, 5119
189065 63, 5010
190891 76, 5195
195042 75, 5153
197252 76, 5122
198908 73, 5120
201219 76, 5121
202790 72, 5164
205229 67, 5164
206852 66, 5151
209031 62, 5146
210719 74, 5158
216831 61, 5122
221348 68, 5074
222835 63, 5076
224634 76, 5090
228861 70, 5169
230810 68, 5118
232862 63, 5032
236895 62, 5152
239046 72, 5003
243029 66, 5034
253217 79, 5074
255273 74, 5162
259039 67, 5020
261145 67, 5010
263351 65, 5046
264997 66, 5135
269108 74, 5105
270869 68, 5145
272913 78, 5009
275084 63, 5017
277147 71, 5036
282727 68, 5077
284749 64, 5063
286774 73, 5033
288997 73, 5063
290828 77, 5052
292793 60, 5058
295014 78, 5064
296780 77, 5115
299133 70, 5052
300950 63, 5014
305041 73, 5102
307254 79, 5018
308869 73, 5167
310950 79, 5070
314777 68, 5163
321061 77, 5145
322837 70, 5061
325158 64, 5095
328994 61, 5106
335066 66, 5123
337126 61, 5051
338687 72, 5190
340790 61, 5056
342702 61, 5116
346889 66, 5089
349054 65, 5098
350964 73, 5075
353348 70, 5000
355183 68, 5145
356872 71, 5013
359099 70, 5057
362995 77, 5188
364906 77, 5081
367231 61, 5149
368749 71, 5148
372806 74, 5160
376976 77, 5104
378640 70, 5139
382616 70, 5186
385044 79, 5170
386946 70, 5078
388900 67, 5169
391262 63, 5021
392989 74, 5106
394925 76, 5006
397318 71, 5106
400854 63, 5064
402928 76, 5035
404821 74, 5006
406689 71, 5091
411382 79, 5197
414899 67, 5035
420978 65, 5039
422881 72, 5031
424830 65, 5167
426988 76, 5119
428909 71, 5103
430741 60, 5029
433055 62, 5034
435020 74, 5091
439215 69, 5016
450787 67, 5182
455028 65, 5050
456613 62, 5115
458990 66, 5047
466778 79, 5151
468856 63, 5196
470790 69, 5154
473027 73, 5142
476856 64, 5021
479040 63, 5092
483039 67, 5042
484882 68, 5042
486785 72, 5178
488674 74, 5055
490929 69, 5179
493049 75, 5166
494975 72, 5085
498683 67, 5154
501067 70, 5128
502768 79, 5062
504826 67, 5037
509155 70, 5180
510947 73, 5162
512843 61, 5174
514732 64, 5016
516746 71, 5005
519027 64, 5148
520784 64, 5079
522903 70, 5042
527003 73, 5023
531178 69, 5108
532845 64, 5176
536920 79, 5096
540907 74, 5085
544684 73, 5099
546701 64, 5149
548929 68, 5025
550868 79, 5016
552707 60, 5116
554926 70, 5033
559354 65, 5173
561004 75, 5073
562816 73, 5132
566859 67, 5149
568994 61, 5143
573227 63, 5024
574907 79, 5017
576797 63, 5014
579077 70, 5084
582810 71, 5026
586895 68, 5014
588862 77, 5033
591167 76, 5199
592762 72, 5002
594777 74, 5124
598998 75, 5037
600703 66, 5159
603046 67, 5133
605019 60, 5130
606761 72, 5170
614861 71, 5062
616778 69, 5128
619141 70, 5096
621186 65, 5086
623288 77, 5007
624885 74, 5070
626898 65, 5081
628789 75, 5150
631288 69, 5000
632835 79, 5193
635083 73, 5112
636815 75, 5013
641175 61, 5126
642745 67, 5050
645062 62, 5053
646575 63, 5085
648832 62, 5108
650947 66, 5095
653003 65, 5153
659073 79, 5186
660813 73, 5131
663056 70, 5041
664809 73, 5013
667017 63, 5162
668870 63, 5157
674881 63, 5192
679317 64, 5099
680711 77, 5086
688934 61, 5181
691014 60, 5190
692894 74, 5087
694979 71, 5102
696685 61, 5005
699098 68, 5063
700992 66, 5190
702821 62, 5111
709076 71, 5005
712945 66, 5042
717045 66, 5189
718806 76, 5185
720908 77, 5076
723154 69, 5166
728876 63, 5186
730695 61, 5009
732739 62, 5070
734810 60, 5013
745279 60, 5186
749254 69, 5115
750781 70, 5017
752762 62, 5176
757035 63, 5080
759094 70, 5149
765046 64, 5032
766827 65, 5140
770994 77, 5044
772974 74, 5005
774815 63, 5114
776868 71, 5090
778795 70, 5116
786822 71, 5152
789073 77, 5159
791145 62, 5131
793312 61, 5075
794690 76, 5184
797127 63, 5146
799071 62, 5104
800935 64, 5152
802887 75, 5052
806948 64, 5001
809098 64, 5106
811021 73, 5017
812972 75, 5113
814961 67, 5183
816811 67, 5097
818777 61, 5144
823252 72, 5133
824989 76, 5112
826823 69, 5059
832645 62, 5053
834739 65, 5047
838961 77, 5118
840725 73, 5093
842949 75, 5064
844716 61, 5180
847110 68, 5172
848840 67, 5022
852723 68, 5060
858698 74, 5147
860836 77, 5141
862900 78, 5069
864855 70, 5077
867005 63, 5086
868830 68, 5087
874837 71, 5028
876964 68, 5109
882813 78, 5123
884833 72, 5120
889069 74, 5068
895026 68, 5057
897009 61, 5072
899049 65, 5028
900782 74, 5026
903005 69, 5015
907062 78, 5087
911014 65, 5190
913090 72, 5039
914630 72, 5028
916927 66, 5040
922889 63, 5087
925045 64, 5071
926661 73, 5161
928947 70, 5102
935341 79, 5147
936948 76, 5075
942704 74, 5133
946912 64, 5135
950735 72, 5178
952821 67, 5110
954720 67, 5091
958780 67, 5019
961102 69, 5114
963006 67, 5095
964960 64, 5163
969064 78, 5104
970840 72, 5080
972919 67, 5138
974783 61, 5164
976924 69, 5067
978962 63, 5122
980858 78, 5141
982987 71, 5096
988712 66, 5117
991228 68, 5051
997311 73, 5065
998825 79, 5102
1001119 74, 5104
1002744 74, 5035
1004782 64, 5082
1006888 60, 5026
1008913 66, 5125
1010971 71, 5003
1013044 64, 5162
1014871 77, 5121
1017014 77, 5092
1020791 62, 5064
1022891 73, 5151
1025248 61, 5087
1026797 73, 5079
1032810 78, 5109
1036930 70, 5088
1038783 60, 5148
1040965 60, 5016
1043081 74, 5195
1044972 76, 5040
1049138 70, 5130
1051005 60, 5058
1054788 75, 5092
1057038 65, 5147
1058990 76, 5010
1060915 60, 5189
1063201 70, 5117
1064771 74, 5141
1066950 63, 5071
1068990 72, 5022
1071001 71, 5163
1074681 79, 5007
1078664 74, 5020
1085018 78, 5197
1086864 71, 5179
1088922 67, 5087
1090723 75, 5164
1092910 62, 5191
1094745 76, 5007
1099003 75, 5172
1100714 62, 5170
1102853 60, 5015
1112971 64, 5106
1117341 63, 5177
1125140 61, 5130
1131009 68, 5001
1132734 75, 5061
1134914 70, 5052
1136875 61, 5096
1138893 63, 5026
1141000 73, 5036
1143232 77, 5053
1144716 76, 5156
1150707 70, 5104
1152753 64, 5110
1154826 76, 5048
1156769 75, 5188
1158993 70, 5183
1160827 60, 5117
1163080 76, 5073
1165305 77, 5116
1168837 60, 5178
1173060 60, 5031
1174944 65, 5116
1176850 76, 5131
1178752 74, 5020
1180882 78, 5086
1184987 69, 5020
1187026 75, 5176
1190823 68, 5157
1198993 64, 5119
1200940 64, 5084
1203087 70, 5086
1204798 73, 5139
1208828 60, 5085
1211000 61, 5107
1215056 71, 5046
1217130 76, 5071
1220870 69, 5087
1223146 73, 5127
1224854 79, 5049
1226883 77, 5184
1229127 69, 5076
1231013 66, 5029
1232867 67, 5187
1234819 60, 5190
1238921 73, 5033
1240879 68, 5089
1242725 60, 5171
1244801 79, 5050
1246825 67, 5155
1249014 64, 5048
1250893 66, 5077
1255079 61, 5047
1256919 60, 5185
1260785 64, 5096
1262960 75, 5163
1264771 67, 5109
1268817 77, 5037
1270756 62, 5184
1272732 77, 5117
1275023 76, 5150
1276908 76, 5154
1280897 79, 5176
1282929 67, 5059
1285087 73, 5033
1286901 70, 5055
1288908 79, 5126
1290681 60, 5057
1294742 62, 5052
1298926 73, 5014
1301050 67, 5197
1303069 73, 5092
1304981 68, 5184
1307203 67, 5105
1309031 65, 5149
1312715 64, 5062
1318889 64, 5009
1320918 73, 5142
1322923 77, 5192
1325031 78, 5005
1326720 64, 5039
1331175 64, 5034
1332738 72, 5056
1335109 65, 5119
1336870 75, 5198
1339085 65, 5163
1340678 72, 5176
1342759 78, 5022
1348897 72, 5167
1350689 68, 5026
1353004 65, 5175
1354741 62, 5058
1356944 73, 5048
1358969 75, 5160
1362811 70, 5183
1364899 68, 5047
1367113 66, 5031
1368780 60, 5094
1370769 62, 5119
1372756 67, 5118
1377013 60, 5072
1378705 62, 5160
1382940 65, 5024
1384771 66, 5142
1386747 74, 5024
1392995 65, 5008
1394869 72, 5034
1396645 72, 5025
1398919 60, 5108
1401050 63, 5051
1402981 79, 5103
1404761 61, 5181
1408823 76, 5004
1410726 76, 5162
1412877 69, 5047
1414983 61, 5048
1416718 71, 5000
1418909 66, 5063
1422832 60, 5030
1425160 71, 5136
1426873 68, 5004
1429178 66, 5063
1430975 62, 5009
1435122 74, 5155
1436856 75, 5042
1438831 67, 5051
1440834 75, 5173
1443097 64, 5110
1444906 66, 5134
1446981 60, 5115
1451080 66, 5184
1453067 70, 5193
1455195 73, 5002
1458733 71, 5100
1462892 67, 5171
1464998 71, 5108
1470786 72, 5117
1473052 64, 5137
1474760 71, 5126
1478944 77, 5073
1480859 60, 5004
1482719 64, 5196
1484843 76, 5149
1487034 68, 5183
1490964 64, 5101
1493007 79, 5019
1497131 77, 5098
1502743 70, 5094
1504970 77, 5064
1506841 63, 5137
1510971 73, 5118
1514954 60, 5130
1516755 64, 5072
1518869 61, 5012
1520997 68, 5035
1522845 78, 5161
1525082 71, 5099
1526976 70, 5090
1528879 76, 5101
1530763 74, 5139
1532927 66, 5155
1534942 65, 5124
1540744 62, 5083
1542934 68, 5113
1546812 61, 5003
1548859 69, 5020
1554979 62, 5095
1566898 63, 5082
1568757 73, 5174
1570952 76, 5033
1572959 69, 5012
1574917 64, 5164
1579336 61, 5124
1580995 65, 5134
1585058 71, 5025
1586795 75, 5077
1588920 66, 5068
1591170 77, 5030
1592853 65, 5186
1594789 64, 5185
1598860 70, 5096
1600921 60, 5190
1602872 60, 5013
1604695 67, 5062
1607045 62, 5105
1608768 72, 5076
1610881 75, 5058
1612993 65, 5179
1614674 73, 5145
1616849 61, 5072
1618793 78, 5197
1620839 76, 5152
1623033 71, 5048
1627057 61, 5059
1628798 70, 5031
1630905 71, 5122
1632983 72, 5112
1638727 74, 5030
1641043 75, 5028
1642904 63, 5187
1644884 75, 5121
1646737 64, 5189
1650915 74, 5068
1652817 72, 5139
1655063 62, 5095
1656854 71, 5024
1658755 79, 5089
1661260 79, 5178
1668784 62, 5080
1670622 68, 5161
1673024 70, 5097
1674718 79, 5018
1676765 75, 5135
1678810 73, 5136
1680971 76, 5098
1684734 71, 5194
1686907 60, 5178
1688745 71, 5138
1690869 67, 5167
1693006 71, 5111
1696794 76, 5083
1698784 66, 5091
1702794 73, 5147
1705147 77, 5047
1706898 73, 5164
1709062 69, 5153
1710980 62, 5009
1712799 78, 5024
1718799 73, 5060
1723020 77, 5153
1724692 64, 5108
1727259 60, 5108
1731276 77, 5086
1732805 78, 5076
1736765 64, 5043
1738726 74, 5013
1740913 75, 5005
1742848 69, 5017
1744973 68, 5052
1748725 77, 5105
1750863 64, 5082
1752956 69, 5101
1754816 63, 5062
1756817 62, 5052
1759127 79, 5081
1760967 61, 5108
1762844 78, 5161
1765029 64, 5153
1766958 72, 5143
1771270 63, 5189
1775071 75, 5147
1776716 69, 5051
1778968 76, 5199
1783076 67, 5118
1784897 67, 5039
1786755 61, 5109
1788932 76, 5021
1791050 73, 5055
1794784 69, 5171
1796914 74, 5145
