100635 1991
110510 2063
120648 2086
130635 2022
140523 2034
150571 2016
160587 1918
170619 1919
180565 1983
190542 1914
200642 1924
210642 1947
220667 2083
230639 1996
240526 2044
250639 1975
270517 1905
280594 2082
290533 2012
300533 2011
310510 2023
320672 2088
330667 1922
340510 1914
350559 1907
360529 1991
370655 1907
380684 2054
390533 1995
400504 2019
410658 1902
420520 1917
430667 1956
440610 1999
450523 1919
460574 1910
470629 2065
480594 2007
490545 2036
500613 2081
510504 1911
520504 2086
530514 2094
540504 1920
550526 1957
560510 2078
570610 2065
580635 1992
590510 2055
600558 2007
620591 2005
630622 1928
650581 1981
660549 1960
670561 1961
680588 2064
690622 2076
700584 2024
710680 2067
720626 2021
730517 1955
740632 1956
750581 1903
760629 1963
770517 1938
780523 2061
810627 1992
820504 2084
830536 2015
840555 1988
850677 1941
860533 1991
870545 2012
880561 2086
890604 1977
900600 2011
910523 2085
930504 1936
940610 2006
950549 1995
970545 1924
990526 1967
1000600 2057
1010651 2055
1020562 1903
1030552 2047
1040526 2019
1050510 2073
1060581 1918
1070619 1928
1080504 1981
1090622 1998
1100645 1949
1110510 1960
1120552 1973
1140616 2062
1150513 2049
1160571 1989
1170603 1972
1180539 1996
1190600 1912
1200555 1904
1220709 1960
1230590 1917
1260510 1975
1270504 2061
1280639 1971
1290520 1932
1300696 1981
1310626 1988
1320613 2032
1330510 1968
1340623 1996
1350523 1948
1360578 2057
1380590 2035
1390587 1958
1400639 2051
1410510 2062
1420635 2086
1430504 2049
1440584 1930
1450523 2050
1460668 2048
1470651 1949
1480504 1990
1490510 2034
1500597 2061
1510587 1929
1520555 2068
1530581 2063
1540523 1940
1560526 2013
1570655 2041
1590626 1992
1600533 1975
1610504 2057
1620510 1933
1630510 2062
1640517 1936
1650504 1999
1660504 2010
1670603 1964
1680565 1994
1690651 2010
1700623 2046
1710558 2052
1730530 1994
1740565 1942
1750510 1984
1760510 2050
1770639 1925
1780546 2088
1790629 1971
