84523 66, 5039
86526 67, 5009
88612 68, 5055
92510 68, 5073
96510 64, 5046
98523 60, 5125
102593 65, 5001
106619 69, 5187
108625 67, 5114
110533 77, 5067
112507 76, 5011
114503 67, 5077
116510 62, 5168
118561 74, 5010
120510 75, 5119
122542 73, 5102
124503 66, 5159
126510 60, 5068
128600 73, 5091
130513 72, 5049
132625 77, 5191
134510 73, 5179
136507 61, 5191
138510 64, 5019
140623 65, 5026
142503 64, 5025
146603 70, 5075
148529 60, 5089
150562 62, 5182
152510 62, 5182
156503 62, 5004
158503 68, 5082
160626 67, 5108
162526 77, 5021
164593 63, 5078
166564 68, 5065
168580 79, 5196
170533 63, 5065
174503 61, 5141
176625 67, 5078
182503 78, 5112
184635 78, 5197
190542 67, 5130
196603 70, 5114
198551 70, 5064
202551 60, 5136
204747 64, 5025
206644 72, 5012
208503 73, 5021
216577 78, 5126
220610 72, 5130
222558 61, 5090
224545 66, 5197
226551 79, 5052
228503 74, 5141
230507 68, 5145
232503 72, 5179
236568 69, 5088
238542 62, 5084
244510 61, 5030
246503 73, 5028
248564 64, 5145
250545 75, 5067
252510 76, 5194
254708 61, 5057
258580 77, 5111
260607 78, 5119
262632 61, 5020
264641 73, 5139
268555 62, 5065
272596 71, 5017
274510 72, 5055
276638 74, 5129
278529 67, 5182
280690 69, 5171
284644 66, 5130
286503 60, 5031
292519 78, 5166
296676 72, 5115
298686 60, 5110
300504 79, 5021
304510 79, 5104
306596 75, 5126
308584 68, 5176
314561 72, 5128
316510 67, 5161
322510 70, 5122
332638 72, 5174
334606 63, 5160
338628 61, 5093
340510 74, 5044
342587 60, 5024
344602 70, 5190
348667 63, 5059
350655 76, 5142
352648 60, 5142
354561 74, 5070
356507 70, 5029
358686 79, 5036
360523 72, 5147
362510 77, 5118
364548 71, 5025
368503 69, 5063
370613 76, 5108
374503 72, 5018
376577 64, 5117
380504 72, 5112
382510 63, 5130
386622 78, 5088
388657 65, 5065
390510 77, 5101
394510 60, 5102
398510 68, 5051
400552 64, 5107
402555 64, 5062
404580 76, 5048
406510 75, 5103
410648 60, 5029
414510 75, 5018
420642 75, 5069
422667 60, 5066
424603 76, 5012
426510 73, 5185
428564 68, 5041
436503 78, 5160
440677 71, 5151
444600 63, 5189
446503 77, 5164
448667 60, 5035
450619 70, 5114
452577 63, 5164
454596 75, 5187
456503 77, 5137
458503 69, 5008
460651 72, 5049
462644 71, 5081
464510 72, 5114
466616 68, 5136
468587 66, 5015
472574 70, 5136
474510 68, 5155
476503 75, 5153
478542 75, 5190
480664 76, 5002
482507 71, 5044
484596 68, 5100
486532 65, 5032
488529 63, 5064
490594 64, 5063
494510 64, 5091
498638 66, 5118
500607 69, 5076
502532 68, 5185
506660 78, 5169
510510 62, 5126
512596 75, 5194
514503 77, 5165
516712 74, 5072
518651 64, 5098
520677 69, 5182
522622 76, 5048
524603 72, 5033
526580 62, 5004
532590 76, 5000
534622 70, 5192
536664 62, 5131
542712 68, 5108
544612 70, 5096
550623 67, 5135
552529 63, 5022
554625 67, 5149
558539 66, 5127
560533 73, 5176
562510 74, 5189
568510 70, 5014
570510 60, 5174
574747 68, 5004
576548 60, 5055
578628 60, 5039
580545 73, 5044
586664 64, 5111
588510 73, 5139
594692 70, 5073
600523 78, 5053
602510 69, 5008
612628 67, 5065
614503 62, 5048
618596 74, 5094
620645 64, 5076
622625 77, 5106
624625 62, 5179
626628 62, 5103
628657 67, 5191
630504 73, 5060
634535 69, 5041
638651 62, 5172
642510 70, 5133
646548 69, 5108
648529 79, 5112
650504 76, 5094
652584 66, 5130
654510 75, 5026
656580 70, 5037
658548 75, 5086
660622 67, 5161
662600 60, 5077
664590 64, 5058
666635 77, 5083
668555 74, 5112
670510 76, 5123
676529 74, 5055
680604 77, 5160
682529 77, 5120
684503 77, 5199
686503 73, 5110
688529 68, 5113
690523 61, 5168
692558 75, 5180
694529 62, 5061
698503 71, 5189
702503 62, 5148
706510 62, 5184
708510 62, 5152
710526 63, 5024
712571 65, 5077
714529 62, 5142
716561 65, 5062
718529 79, 5179
720645 68, 5122
722503 74, 5135
724539 60, 5024
726548 79, 5018
728503 62, 5070
732577 67, 5170
734529 71, 5047
736593 63, 5063
738548 74, 5023
740510 60, 5007
742564 73, 5058
744612 66, 5089
746503 62, 5099
750510 77, 5079
754510 71, 5045
758737 76, 5136
762503 65, 5030
764548 79, 5115
768503 61, 5177
770680 75, 5109
774667 72, 5144
776673 61, 5081
778503 75, 5095
780504 62, 5095
786503 62, 5127
788593 70, 5069
792628 78, 5111
794510 65, 5179
796503 71, 5029
798632 72, 5038
800510 73, 5042
802561 69, 5001
806577 64, 5147
808699 61, 5154
812664 72, 5065
814529 73, 5120
816555 73, 5186
818510 75, 5077
820648 64, 5031
822503 72, 5141
824503 66, 5142
826616 63, 5139
828510 63, 5080
832503 72, 5028
836555 64, 5013
838580 72, 5187
840613 68, 5031
842529 74, 5144
844526 79, 5187
846503 60, 5067
852596 79, 5098
854503 68, 5147
860533 78, 5060
862529 69, 5192
864680 73, 5131
866526 69, 5008
868676 60, 5146
870545 61, 5089
874728 79, 5143
878600 67, 5103
880597 61, 5182
882654 75, 5014
884510 62, 5044
886510 79, 5180
888503 74, 5193
892644 62, 5185
896600 73, 5179
898503 60, 5155
904558 68, 5074
906689 65, 5173
910555 69, 5190
912596 64, 5038
916503 71, 5135
920510 71, 5005
924510 62, 5038
926600 72, 5149
928619 68, 5048
930642 77, 5022
932696 72, 5002
934635 70, 5138
936532 79, 5032
938545 64, 5084
942577 69, 5136
944654 63, 5197
946593 77, 5110
948628 69, 5145
952555 75, 5023
954638 65, 5045
956609 68, 5099
958510 79, 5110
960549 74, 5007
962510 64, 5137
964548 75, 5146
966529 64, 5013
968609 61, 5051
978651 78, 5006
982567 78, 5172
984619 72, 5040
986708 66, 5093
988705 73, 5091
990510 64, 5107
992728 73, 5154
994628 77, 5140
996510 72, 5192
998689 74, 5137
1000639 73, 5098
1002503 68, 5109
1004529 73, 5159
1010504 78, 5163
1012510 68, 5150
1014600 61, 5117
1016673 63, 5170
1020504 73, 5100
1022503 70, 5164
1024696 67, 5191
1026561 73, 5145
1028532 74, 5143
1030523 69, 5000
1032548 69, 5066
1034542 78, 5172
1036503 71, 5151
1038503 71, 5179
1040562 62, 5132
1042728 72, 5010
1044644 79, 5004
1046503 78, 5099
1048529 64, 5071
1050610 62, 5187
1052510 78, 5082
1054632 72, 5068
1056657 70, 5041
1064510 77, 5091
1066571 60, 5189
1068548 78, 5086
1070568 75, 5169
1072657 78, 5112
1074564 72, 5072
1078590 66, 5137
1080617 65, 5119
1082580 74, 5074
1090504 78, 5123
1092702 73, 5165
1094648 68, 5163
1096708 79, 5191
1100510 61, 5043
1104692 67, 5076
1106532 76, 5164
1108622 60, 5047
1110552 76, 5137
1114510 71, 5059
1116664 74, 5160
1118616 75, 5162
1120510 65, 5048
1122625 76, 5176
1124616 63, 5083
1126503 68, 5068
1128580 74, 5124
1130504 67, 5009
1132635 63, 5057
1134638 63, 5031
1136564 71, 5173
1138510 72, 5169
1140510 65, 5105
1142667 70, 5038
1144564 66, 5199
1146551 71, 5115
1148590 75, 5007
1150568 74, 5196
1152503 67, 5002
1154529 63, 5159
1160510 71, 5101
1162683 61, 5158
1164616 73, 5008
1166593 64, 5047
1170638 66, 5079
1174503 67, 5164
1176680 69, 5092
1178609 77, 5063
1180561 68, 5119
1182574 69, 5079
1184503 77, 5185
1186635 73, 5112
1190671 79, 5170
1192503 61, 5086
1194657 77, 5013
1198632 60, 5073
1202510 73, 5093
1204529 76, 5106
1206632 73, 5180
1208510 63, 5068
1210510 72, 5083
1212555 68, 5171
1214510 60, 5065
1218651 72, 5052
1222510 67, 5193
1224657 77, 5159
1226561 79, 5047
1230510 64, 5131
1232606 61, 5139
1234590 61, 5009
1236670 60, 5028
1240565 76, 5067
1242555 76, 5091
1244529 65, 5161
1246628 70, 5168
1248699 67, 5066
1250635 68, 5023
1252529 60, 5139
1254699 63, 5106
1256673 67, 5153
1258590 78, 5047
1260594 72, 5102
1262503 71, 5119
1264638 79, 5056
1266548 67, 5154
1268503 68, 5183
1270626 74, 5123
1274632 79, 5175
1278510 70, 5021
1280661 63, 5067
1286667 63, 5149
1288529 61, 5068
1290584 71, 5017
1294510 64, 5094
1298567 67, 5084
1300661 76, 5169
1302587 61, 5141
1304503 67, 5010
1306680 67, 5054
1308503 63, 5134
1310531 69, 5131
1312503 77, 5059
1314555 77, 5082
1316503 76, 5193
1320510 76, 5106
1336529 71, 5111
1340504 76, 5160
1342561 72, 5119
1346548 71, 5001
1348503 66, 5147
1350693 68, 5105
1352510 78, 5197
1354510 62, 5175
1356503 75, 5192
1358590 65, 5138
1360606 66, 5048
1362702 65, 5167
1364670 60, 5192
1366612 73, 5182
1368567 67, 5173
1370757 74, 5050
1372510 74, 5031
1376503 65, 5002
1378510 65, 5155
1380574 63, 5090
1382747 73, 5155
1384529 79, 5069
1386503 65, 5094
1388503 63, 5146
1390504 76, 5044
1392651 62, 5046
1394628 78, 5155
1396616 69, 5026
1398616 72, 5163
1400504 60, 5048
1402510 66, 5096
1404638 75, 5125
1406696 65, 5163
1408587 62, 5171
1410699 76, 5176
1412510 62, 5138
1414510 75, 5011
1416529 64, 5056
1420510 76, 5114
1422510 69, 5179
1424503 62, 5146
1426503 64, 5021
1432510 60, 5074
1438507 78, 5189
1442503 61, 5177
1444503 72, 5012
1448561 74, 5169
1452619 67, 5183
1454503 77, 5035
1456503 71, 5125
1458510 78, 5001
1460575 71, 5088
1462510 77, 5049
1464510 61, 5102
1466628 65, 5046
1468510 69, 5087
1472638 70, 5044
1474510 78, 5105
1476503 76, 5123
1478503 62, 5133
1480578 79, 5101
1484510 63, 5031
1486699 73, 5155
1490504 72, 5121
1492593 62, 5041
1494503 63, 5197
1498641 67, 5099
1500613 74, 5102
1502510 66, 5073
1508529 76, 5006
1512662 66, 5161
1514555 63, 5009
1518609 77, 5036
1520504 78, 5197
1522510 78, 5182
1526577 60, 5079
1532510 63, 5102
1536609 65, 5162
1538635 65, 5179
1540504 69, 5064
1544577 65, 5079
1546510 74, 5151
1552503 61, 5092
1554648 76, 5162
1558529 65, 5034
1560591 62, 5166
1562568 61, 5017
1564510 70, 5185
1566510 69, 5010
1568609 73, 5068
1570632 71, 5117
1572564 75, 5010
1574632 74, 5043
1576523 61, 5057
1578529 76, 5036
1580668 69, 5101
1582545 63, 5125
1586593 60, 5161
1588705 61, 5141
1592692 68, 5037
1594510 62, 5151
1596648 61, 5158
1600635 77, 5088
1604551 69, 5127
1606568 65, 5085
1608510 65, 5191
1610578 68, 5122
1612616 72, 5165
1614641 65, 5013
1616503 78, 5159
1620510 73, 5187
1622628 66, 5070
1624536 74, 5074
1626510 69, 5068
1628651 71, 5004
1630568 78, 5058
1634577 70, 5146
1638632 70, 5023
1640571 66, 5092
1644548 76, 5109
1646510 68, 5080
1648503 60, 5067
1650680 77, 5075
1652510 60, 5057
1654510 69, 5179
1656510 67, 5011
1658628 65, 5085
1662503 76, 5042
1670504 69, 5185
1674590 79, 5005
1676529 79, 5028
1680667 77, 5148
1682606 66, 5042
1684503 62, 5080
1686510 67, 5101
1690542 78, 5107
1692503 73, 5123
1696503 70, 5142
1698510 68, 5169
1700559 73, 5131
1704596 65, 5066
1708625 62, 5037
1710597 73, 5148
1712503 77, 5095
1714503 63, 5051
1716680 67, 5002
1718632 60, 5072
1720545 61, 5010
1726529 75, 5177
1728584 78, 5024
1730626 76, 5111
1732510 70, 5061
1734612 71, 5130
1736503 65, 5100
1738503 74, 5188
1740629 75, 5129
1742503 75, 5129
1744628 72, 5053
1746503 70, 5138
1752571 67, 5197
1754529 74, 5089
1756644 75, 5083
1758510 70, 5090
1762699 63, 5044
1764548 74, 5190
1766606 60, 5029
1768529 78, 5123
1770552 61, 5067
1772548 66, 5158
1776676 61, 5170
1778628 72, 5041
1780510 72, 5073
1782564 75, 5074
1784503 61, 5021
1786596 76, 5136
1788510 65, 5035
1790658 75, 5160
1794567 76, 5172
1796673 77, 5147
