85025 78, 5129
87092 64, 5017
89098 70, 5066
91249 76, 5152
94706 69, 5143
102852 65, 5180
107090 79, 5156
109170 73, 5072
117095 69, 5098
119254 72, 5032
121012 66, 5150
123244 75, 5134
127066 66, 5093
129088 79, 5190
130942 75, 5079
132844 67, 5041
136798 78, 5087
140971 63, 5074
142949 60, 5121
144879 73, 5053
147059 70, 5065
148954 72, 5057
156961 65, 5072
160944 61, 5107
163442 63, 5177
166748 73, 5193
168937 79, 5016
171211 68, 5027
172744 72, 5092
174967 73, 5082
176922 78, 5173
183011 79, 5113
187004 68, 5057
189057 75, 5066
190818 70, 5176
192965 65, 5076
194963 75, 5013
196943 65, 5083
198711 61, 5118
201294 65, 5176
202721 74, 5092
207248 72, 5169
211407 66, 5013
214987 66, 5049
218771 74, 5159
220708 62, 5176
223045 71, 5014
227150 78, 5072
229224 61, 5181
235199 67, 5180
236934 65, 5056
238902 72, 5046
241236 74, 5001
246701 67, 5006
249412 74, 5083
252795 70, 5057
255189 69, 5135
257175 73, 5118
261058 69, 5009
263359 78, 5161
264654 78, 5000
272789 65, 5025
274917 70, 5152
276855 71, 5125
278973 72, 5075
281107 66, 5122
282830 61, 5104
285000 71, 5125
287398 76, 5081
288984 66, 5050
290897 70, 5199
294685 61, 5007
296871 62, 5043
301141 79, 5099
302917 78, 5080
304890 68, 5092
307126 60, 5179
309005 75, 5069
311187 63, 5142
313134 62, 5172
315021 75, 5051
318829 78, 5009
321123 71, 5140
322793 69, 5113
326951 78, 5150
331142 70, 5070
332866 74, 5049
335234 75, 5027
339303 66, 5165
340721 76, 5090
342980 69, 5091
344852 63, 5135
346832 73, 5026
349010 78, 5194
351039 61, 5062
353709 62, 5175
354812 64, 5199
357009 63, 5065
359126 61, 5054
360864 67, 5023
363003 75, 5011
364810 72, 5128
367223 70, 5064
368733 74, 5005
371020 71, 5131
372946 77, 5061
374682 65, 5163
377065 68, 5094
378770 61, 5184
381088 64, 5013
382965 60, 5059
387181 78, 5014
389057 65, 5190
390843 63, 5036
392796 67, 5001
398888 69, 5117
402744 67, 5085
407067 66, 5145
408834 79, 5120
410864 62, 5191
412799 62, 5105
415157 65, 5156
417242 73, 5034
419231 60, 5103
420834 72, 5076
422803 62, 5062
424858 69, 5017
426662 69, 5097
428704 61, 5099
430936 62, 5044
432930 66, 5185
434846 62, 5015
436886 71, 5147
442742 67, 5007
444845 72, 5171
447072 64, 5048
450869 76, 5110
452825 70, 5166
456794 79, 5127
459111 68, 5062
464725 68, 5153
467112 71, 5127
468690 71, 5179
471038 61, 5036
472989 76, 5100
475033 76, 5182
476962 73, 5099
478913 65, 5056
481054 73, 5041
482837 71, 5049
484661 65, 5001
487019 69, 5002
490691 71, 5085
493173 74, 5095
494833 63, 5008
496853 77, 5036
499191 64, 5031
501042 67, 5067
502999 71, 5165
504953 62, 5007
506781 70, 5022
508932 71, 5117
513113 60, 5195
514770 62, 5108
516799 77, 5160
518795 74, 5132
520976 76, 5010
527059 66, 5191
529070 61, 5080
530950 78, 5022
535177 71, 5131
536786 63, 5087
538841 61, 5168
541038 65, 5057
542781 60, 5046
544754 62, 5126
546691 76, 5182
549237 77, 5025
552815 76, 5038
560885 67, 5189
562986 77, 5013
567072 74, 5073
569064 61, 5008
573206 69, 5032
574727 67, 5015
576940 75, 5191
578912 60, 5022
581268 73, 5183
582962 61, 5086
585021 60, 5078
586980 76, 5039
592846 74, 5070
595014 68, 5034
596942 71, 5075
598752 79, 5082
600763 61, 5154
602848 64, 5090
604995 61, 5144
606989 78, 5180
608952 74, 5056
610833 60, 5039
612828 76, 5025
614901 77, 5045
616731 79, 5084
619060 65, 5021
621071 78, 5177
622760 67, 5175
624857 70, 5191
626825 66, 5007
628891 69, 5104
631254 70, 5183
632897 76, 5084
634958 66, 5014
638992 74, 5025
640836 60, 5160
643080 74, 5139
644815 77, 5042
649020 63, 5131
650977 66, 5172
652833 64, 5188
655012 61, 5084
656814 63, 5010
659063 60, 5081
660936 74, 5137
662888 63, 5129
667028 68, 5020
670977 76, 5186
672843 75, 5004
674949 75, 5140
677142 66, 5085
678860 66, 5056
680922 70, 5086
683040 78, 5078
684731 79, 5109
686934 67, 5083
689009 72, 5197
691181 61, 5023
694748 64, 5068
699164 69, 5121
700972 60, 5124
702817 76, 5156
706665 74, 5066
710952 71, 5113
713072 78, 5112
714839 75, 5007
722902 78, 5093
726772 66, 5056
728906 60, 5074
730819 78, 5051
733129 77, 5199
734840 76, 5149
736926 76, 5187
738751 75, 5033
741257 77, 5137
742857 63, 5186
745032 74, 5123
747022 76, 5021
749247 77, 5109
751011 72, 5003
753057 70, 5096
755077 77, 5103
756849 65, 5118
758908 78, 5188
762829 64, 5146
767126 77, 5151
768890 73, 5144
770893 66, 5074
772985 71, 5021
774731 70, 5039
780840 67, 5162
782825 72, 5090
784701 74, 5053
786744 70, 5147
788876 76, 5010
790810 78, 5060
793192 76, 5111
798869 70, 5004
800762 63, 5091
802838 75, 5034
805116 72, 5039
807084 79, 5137
808844 75, 5152
812939 67, 5112
815082 77, 5036
817038 66, 5048
818858 62, 5143
821087 73, 5136
822978 78, 5187
826875 71, 5002
828722 77, 5057
831012 68, 5048
834934 65, 5019
837074 72, 5117
838943 71, 5000
842709 78, 5023
844938 69, 5129
847007 62, 5085
848895 62, 5124
851200 77, 5195
852806 65, 5169
855071 77, 5044
858691 69, 5158
861154 64, 5079
862770 68, 5034
868991 74, 5061
872864 68, 5083
876953 60, 5010
878960 74, 5018
881077 66, 5013
882929 60, 5093
887158 67, 5171
889156 62, 5033
890889 67, 5111
893064 77, 5054
894913 70, 5087
896780 72, 5131
899102 66, 5116
900828 77, 5071
904864 70, 5004
908678 67, 5095
911260 76, 5015
915041 66, 5104
918822 68, 5111
924906 76, 5033
926963 78, 5179
929101 63, 5022
931091 64, 5115
936702 63, 5054
938967 77, 5108
942900 77, 5182
945057 75, 5036
946859 75, 5055
948656 63, 5181
952985 72, 5148
956937 69, 5014
961033 65, 5035
964890 64, 5198
966969 69, 5142
968940 65, 5050
970829 67, 5146
972730 72, 5129
975038 67, 5176
979004 68, 5155
980953 73, 5161
984744 62, 5145
986933 61, 5030
991215 70, 5045
992895 64, 5042
997210 69, 5083
999019 63, 5090
1000871 68, 5184
1002847 62, 5033
1004871 74, 5156
1006707 73, 5140
1012764 74, 5170
1014786 64, 5020
1017116 64, 5198
1019044 66, 5021
1021076 62, 5148
1022841 76, 5010
1029116 79, 5005
1031127 67, 5114
1032994 68, 5011
1034772 73, 5193
1037140 79, 5069
1039150 74, 5198
1041138 68, 5199
1042965 77, 5029
1046987 78, 5153
1048760 62, 5135
1051064 67, 5068
1056696 70, 5069
1058673 70, 5020
1060901 65, 5182
1063159 72, 5129
1066820 74, 5037
1068967 74, 5195
1070893 73, 5169
1072935 70, 5057
1074993 63, 5141
1078913 60, 5184
1081067 67, 5061
1082797 74, 5110
1084787 67, 5163
1088882 70, 5119
1090836 67, 5106
1092742 71, 5002
1098607 77, 5025
1100790 71, 5108
1103050 65, 5110
1106658 62, 5140
1109075 79, 5199
1112960 66, 5007
1114866 65, 5142
1117090 60, 5124
1118725 62, 5175
1120865 72, 5078
1122982 70, 5116
1126772 66, 5086
1128634 75, 5081
1131065 67, 5007
1132810 75, 5080
1135173 74, 5085
1136996 77, 5171
1138986 67, 5121
1140874 65, 5097
1142958 76, 5149
1144827 78, 5032
1146826 67, 5065
1148972 73, 5163
1152923 71, 5066
1154959 66, 5189
1159008 70, 5053
1160893 78, 5045
1162842 62, 5191
1166728 70, 5131
1172759 66, 5065
1174633 74, 5086
1176685 60, 5149
1180946 77, 5100
1182848 76, 5049
1185004 71, 5105
1186919 64, 5122
1188867 76, 5091
1190787 69, 5165
1192818 60, 5185
1194877 61, 5089
1196740 74, 5077
1200948 67, 5153
1202902 77, 5100
1205041 73, 5007
1206869 68, 5017
1210782 70, 5027
1213042 78, 5088
1215243 69, 5148
1217102 65, 5107
1219000 66, 5159
1220959 78, 5156
1223151 77, 5076
1224840 72, 5181
1226801 69, 5102
1228856 64, 5186
1230833 67, 5017
1233060 79, 5096
1234566 65, 5079
1237068 70, 5178
1238971 63, 5073
1242845 71, 5003
1244797 79, 5026
1246918 68, 5148
1252998 60, 5188
1254662 66, 5189
1257022 69, 5167
1258865 70, 5139
1260885 71, 5025
1265142 76, 5019
1271066 61, 5071
1272780 77, 5186
1274824 79, 5003
1276915 71, 5022
1278682 60, 5178
1284971 77, 5172
1286742 76, 5130
1288853 77, 5062
1291030 63, 5147
1292813 61, 5143
1294908 77, 5061
1297073 75, 5153
1300858 67, 5150
1307130 75, 5143
1308884 61, 5009
1310936 63, 5067
1312676 65, 5151
1314934 79, 5029
1320887 65, 5057
1322860 72, 5034
1326702 66, 5031
1328944 69, 5184
1332993 67, 5059
1337030 69, 5008
1340923 72, 5014
1342780 73, 5005
1345172 71, 5048
1347030 76, 5036
1350914 66, 5044
1352777 65, 5109
1354995 65, 5116
1357040 71, 5030
1358875 63, 5061
1360959 68, 5074
1362800 62, 5000
1365028 78, 5182
1366768 79, 5052
1368887 77, 5114
1370787 74, 5016
1376992 76, 5146
1380813 73, 5066
1384859 62, 5100
1386853 63, 5198
1388766 63, 5104
1390643 67, 5170
1392887 75, 5078
1395054 74, 5157
1397070 75, 5107
1398807 66, 5013
1401071 78, 5150
1403102 67, 5019
1406786 66, 5122
1409044 76, 5152
1410945 61, 5170
1412835 76, 5004
1414602 78, 5177
1416862 77, 5199
1418687 79, 5091
1420804 74, 5087
1422865 74, 5134
1425013 69, 5130
1426803 65, 5052
1429137 70, 5198
1430955 69, 5170
1435038 60, 5086
1439085 61, 5182
1444794 61, 5135
1446871 65, 5089
1450772 77, 5067
1452881 66, 5166
1454719 71, 5128
1456811 68, 5076
1458858 79, 5100
1462780 79, 5199
1466869 79, 5131
1470923 73, 5136
1472979 68, 5138
1474713 75, 5050
1476923 61, 5166
1478988 61, 5048
1481194 75, 5049
1482955 74, 5081
1484770 77, 5003
1486809 71, 5098
1488803 67, 5185
1490716 72, 5066
1493073 68, 5017
1496664 63, 5033
1498801 60, 5120
1501086 68, 5170
1502766 66, 5004
1504787 65, 5070
1507034 74, 5074
1508685 61, 5092
1510932 66, 5115
1515023 71, 5083
1518803 75, 5102
1521018 78, 5015
1522809 63, 5127
1524843 60, 5183
1526852 60, 5089
1528966 69, 5067
1531006 70, 5077
1533087 60, 5187
1534851 62, 5044
1536763 79, 5044
1538771 73, 5013
1540771 76, 5081
1546973 65, 5014
1550857 67, 5162
1552809 74, 5068
1558741 65, 5042
1560743 61, 5088
1562924 78, 5154
1564982 70, 5028
1567187 75, 5079
1568804 71, 5162
1571061 68, 5068
1572998 70, 5174
1574764 77, 5023
1577022 63, 5103
1578915 70, 5177
1581034 64, 5124
1582884 60, 5076
1584777 67, 5144
1586914 63, 5183
1589093 74, 5051
1594806 62, 5149
1597009 68, 5144
1598681 73, 5047
1600844 79, 5066
1606832 71, 5083
1609062 60, 5157
1610886 76, 5130
1612771 67, 5168
1617010 75, 5033
1618752 68, 5014
1622776 70, 5125
1624786 69, 5120
1629096 68, 5046
1631063 68, 5043
1632617 64, 5095
1634882 66, 5120
1637004 62, 5024
1638813 64, 5166
1641134 67, 5135
1642776 76, 5067
1644855 70, 5015
1650970 63, 5020
1652905 67, 5110
1655122 77, 5197
1657086 72, 5036
1660826 78, 5110
1665077 75, 5029
1666897 75, 5104
1668859 64, 5032
1670876 66, 5084
1672878 74, 5055
1674862 63, 5108
1676937 69, 5005
1678818 79, 5066
1680860 73, 5063
1682675 72, 5099
1684949 61, 5129
1687076 65, 5131
1689075 63, 5042
1692962 71, 5194
1694773 67, 5066
1696770 60, 5164
1698823 68, 5055
1702966 67, 5073
1705230 67, 5013
1707104 76, 5163
1708823 75, 5086
1711086 74, 5094
1712639 71, 5056
1715041 77, 5029
1716912 62, 5185
1721017 67, 5172
1724678 61, 5121
1728721 75, 5142
1730975 67, 5094
1732750 60, 5147
1734989 64, 5103
1738703 62, 5066
1740754 76, 5170
1744785 69, 5052
1746999 63, 5075
1750889 68, 5181
1752906 75, 5145
1756977 71, 5060
1758863 63, 5149
1761100 76, 5077
1765089 70, 5179
1766720 78, 5055
1768742 72, 5162
1770890 66, 5113
1773087 73, 5066
1774985 61, 5147
1776699 79, 5160
1778871 65, 5101
1780806 77, 5153
1783101 64, 5061
1784661 76, 5049
1788901 61, 5063
1796949 63, 5183
