84523 66, 5095
86632 66, 5037
88568 63, 5070
90622 67, 5171
92503 76, 5110
94596 60, 5131
96510 69, 5041
98558 64, 5017
104561 79, 5098
108590 74, 5160
110533 75, 5155
112558 62, 5162
114503 67, 5057
118510 78, 5102
120552 63, 5058
124510 77, 5044
126577 61, 5057
128689 78, 5096
130504 64, 5069
134715 72, 5025
138632 68, 5040
144571 66, 5040
146635 74, 5030
148664 69, 5090
150552 69, 5181
154503 76, 5063
156510 65, 5033
158609 60, 5168
160523 79, 5111
162555 64, 5006
166523 75, 5063
170565 74, 5111
172503 60, 5067
174503 70, 5048
178638 64, 5046
180504 72, 5040
182510 62, 5078
184686 65, 5083
186510 68, 5115
188644 76, 5047
190600 79, 5174
194510 75, 5152
198616 60, 5152
200626 69, 5053
202507 67, 5197
210594 61, 5025
220510 75, 5103
224705 70, 5170
228503 64, 5046
230763 77, 5177
232692 67, 5133
234503 77, 5193
238600 66, 5158
240638 67, 5141
242507 60, 5021
244619 66, 5138
246510 62, 5137
248545 68, 5152
250510 79, 5193
252705 62, 5184
254507 72, 5012
258574 76, 5070
260510 65, 5040
262561 70, 5149
264545 72, 5096
268689 72, 5082
272503 77, 5125
274686 68, 5118
276606 75, 5159
278561 63, 5058
280504 65, 5115
282654 78, 5035
284654 62, 5140
286619 73, 5175
288510 62, 5049
290504 71, 5122
292526 70, 5136
294503 72, 5195
296606 63, 5056
298567 66, 5102
300603 78, 5122
302593 76, 5125
304641 70, 5183
306609 69, 5070
308699 66, 5097
310703 63, 5089
316596 61, 5116
318638 73, 5074
326616 68, 5157
328503 77, 5184
330533 64, 5160
334657 71, 5043
336548 60, 5155
338510 65, 5095
340635 63, 5170
344673 60, 5169
346619 61, 5171
348564 64, 5024
350584 74, 5027
354510 65, 5074
356680 66, 5162
358708 75, 5002
362632 65, 5082
364564 61, 5090
366503 68, 5137
368574 62, 5128
372503 69, 5072
374654 77, 5170
376718 65, 5102
378510 61, 5162
382503 78, 5059
384571 74, 5192
386641 73, 5095
388510 70, 5113
390616 62, 5023
392564 75, 5179
394606 63, 5135
402574 73, 5053
404507 65, 5032
406510 61, 5010
408523 63, 5076
410533 62, 5025
412753 78, 5114
414529 73, 5017
416568 63, 5071
422590 75, 5079
426731 77, 5187
430603 71, 5170
432603 64, 5170
434657 79, 5065
436510 71, 5014
438564 61, 5096
440623 79, 5087
442542 63, 5060
444513 76, 5043
446548 67, 5040
448603 62, 5189
450594 66, 5114
452555 74, 5131
454510 68, 5021
456542 66, 5026
460561 77, 5052
462561 77, 5011
464510 65, 5123
466580 71, 5128
468510 74, 5119
472503 69, 5006
478503 69, 5119
484503 75, 5161
486532 64, 5072
492584 69, 5133
494600 69, 5158
496616 70, 5100
498606 65, 5169
502503 66, 5044
504510 73, 5140
506603 77, 5183
508532 67, 5029
510504 79, 5120
516590 73, 5027
518529 73, 5037
520635 64, 5082
522529 65, 5092
528510 65, 5061
530616 65, 5001
532535 73, 5006
536676 65, 5073
540504 72, 5011
542510 69, 5157
544590 68, 5184
546676 68, 5013
552567 78, 5160
558625 79, 5192
560581 76, 5177
566529 76, 5089
568510 61, 5123
572667 73, 5151
578577 75, 5088
580629 66, 5192
582555 70, 5152
586612 74, 5080
588612 78, 5063
590626 72, 5137
592580 73, 5031
594593 63, 5097
596510 74, 5118
602584 67, 5058
604503 61, 5038
606548 63, 5096
608584 64, 5000
610603 60, 5027
612770 65, 5166
614590 68, 5026
616600 63, 5144
622619 75, 5152
624654 68, 5093
626584 79, 5094
628510 71, 5035
632529 64, 5197
634513 73, 5122
636503 72, 5043
638523 72, 5191
640645 69, 5046
642510 78, 5013
646561 62, 5027
654676 73, 5068
656635 79, 5172
662587 77, 5173
664740 74, 5031
666503 66, 5139
670504 75, 5192
672503 77, 5056
676593 70, 5073
678619 66, 5119
680533 61, 5010
684510 68, 5092
686510 69, 5048
692510 72, 5069
694510 68, 5157
696510 76, 5093
698510 75, 5166
702606 68, 5160
704590 69, 5078
706529 67, 5180
710527 71, 5131
712577 73, 5196
714731 75, 5148
716510 69, 5057
720587 62, 5125
722510 76, 5034
726596 76, 5056
730622 73, 5086
734503 73, 5019
736510 61, 5127
738503 63, 5194
740677 78, 5111
742864 76, 5097
744503 71, 5189
746718 65, 5142
748567 67, 5135
752708 72, 5193
756628 66, 5188
758510 72, 5071
762510 63, 5093
768648 67, 5137
770504 65, 5034
772584 79, 5014
774551 66, 5082
776558 79, 5050
778503 76, 5121
780559 70, 5176
784609 62, 5082
786696 64, 5014
788503 61, 5120
790504 60, 5034
792667 76, 5133
794503 64, 5065
796654 71, 5177
802548 74, 5129
804580 72, 5171
806612 76, 5069
810504 67, 5193
812503 79, 5141
814503 78, 5002
816628 74, 5149
820510 75, 5043
824510 74, 5106
828558 73, 5184
830536 61, 5044
832587 77, 5016
834503 75, 5145
836516 65, 5180
842606 73, 5095
844526 77, 5032
846503 66, 5091
850558 79, 5129
852510 69, 5013
854590 68, 5125
856584 75, 5035
862593 79, 5042
866503 72, 5198
868660 72, 5019
870613 72, 5179
874584 78, 5069
876616 61, 5103
878503 78, 5125
882510 73, 5126
884529 63, 5069
890661 61, 5091
892580 66, 5070
894577 65, 5154
898503 67, 5099
902526 79, 5174
904539 60, 5143
906696 72, 5013
910587 77, 5168
912632 78, 5199
920575 75, 5096
922648 62, 5105
924503 62, 5120
926609 68, 5159
928510 65, 5146
930510 62, 5063
932593 63, 5105
936593 71, 5151
940562 60, 5163
946622 61, 5025
950684 67, 5196
952667 64, 5106
956635 66, 5038
958529 77, 5133
962510 70, 5090
964529 72, 5010
970539 64, 5168
972503 70, 5054
974680 79, 5069
976625 70, 5050
978644 71, 5151
982622 68, 5055
984692 74, 5199
988718 62, 5083
990558 68, 5159
992571 62, 5088
996545 74, 5150
998657 70, 5156
1000622 63, 5176
1006625 75, 5139
1010555 72, 5168
1012699 77, 5199
1014635 70, 5029
1016625 78, 5171
1018651 68, 5004
1020510 65, 5193
1024580 66, 5047
1032510 74, 5192
1036510 63, 5058
1038510 67, 5093
1042660 68, 5008
1046686 73, 5149
1048510 63, 5045
1052603 79, 5092
1058510 73, 5151
1066628 62, 5182
1068628 68, 5141
1070594 79, 5075
1072616 65, 5125
1080504 60, 5195
1082587 69, 5198
1084689 73, 5103
1086686 71, 5199
1088619 60, 5086
1090594 77, 5174
1092622 63, 5005
1094561 66, 5090
1096510 74, 5015
1098600 78, 5063
1100661 68, 5149
1102523 78, 5026
1104558 64, 5080
1106619 69, 5102
1108510 68, 5078
1112654 65, 5031
1116571 72, 5007
1118670 75, 5006
1120552 68, 5185
1122510 63, 5108
1124689 72, 5067
1126529 65, 5007
1130604 60, 5051
1134503 65, 5180
1138548 68, 5148
1140510 71, 5103
1144612 73, 5148
1146568 72, 5169
1148619 76, 5178
1150642 72, 5096
1152503 68, 5099
1154503 65, 5078
1158635 75, 5079
1160648 78, 5180
1162503 77, 5187
1164708 66, 5131
1166680 67, 5130
1168523 79, 5099
1170565 74, 5049
1172503 73, 5101
1174529 60, 5067
1176510 73, 5128
1178564 66, 5057
1184510 72, 5044
1186513 60, 5087
1188503 68, 5067
1190623 73, 5129
1192564 72, 5035
1202529 67, 5134
1204603 77, 5120
1206503 70, 5134
1208641 73, 5085
1210610 79, 5023
1212548 66, 5008
1214571 60, 5041
1216510 63, 5161
1218596 74, 5039
1222641 61, 5041
1226609 79, 5046
1230674 62, 5174
1232667 78, 5064
1236612 65, 5013
1238510 63, 5020
1244510 65, 5121
1246510 76, 5065
1248503 60, 5156
1250588 72, 5058
1252593 75, 5015
1254503 64, 5048
1256683 62, 5102
1258542 67, 5146
1260526 70, 5086
1262619 70, 5038
1266603 67, 5041
1268510 79, 5168
1270619 76, 5075
1274664 62, 5009
1276648 78, 5163
1280533 61, 5070
1284596 69, 5051
1286503 72, 5159
1288567 78, 5009
1290510 74, 5028
1292503 62, 5170
1294609 74, 5135
1296584 73, 5003
1298510 60, 5093
1302580 62, 5077
1306548 72, 5154
1308503 72, 5053
1310549 74, 5047
1312676 66, 5093
1314571 69, 5012
1316625 63, 5042
1320504 78, 5190
1322555 68, 5082
1324510 64, 5169
1332555 65, 5025
1334503 65, 5183
1336548 71, 5183
1338596 74, 5140
1340504 67, 5058
1342593 69, 5070
1344503 65, 5143
1346510 64, 5120
1348503 77, 5157
1350558 71, 5101
1352510 75, 5017
1354503 76, 5075
1358523 74, 5054
1360504 63, 5169
1362600 72, 5134
1364619 68, 5188
1366584 77, 5120
1368529 69, 5178
1370635 62, 5011
1372692 75, 5048
1376503 63, 5160
1388503 67, 5000
1390504 63, 5057
1392510 61, 5105
1396503 72, 5052
1398510 63, 5198
1400562 65, 5146
1404503 65, 5046
1408718 71, 5088
1410574 72, 5120
1412651 76, 5136
1414542 68, 5029
1416600 65, 5132
1418510 71, 5182
1424696 75, 5044
1430510 67, 5121
1432503 79, 5076
1434536 60, 5023
1438619 62, 5157
1442510 77, 5059
1446756 64, 5162
1450504 73, 5116
1454577 61, 5057
1456692 70, 5173
1458529 73, 5134
1460629 77, 5127
1462529 70, 5183
1464612 71, 5039
1466526 64, 5199
1474510 67, 5108
1476568 66, 5143
1478510 70, 5046
1482651 61, 5157
1484609 71, 5190
1488510 60, 5116
1490555 69, 5021
1492628 60, 5195
1494510 75, 5118
1496503 77, 5158
1498548 64, 5111
1500504 66, 5148
1502574 75, 5043
1504548 74, 5002
1506564 70, 5052
1508503 72, 5016
1510587 69, 5128
1512638 66, 5114
1516503 64, 5047
1520504 65, 5149
1522683 68, 5145
1528551 65, 5047
1530504 78, 5004
1534510 66, 5056
1536510 78, 5103
1538529 73, 5161
1540651 77, 5127
1542660 61, 5117
1544612 62, 5068
1548619 60, 5127
1550555 72, 5046
1554503 78, 5046
1556696 69, 5171
1558708 74, 5047
1560555 63, 5171
1564510 64, 5185
1566616 75, 5161
1574638 78, 5098
1576542 61, 5085
1580504 69, 5068
1584574 71, 5110
1586510 73, 5161
1588529 77, 5117
1590613 65, 5116
1592510 70, 5000
1594632 60, 5171
1598503 76, 5038
1600571 74, 5080
1602619 72, 5167
1604535 67, 5068
1606600 64, 5190
1608644 61, 5116
1612510 78, 5046
1614510 67, 5119
1616568 60, 5176
1618503 73, 5071
1620587 76, 5128
1622600 69, 5006
1624503 72, 5117
1628644 68, 5195
1630671 75, 5061
1632648 68, 5017
1634622 64, 5052
1636529 71, 5076
1638692 77, 5105
1642503 72, 5065
1644628 63, 5130
1646503 71, 5061
1648676 69, 5060
1654568 78, 5010
1656510 61, 5120
1658510 69, 5082
1662503 67, 5188
1664503 72, 5084
1670517 68, 5094
1672529 71, 5172
1674648 61, 5119
1676641 65, 5153
1678622 74, 5130
1682638 68, 5149
1684724 61, 5198
1686593 62, 5158
1690677 79, 5035
1692577 62, 5037
1694529 69, 5146
1700578 62, 5198
1702667 64, 5092
1708503 72, 5047
1710655 70, 5056
1714503 71, 5044
1720683 70, 5039
1722564 79, 5182
1726673 76, 5091
1728510 63, 5125
1732503 65, 5164
1734510 70, 5099
1736503 71, 5029
1738596 68, 5162
1740510 79, 5026
1742503 76, 5089
1746574 78, 5183
1748567 71, 5174
1750568 66, 5014
1754510 62, 5068
1756503 73, 5168
1758625 74, 5020
1760504 76, 5032
1762510 65, 5150
1764648 77, 5041
1766641 76, 5198
1768510 68, 5161
1770610 69, 5061
1774680 66, 5050
1776686 61, 5079
1778619 70, 5100
1780504 69, 5040
1784651 75, 5111
1786590 70, 5018
1788715 60, 5138
1790510 73, 5058
