140523 4444
170574 4493
200616 4406
230507 4470
260555 4466
290581 4334
350559 4355
380700 4445
410504 4480
440510 4381
470642 4433
500510 4485
530610 4322
560597 4372
590619 4399
620510 4368
650700 4490
710504 4378
740510 4325
800510 4360
830517 4389
860716 4378
890597 4477
920629 4469
950504 4345
980680 4370
1010510 4461
1040587 4364
1070652 4322
1130504 4440
1160510 4430
1190658 4390
1250510 4489
1280510 4480
1310504 4383
1340562 4457
1370510 4397
1400610 4425
1430677 4489
1460552 4308
1490504 4427
1520562 4325
1550664 4411
1580690 4378
1610533 4392
1700510 4444
1730613 4368
1760658 4410
1790504 4348
