82644 67, 5158
84523 66, 5034
88676 64, 5152
90565 78, 5158
94778 60, 5097
96510 66, 5083
98587 74, 5000
100533 60, 5094
102625 60, 5066
104622 63, 5179
106609 71, 5109
110510 62, 5196
112545 60, 5027
114503 70, 5140
116548 63, 5117
118635 75, 5155
120648 70, 5155
122526 65, 5047
128676 79, 5197
130529 77, 5047
134510 79, 5091
138654 68, 5111
140642 79, 5025
142664 75, 5152
146635 71, 5085
148561 69, 5109
150597 74, 5100
152619 76, 5041
154571 71, 5105
156510 77, 5085
158667 61, 5149
166523 72, 5018
168660 68, 5076
170510 67, 5048
174510 63, 5127
176523 68, 5025
180719 67, 5168
182564 71, 5144
184510 76, 5088
186619 68, 5003
188651 60, 5099
196612 63, 5116
198564 63, 5128
200552 64, 5078
202660 71, 5000
210513 68, 5180
212503 61, 5035
214503 68, 5134
216612 76, 5141
218680 71, 5160
220683 77, 5002
222667 78, 5041
224590 62, 5014
226673 69, 5031
228555 74, 5011
230651 76, 5037
232667 76, 5164
234590 60, 5199
242641 70, 5159
244606 72, 5036
246619 73, 5091
248503 60, 5005
250510 60, 5172
252609 75, 5176
254526 60, 5094
256625 79, 5120
258545 63, 5179
260687 62, 5148
262503 75, 5188
264574 77, 5008
266571 67, 5072
268616 71, 5132
270517 75, 5027
272596 74, 5164
274529 77, 5097
276737 60, 5074
278529 63, 5138
282619 76, 5129
286667 63, 5132
288567 62, 5072
290510 74, 5096
292618 62, 5153
296561 66, 5017
300510 71, 5104
302510 78, 5108
304635 77, 5136
306539 73, 5007
308564 70, 5193
312510 78, 5088
314503 67, 5068
316596 77, 5184
320725 65, 5068
322510 69, 5024
324503 69, 5130
326667 65, 5190
328548 75, 5160
330542 73, 5106
332616 69, 5175
334651 70, 5173
336619 72, 5080
338503 62, 5062
340568 69, 5083
342529 66, 5124
344638 64, 5110
346555 66, 5020
350504 67, 5089
352503 73, 5111
354632 63, 5156
358503 75, 5050
360504 74, 5123
362612 79, 5148
364596 72, 5017
366503 79, 5160
368644 61, 5115
370629 67, 5088
374548 66, 5123
376584 60, 5032
378503 73, 5193
382548 61, 5082
384555 70, 5026
388673 62, 5134
390616 63, 5127
392712 76, 5051
394548 60, 5003
396683 78, 5002
400645 75, 5141
406622 66, 5027
410510 71, 5058
412503 65, 5086
414619 65, 5181
416555 75, 5168
420539 70, 5092
426587 75, 5105
428503 75, 5081
430574 63, 5109
432548 69, 5131
434518 65, 5056
436606 66, 5133
438648 79, 5037
440504 73, 5144
442664 73, 5022
446548 60, 5083
448548 62, 5195
450536 61, 5144
452516 65, 5091
454638 67, 5072
456523 70, 5057
458609 74, 5020
460629 78, 5197
462545 76, 5140
464692 67, 5134
468529 78, 5025
470607 69, 5150
472510 79, 5088
474516 67, 5042
476548 79, 5150
478590 71, 5037
480542 66, 5075
482593 78, 5091
484580 78, 5176
490661 62, 5041
492503 70, 5161
494628 67, 5016
496558 75, 5103
498510 67, 5149
500607 73, 5104
502519 70, 5178
504625 61, 5150
506587 61, 5184
508577 77, 5064
510545 66, 5074
514587 73, 5057
518568 69, 5084
522584 64, 5096
524596 74, 5008
526699 71, 5192
528548 64, 5067
530526 70, 5148
532503 67, 5089
534676 75, 5072
538612 78, 5097
540674 64, 5013
542510 65, 5099
544503 75, 5138
548503 71, 5093
550510 73, 5193
552529 67, 5007
554632 65, 5107
556510 70, 5006
558551 64, 5023
560555 78, 5046
562731 67, 5176
564548 78, 5146
566564 76, 5168
568564 76, 5025
570504 66, 5094
572648 66, 5042
574503 65, 5158
580504 73, 5174
584555 64, 5143
588503 77, 5183
590504 79, 5032
592625 62, 5199
598616 75, 5055
600606 79, 5018
602545 60, 5147
604628 61, 5058
612596 78, 5101
614632 75, 5021
616657 79, 5133
622670 78, 5016
628644 61, 5056
630571 67, 5066
632619 65, 5056
634513 68, 5102
636510 74, 5092
638516 68, 5194
640597 72, 5117
648577 65, 5151
650594 64, 5196
652609 63, 5128
654648 63, 5001
656510 79, 5119
658606 68, 5085
660658 70, 5096
662545 75, 5196
668606 77, 5191
670687 71, 5115
672510 66, 5156
676648 61, 5167
682619 69, 5124
684503 75, 5053
686503 73, 5170
688625 60, 5040
690728 79, 5066
692628 79, 5186
694635 79, 5043
698648 73, 5009
704667 74, 5089
706548 74, 5183
708510 76, 5140
710510 61, 5117
712510 67, 5031
716561 74, 5010
724616 72, 5002
726510 66, 5010
730661 69, 5163
734510 60, 5078
736510 77, 5041
738510 79, 5054
742673 79, 5188
746712 77, 5007
748574 66, 5196
750504 71, 5011
752660 76, 5158
758584 62, 5186
760616 79, 5141
762600 61, 5083
764568 68, 5088
766510 63, 5159
768510 68, 5094
770533 73, 5109
772600 78, 5085
774596 77, 5143
776558 68, 5038
780597 68, 5075
784551 69, 5020
786503 75, 5115
790664 61, 5015
792503 69, 5034
794612 60, 5029
796622 61, 5015
798567 61, 5079
800706 72, 5197
804548 65, 5141
806503 61, 5101
812510 63, 5193
814561 79, 5098
816574 64, 5183
818580 71, 5056
820616 65, 5124
822510 67, 5056
824625 67, 5021
826545 60, 5008
830552 75, 5023
832503 67, 5108
834580 65, 5120
836555 75, 5056
838503 63, 5041
840600 62, 5004
842503 72, 5149
844507 66, 5180
846632 71, 5037
848503 66, 5138
852503 78, 5088
854590 64, 5187
856503 69, 5087
858510 77, 5018
860741 72, 5044
864635 77, 5167
868503 70, 5087
870510 76, 5044
872503 72, 5030
874510 71, 5006
876584 72, 5122
878580 67, 5054
880651 72, 5198
882683 79, 5140
884657 72, 5127
886551 76, 5014
888600 63, 5102
892596 65, 5148
896503 79, 5166
900623 66, 5097
902667 66, 5009
904503 67, 5066
906542 66, 5108
908612 65, 5155
912503 75, 5143
914567 79, 5111
916708 68, 5110
918632 70, 5101
922529 72, 5125
926574 66, 5113
930587 70, 5139
936532 72, 5176
938590 63, 5073
942558 76, 5071
944660 64, 5146
946670 70, 5062
950510 66, 5101
952692 61, 5025
956507 71, 5135
958600 67, 5157
960613 72, 5022
962708 62, 5148
964622 77, 5028
968609 67, 5131
970539 77, 5033
972510 66, 5081
976516 64, 5164
978612 62, 5052
980504 67, 5143
982542 65, 5146
984526 77, 5068
986606 63, 5100
988523 71, 5105
990504 73, 5001
994510 68, 5082
996574 65, 5199
998503 60, 5163
1000558 66, 5180
1002689 76, 5159
1004644 72, 5161
1008616 79, 5010
1010510 76, 5088
1012523 71, 5137
1014503 67, 5049
1016705 74, 5176
1018548 77, 5065
1020594 71, 5192
1022638 76, 5098
1026535 68, 5044
1030606 76, 5036
1032568 76, 5176
1034632 74, 5180
1036548 61, 5054
1038593 70, 5185
1040562 76, 5057
1048529 67, 5163
1050558 63, 5149
1052552 75, 5009
1054510 72, 5153
1056529 71, 5102
1058600 79, 5171
1060510 71, 5177
1062555 70, 5025
1064584 75, 5173
1066510 76, 5010
1068635 71, 5131
1070677 79, 5121
1072548 60, 5048
1074600 71, 5198
1076551 73, 5156
1078571 62, 5128
1080571 71, 5196
1082651 65, 5183
1084503 63, 5161
1086612 76, 5164
1088673 69, 5149
1090562 60, 5089
1092503 71, 5014
1094503 71, 5039
1096555 76, 5008
1098561 62, 5175
1100588 71, 5180
1102523 66, 5160
1104616 71, 5196
1106593 61, 5126
1108622 68, 5047
1112619 64, 5120
1114510 68, 5008
1118503 65, 5019
1120558 67, 5088
1122510 66, 5065
1126503 74, 5021
1132561 62, 5112
1134503 62, 5163
1136564 79, 5097
1138503 66, 5184
1140610 60, 5111
1142510 76, 5026
1144529 68, 5010
1148638 65, 5062
1150520 79, 5033
1154503 67, 5096
1156600 74, 5155
1158510 73, 5191
1162600 75, 5107
1168606 73, 5121
1172596 64, 5018
1174628 67, 5093
1176555 61, 5177
1182667 79, 5124
1188644 65, 5022
1190571 74, 5150
1192529 78, 5197
1194510 69, 5054
1196503 79, 5049
1200526 75, 5155
1204616 75, 5147
1206657 75, 5132
1210654 60, 5198
1212638 76, 5136
1216625 70, 5197
1220511 63, 5104
1222635 67, 5140
1224603 61, 5024
1228622 60, 5034
1230510 75, 5114
1234619 77, 5095
1236510 69, 5084
1238503 79, 5045
1240504 73, 5056
1242555 76, 5041
1244510 63, 5098
1248503 61, 5152
1250504 69, 5014
1254567 75, 5113
1256596 69, 5198
1258632 71, 5115
1260526 76, 5028
1262593 60, 5166
1264510 72, 5038
1266529 79, 5083
1270510 64, 5130
1272625 78, 5005
1276510 75, 5195
1278548 65, 5126
1280610 67, 5044
1284580 67, 5124
1286510 69, 5108
1290504 64, 5067
1294667 72, 5169
1296529 73, 5058
1298625 74, 5057
1302580 71, 5089
1304548 61, 5081
1306503 65, 5044
1308600 76, 5190
1310504 63, 5009
1312571 69, 5002
1314641 72, 5159
1316593 75, 5171
1318535 78, 5065
1320590 67, 5067
1322535 77, 5141
1328561 77, 5075
1332603 71, 5092
1334574 76, 5113
1336529 62, 5021
1338510 67, 5192
1340616 65, 5197
1346510 61, 5120
1350558 74, 5189
1354548 64, 5149
1356542 75, 5175
1358603 66, 5161
1360504 74, 5054
1362600 77, 5185
1364503 70, 5023
1366510 70, 5053
1368654 77, 5165
1370504 73, 5103
1374548 70, 5100
1378510 66, 5042
1380674 76, 5069
1384641 79, 5075
1386657 72, 5193
1388632 74, 5122
1390603 62, 5165
1392600 79, 5149
1394567 76, 5096
1400610 70, 5103
1402510 62, 5025
1406622 71, 5009
1408503 69, 5138
1410677 78, 5091
1414529 73, 5137
1424654 79, 5089
1426619 68, 5140
1430510 70, 5099
1432510 68, 5072
1434535 70, 5069
1436503 67, 5182
1446529 63, 5034
1450510 63, 5023
1452503 76, 5120
1454510 75, 5127
1458510 66, 5134
1462503 67, 5016
1466692 62, 5158
1468510 62, 5155
1470635 74, 5190
1474548 71, 5173
1476619 66, 5040
1478555 73, 5198
1480504 65, 5005
1486654 67, 5050
1490555 69, 5023
1496651 60, 5049
1498503 70, 5104
1502600 69, 5016
1504529 66, 5142
1508609 72, 5038
1510545 73, 5069
1518503 71, 5085
1520520 76, 5139
1522558 74, 5046
1524635 61, 5136
1526503 65, 5097
1530680 79, 5172
1532529 71, 5079
1534503 76, 5101
1536593 69, 5066
1538625 74, 5199
1540590 79, 5145
1542673 60, 5000
1544619 69, 5149
1548593 79, 5093
1554564 72, 5129
1560555 72, 5033
1562651 70, 5138
1564523 73, 5083
1566503 60, 5199
1568510 77, 5099
1570642 76, 5077
1572507 64, 5013
1578548 79, 5081
1580510 79, 5190
1584619 76, 5062
1586686 70, 5031
1590651 72, 5140
1592503 68, 5022
1594561 72, 5164
1596561 62, 5021
1598526 66, 5136
1604584 62, 5013
1606503 61, 5044
1610571 70, 5065
1612708 76, 5199
1614587 68, 5082
1616708 71, 5084
1618535 78, 5021
1620504 76, 5100
1624590 78, 5049
1626632 76, 5076
1630597 71, 5033
1632555 74, 5062
1634510 75, 5042
1636606 65, 5089
1640587 74, 5085
1642510 71, 5072
1644670 60, 5117
1646503 62, 5145
1648548 68, 5046
1650510 64, 5082
1652574 73, 5161
1656510 71, 5105
1662644 79, 5044
1664510 61, 5127
1676628 62, 5199
1680510 67, 5143
1682596 73, 5165
1686567 68, 5025
1688545 69, 5058
1690622 73, 5031
1692503 63, 5032
1694503 76, 5186
1696510 72, 5012
1698503 60, 5053
1702654 61, 5150
1704628 74, 5099
1706503 72, 5076
1708625 62, 5179
1712750 72, 5045
1714548 64, 5066
1718555 60, 5063
1722542 73, 5182
1724609 71, 5101
1726503 77, 5099
1728510 64, 5123
1730584 68, 5008
1732612 60, 5042
1734628 66, 5184
1736503 65, 5146
1742689 66, 5060
1746503 70, 5153
1748616 66, 5117
1750504 77, 5053
1754587 73, 5050
1756510 70, 5176
1758625 78, 5174
1760703 76, 5155
1762510 60, 5006
1766561 65, 5004
1768587 71, 5049
1770648 73, 5019
1772667 69, 5164
1776628 62, 5099
1778529 64, 5152
1780680 79, 5013
1782564 64, 5022
1784529 64, 5027
1786635 62, 5179
1788529 62, 5122
1790652 74, 5111
1792510 60, 5180
1794699 73, 5159
