PH, moisture
82000, 62, 5077
84000, 75, 5114
86000, 71, 5179
88000, 65, 5041
90000, 79, 5170
92000, 79, 5028
94000, 65, 5038
96000, 72, 5054
98000, 76, 5051
100000, 72, 5046
102000, 63, 5070
104000, 69, 5013
106000, 77, 5117
108000, 65, 5136
110000, 65, 5018
112000, 71, 5038
114000, 78, 5017
116000, 75, 5125
118000, 74, 5177
120000, 66, 5144
122000, 69, 5028
124000, 64, 5086
126000, 77, 5020
128000, 65, 5164
130000, 75, 5184
132000, 74, 5086
134000, 63, 5007
136000, 75, 5017
138000, 76, 5191
140000, 60, 5189
142000, 70, 5192
144000, 70, 5182
146000, 68, 5103
148000, 73, 5168
150000, 69, 5111
152000, 69, 5073
154000, 78, 5195
156000, 64, 5004
158000, 77, 5016
160000, 61, 5094
162000, 72, 5029
164000, 72, 5019
166000, 67, 5137
168000, 61, 5160
170000, 78, 5128
172000, 65, 5015
174000, 70, 5196
176000, 69, 5015
178000, 70, 5077
180000, 77, 5009
182000, 72, 5042
184000, 70, 5179
186000, 60, 5136
188000, 64, 5126
190000, 73, 5075
192000, 68, 5117
194000, 67, 5039
196000, 73, 5191
198000, 68, 5130
200000, 79, 5138
202000, 67, 5159
204000, 69, 5016
206000, 74, 5119
208000, 77, 5069
210000, 66, 5153
212000, 67, 5174
214000, 75, 5161
216000, 74, 5110
218000, 66, 5022
220000, 71, 5171
222000, 63, 5152
224000, 79, 5026
226000, 77, 5199
228000, 77, 5113
230000, 70, 5138
232000, 63, 5195
234000, 62, 5115
236000, 62, 5112
238000, 73, 5076
240000, 65, 5009
242000, 66, 5043
244000, 63, 5021
246000, 64, 5023
248000, 79, 5134
250000, 66, 5192
252000, 66, 5193
254000, 71, 5171
256000, 74, 5108
258000, 78, 5165
260000, 68, 5169
262000, 70, 5112
264000, 73, 5097
266000, 69, 5155
268000, 68, 5055
270000, 66, 5105
272000, 78, 5165
274000, 79, 5188
276000, 60, 5015
278000, 72, 5177
280000, 70, 5013
282000, 70, 5187
284000, 66, 5044
286000, 75, 5037
288000, 76, 5192
290000, 72, 5188
292000, 72, 5101
294000, 70, 5117
296000, 72, 5040
298000, 67, 5101
300000, 62, 5080
302000, 62, 5123
304000, 70, 5118
306000, 74, 5139
308000, 65, 5051
310000, 66, 5158
312000, 79, 5109
314000, 68, 5094
316000, 71, 5102
318000, 61, 5043
320000, 64, 5092
322000, 73, 5188
324000, 71, 5066
326000, 73, 5060
328000, 68, 5118
330000, 68, 5085
332000, 71, 5036
334000, 65, 5014
336000, 65, 5047
338000, 62, 5196
340000, 60, 5083
342000, 60, 5109
344000, 61, 5046
346000, 74, 5002
348000, 62, 5073
350000, 75, 5093
352000, 60, 5102
354000, 75, 5178
356000, 63, 5105
358000, 68, 5136
360000, 60, 5065
362000, 61, 5149
364000, 65, 5169
366000, 64, 5192
368000, 77, 5058
370000, 69, 5139
372000, 63, 5148
374000, 72, 5044
376000, 62, 5179
378000, 77, 5183
380000, 79, 5057
382000, 64, 5003
384000, 63, 5147
386000, 73, 5039
388000, 69, 5102
390000, 72, 5161
392000, 79, 5090
394000, 64, 5155
396000, 67, 5018
398000, 70, 5040
400000, 71, 5190
402000, 73, 5148
404000, 75, 5000
406000, 72, 5170
408000, 61, 5004
410000, 62, 5062
412000, 61, 5057
414000, 71, 5055
416000, 77, 5134
418000, 69, 5046
420000, 70, 5116
422000, 64, 5157
424000, 74, 5062
426000, 62, 5058
428000, 72, 5026
430000, 64, 5043
432000, 78, 5122
434000, 77, 5047
436000, 74, 5133
438000, 63, 5081
440000, 70, 5032
442000, 74, 5013
444000, 66, 5011
446000, 61, 5085
448000, 75, 5055
450000, 66, 5045
452000, 72, 5199
454000, 66, 5172
456000, 77, 5166
458000, 65, 5143
460000, 62, 5153
462000, 68, 5065
464000, 65, 5107
466000, 60, 5118
468000, 76, 5065
470000, 75, 5085
472000, 65, 5176
474000, 69, 5024
476000, 60, 5028
478000, 65, 5191
480000, 65, 5157
482000, 77, 5129
484000, 73, 5135
486000, 64, 5102
488000, 64, 5118
490000, 77, 5132
492000, 76, 5085
494000, 69, 5057
496000, 63, 5153
498000, 75, 5170
500000, 64, 5150
502000, 78, 5195
504000, 77, 5106
506000, 76, 5065
508000, 76, 5185
510000, 78, 5091
512000, 68, 5164
514000, 66, 5167
516000, 72, 5084
518000, 70, 5084
520000, 61, 5199
522000, 60, 5165
524000, 74, 5022
526000, 72, 5071
528000, 75, 5174
530000, 77, 5098
532000, 64, 5032
534000, 67, 5169
536000, 63, 5084
538000, 79, 5134
540000, 66, 5139
542000, 74, 5014
544000, 66, 5139
546000, 75, 5172
548000, 73, 5188
550000, 77, 5056
552000, 78, 5157
554000, 79, 5106
556000, 66, 5174
558000, 74, 5041
560000, 78, 5084
562000, 75, 5126
564000, 68, 5197
566000, 79, 5127
568000, 61, 5014
570000, 65, 5060
572000, 78, 5115
574000, 65, 5175
576000, 63, 5128
578000, 67, 5184
580000, 71, 5092
582000, 70, 5118
584000, 66, 5150
586000, 62, 5100
588000, 70, 5017
590000, 66, 5189
592000, 79, 5185
594000, 69, 5157
596000, 60, 5112
598000, 70, 5090
600000, 66, 5166
602000, 71, 5097
604000, 64, 5038
606000, 71, 5125
608000, 74, 5168
610000, 63, 5133
612000, 63, 5012
614000, 66, 5049
616000, 73, 5185
618000, 79, 5100
620000, 72, 5060
622000, 77, 5067
624000, 63, 5016
626000, 64, 5013
628000, 76, 5142
630000, 75, 5192
632000, 69, 5058
634000, 78, 5018
636000, 60, 5142
638000, 60, 5109
640000, 66, 5040
642000, 63, 5048
644000, 70, 5188
646000, 78, 5197
648000, 69, 5016
650000, 79, 5107
652000, 63, 5042
654000, 64, 5197
656000, 65, 5004
658000, 60, 5161
660000, 73, 5136
662000, 60, 5054
664000, 60, 5164
666000, 64, 5075
668000, 69, 5164
670000, 79, 5013
672000, 62, 5094
674000, 71, 5189
676000, 76, 5157
678000, 76, 5153
680000, 60, 5095
682000, 68, 5127
684000, 73, 5096
686000, 77, 5184
688000, 76, 5198
690000, 77, 5082
692000, 68, 5134
694000, 67, 5121
696000, 76, 5073
698000, 79, 5144
700000, 62, 5001
702000, 73, 5009
704000, 68, 5060
706000, 69, 5015
708000, 69, 5149
710000, 75, 5111
712000, 71, 5026
714000, 79, 5122
716000, 74, 5006
718000, 64, 5185
720000, 78, 5001
722000, 62, 5128
724000, 78, 5035
726000, 71, 5061
728000, 60, 5170
730000, 74, 5101
732000, 78, 5018
734000, 76, 5167
736000, 74, 5035
738000, 71, 5099
740000, 60, 5017
742000, 70, 5157
744000, 67, 5017
746000, 72, 5167
748000, 72, 5140
750000, 65, 5185
752000, 68, 5162
754000, 67, 5012
756000, 61, 5112
758000, 75, 5031
760000, 63, 5035
762000, 66, 5157
764000, 61, 5080
766000, 71, 5000
768000, 61, 5101
770000, 64, 5145
772000, 69, 5082
774000, 60, 5093
776000, 72, 5192
778000, 70, 5110
780000, 63, 5185
782000, 60, 5195
784000, 71, 5022
786000, 60, 5182
788000, 63, 5142
790000, 72, 5003
792000, 67, 5176
794000, 61, 5196
796000, 61, 5103
798000, 60, 5062
800000, 61, 5097
802000, 77, 5048
804000, 71, 5082
806000, 78, 5036
808000, 61, 5164
810000, 79, 5101
812000, 60, 5019
814000, 62, 5119
816000, 62, 5137
818000, 78, 5178
820000, 70, 5033
822000, 75, 5033
824000, 74, 5062
826000, 74, 5120
828000, 60, 5100
830000, 76, 5056
832000, 69, 5007
834000, 79, 5094
836000, 61, 5155
838000, 74, 5084
840000, 67, 5180
842000, 70, 5148
844000, 66, 5136
846000, 73, 5128
848000, 66, 5031
850000, 79, 5076
852000, 61, 5107
854000, 64, 5140
856000, 73, 5161
858000, 77, 5158
860000, 61, 5072
862000, 66, 5050
864000, 76, 5173
866000, 62, 5182
868000, 73, 5159
870000, 70, 5085
872000, 72, 5014
874000, 67, 5100
876000, 75, 5123
878000, 63, 5179
880000, 66, 5021
882000, 70, 5076
884000, 76, 5077
886000, 69, 5059
888000, 74, 5060
890000, 71, 5062
892000, 66, 5157
894000, 79, 5021
896000, 66, 5148
898000, 69, 5169
900000, 78, 5088
902000, 62, 5150
904000, 68, 5177
906000, 71, 5136
908000, 72, 5043
910000, 70, 5105
912000, 75, 5097
914000, 75, 5109
916000, 69, 5097
918000, 66, 5056
920000, 75, 5083
922000, 73, 5194
924000, 75, 5132
926000, 60, 5062
928000, 72, 5050
930000, 73, 5015
932000, 73, 5186
934000, 60, 5096
936000, 63, 5024
938000, 68, 5016
940000, 60, 5167
942000, 70, 5024
944000, 75, 5056
946000, 78, 5165
948000, 77, 5164
950000, 79, 5195
952000, 70, 5048
954000, 71, 5116
956000, 79, 5093
958000, 77, 5085
960000, 66, 5037
962000, 74, 5021
964000, 68, 5153
966000, 66, 5100
968000, 71, 5192
970000, 74, 5096
972000, 75, 5052
974000, 69, 5137
976000, 70, 5136
978000, 65, 5001
980000, 71, 5045
982000, 70, 5080
984000, 79, 5197
986000, 70, 5159
988000, 74, 5062
990000, 61, 5093
992000, 79, 5051
994000, 76, 5047
996000, 62, 5017
998000, 67, 5192
1000000, 71, 5123
1002000, 64, 5152
1004000, 70, 5035
1006000, 61, 5070
1008000, 73, 5141
1010000, 61, 5182
1012000, 74, 5117
1014000, 77, 5087
1016000, 64, 5111
1018000, 69, 5059
1020000, 61, 5106
1022000, 73, 5186
1024000, 78, 5120
1026000, 64, 5056
1028000, 69, 5053
1030000, 63, 5191
1032000, 65, 5141
1034000, 67, 5106
1036000, 70, 5143
1038000, 77, 5021
1040000, 62, 5007
1042000, 67, 5001
1044000, 73, 5088
1046000, 63, 5021
1048000, 63, 5006
1050000, 78, 5171
1052000, 78, 5146
1054000, 74, 5060
1056000, 73, 5008
1058000, 65, 5001
1060000, 71, 5132
1062000, 60, 5045
1064000, 79, 5188
1066000, 79, 5051
1068000, 75, 5139
1070000, 77, 5029
1072000, 63, 5130
1074000, 72, 5075
1076000, 76, 5190
1078000, 76, 5081
1080000, 65, 5013
1082000, 61, 5033
1084000, 73, 5040
1086000, 79, 5194
1088000, 75, 5044
1090000, 76, 5069
1092000, 68, 5164
1094000, 76, 5189
1096000, 63, 5168
1098000, 71, 5006
1100000, 76, 5123
1102000, 79, 5063
1104000, 69, 5120
1106000, 76, 5061
1108000, 73, 5146
1110000, 62, 5057
1112000, 73, 5017
1114000, 77, 5181
1116000, 69, 5177
1118000, 62, 5027
1120000, 68, 5137
1122000, 69, 5005
1124000, 76, 5077
1126000, 74, 5093
1128000, 69, 5175
1130000, 79, 5138
1132000, 77, 5089
1134000, 71, 5112
1136000, 68, 5153
1138000, 69, 5017
1140000, 68, 5147
1142000, 75, 5033
1144000, 66, 5075
1146000, 66, 5129
1148000, 68, 5077
1150000, 70, 5056
1152000, 60, 5098
1154000, 78, 5128
1156000, 60, 5013
1158000, 62, 5036
1160000, 76, 5030
1162000, 73, 5145
1164000, 65, 5094
1166000, 75, 5064
1168000, 73, 5103
1170000, 68, 5089
1172000, 75, 5191
1174000, 63, 5139
1176000, 73, 5078
1178000, 65, 5120
1180000, 67, 5003
1182000, 67, 5047
1184000, 75, 5063
1186000, 77, 5003
1188000, 65, 5195
1190000, 69, 5133
1192000, 76, 5041
1194000, 71, 5132
1196000, 70, 5056
1198000, 61, 5119
1200000, 73, 5122
1202000, 66, 5091
1204000, 79, 5110
1206000, 68, 5189
1208000, 69, 5052
1210000, 76, 5001
1212000, 68, 5002
1214000, 63, 5157
1216000, 75, 5028
1218000, 79, 5097
1220000, 69, 5142
1222000, 63, 5075
1224000, 70, 5193
1226000, 68, 5096
1228000, 62, 5028
1230000, 78, 5143
1232000, 61, 5072
1234000, 69, 5039
1236000, 74, 5061
1238000, 66, 5072
1240000, 73, 5050
1242000, 79, 5051
1244000, 78, 5079
1246000, 72, 5003
1248000, 77, 5120
1250000, 64, 5076
1252000, 63, 5043
1254000, 69, 5175
1256000, 63, 5157
1258000, 77, 5197
1260000, 71, 5021
1262000, 60, 5057
1264000, 61, 5026
1266000, 79, 5169
1268000, 78, 5069
1270000, 60, 5072
1272000, 63, 5050
1274000, 75, 5113
1276000, 72, 5008
1278000, 69, 5015
1280000, 63, 5148
1282000, 66, 5025
1284000, 64, 5057
1286000, 70, 5189
1288000, 78, 5091
1290000, 63, 5009
1292000, 66, 5010
1294000, 79, 5183
1296000, 75, 5012
1298000, 68, 5051
1300000, 75, 5090
1302000, 79, 5167
1304000, 62, 5094
1306000, 70, 5173
1308000, 61, 5156
1310000, 79, 5125
1312000, 67, 5126
1314000, 76, 5023
1316000, 78, 5011
1318000, 64, 5152
1320000, 67, 5129
1322000, 66, 5013
1324000, 77, 5099
1326000, 66, 5191
1328000, 66, 5063
1330000, 79, 5167
1332000, 72, 5191
1334000, 79, 5072
1336000, 67, 5076
1338000, 64, 5130
1340000, 70, 5192
1342000, 71, 5124
1344000, 70, 5082
1346000, 77, 5187
1348000, 64, 5123
1350000, 63, 5023
1352000, 61, 5055
1354000, 71, 5165
1356000, 67, 5156
1358000, 68, 5012
1360000, 68, 5086
1362000, 63, 5012
1364000, 67, 5177
1366000, 67, 5179
1368000, 64, 5099
1370000, 78, 5067
1372000, 71, 5170
1374000, 64, 5138
1376000, 65, 5198
1378000, 65, 5022
1380000, 75, 5165
1382000, 71, 5190
1384000, 66, 5132
1386000, 63, 5044
1388000, 63, 5184
1390000, 72, 5048
1392000, 60, 5014
1394000, 67, 5155
1396000, 77, 5161
1398000, 76, 5157
1400000, 67, 5130
1402000, 78, 5034
1404000, 70, 5118
1406000, 77, 5145
1408000, 62, 5137
1410000, 62, 5009
1412000, 76, 5072
1414000, 76, 5180
1416000, 63, 5149
1418000, 61, 5036
1420000, 73, 5082
1422000, 70, 5109
1424000, 62, 5160
1426000, 64, 5095
1428000, 71, 5074
1430000, 62, 5171
1432000, 63, 5165
1434000, 70, 5141
1436000, 60, 5016
1438000, 60, 5102
1440000, 76, 5105
1442000, 75, 5111
1444000, 76, 5045
1446000, 68, 5119
1448000, 72, 5007
1450000, 68, 5132
1452000, 77, 5022
1454000, 76, 5135
1456000, 60, 5100
1458000, 77, 5176
1460000, 68, 5185
1462000, 62, 5012
1464000, 65, 5059
1466000, 66, 5042
1468000, 65, 5095
1470000, 60, 5124
1472000, 65, 5150
1474000, 63, 5157
1476000, 66, 5091
1478000, 62, 5157
1480000, 77, 5114
1482000, 65, 5149
1484000, 60, 5031
1486000, 65, 5009
1488000, 75, 5154
1490000, 71, 5109
1492000, 74, 5120
1494000, 76, 5021
1496000, 68, 5062
1498000, 78, 5101
1500000, 60, 5027
1502000, 66, 5011
1504000, 64, 5010
1506000, 61, 5170
1508000, 65, 5143
1510000, 74, 5198
1512000, 79, 5114
1514000, 77, 5063
1516000, 70, 5100
1518000, 60, 5086
1520000, 77, 5140
1522000, 76, 5090
1524000, 63, 5180
1526000, 65, 5133
1528000, 63, 5017
1530000, 79, 5078
1532000, 64, 5133
1534000, 78, 5189
1536000, 78, 5001
1538000, 79, 5166
1540000, 78, 5023
1542000, 79, 5182
1544000, 70, 5143
1546000, 67, 5156
1548000, 67, 5052
1550000, 71, 5155
1552000, 65, 5091
1554000, 70, 5084
1556000, 67, 5154
1558000, 60, 5108
1560000, 62, 5124
1562000, 74, 5151
1564000, 78, 5053
1566000, 69, 5111
1568000, 73, 5048
1570000, 76, 5140
1572000, 77, 5155
1574000, 65, 5015
1576000, 74, 5012
1578000, 66, 5169
1580000, 79, 5153
1582000, 75, 5064
1584000, 75, 5074
1586000, 62, 5080
1588000, 76, 5020
1590000, 67, 5165
1592000, 77, 5066
1594000, 72, 5070
1596000, 78, 5140
1598000, 67, 5170
1600000, 73, 5078
1602000, 69, 5089
1604000, 67, 5046
1606000, 75, 5097
1608000, 70, 5096
1610000, 76, 5147
1612000, 71, 5066
1614000, 61, 5148
1616000, 76, 5048
1618000, 73, 5135
1620000, 61, 5019
1622000, 71, 5187
1624000, 64, 5193
1626000, 60, 5003
1628000, 61, 5180
1630000, 70, 5077
1632000, 76, 5181
1634000, 72, 5005
1636000, 75, 5052
1638000, 69, 5070
1640000, 65, 5004
1642000, 68, 5040
1644000, 70, 5020
1646000, 70, 5193
1648000, 75, 5070
1650000, 69, 5064
1652000, 64, 5076
1654000, 71, 5183
1656000, 75, 5127
1658000, 77, 5001
1660000, 68, 5065
1662000, 64, 5076
1664000, 75, 5112
1666000, 68, 5032
1668000, 74, 5139
1670000, 70, 5002
1672000, 66, 5187
1674000, 66, 5015
1676000, 78, 5097
1678000, 70, 5112
1680000, 78, 5014
1682000, 62, 5082
1684000, 71, 5049
1686000, 76, 5089
1688000, 77, 5073
1690000, 70, 5086
1692000, 64, 5118
1694000, 79, 5061
1696000, 64, 5024
1698000, 66, 5057
1700000, 69, 5003
1702000, 72, 5092
1704000, 60, 5138
1706000, 71, 5124
1708000, 77, 5168
1710000, 77, 5023
1712000, 65, 5066
1714000, 65, 5128
1716000, 72, 5069
1718000, 77, 5040
1720000, 60, 5193
1722000, 72, 5133
1724000, 60, 5166
1726000, 64, 5178
1728000, 61, 5182
1730000, 67, 5156
1732000, 72, 5010
1734000, 69, 5048
1736000, 77, 5191
1738000, 69, 5082
1740000, 78, 5014
1742000, 67, 5168
1744000, 75, 5104
1746000, 79, 5107
1748000, 65, 5009
1750000, 75, 5008
1752000, 73, 5005
1754000, 77, 5178
1756000, 60, 5140
1758000, 67, 5189
1760000, 74, 5111
1762000, 74, 5181
1764000, 70, 5169
1766000, 75, 5106
1768000, 61, 5021
1770000, 60, 5105
1772000, 74, 5131
1774000, 72, 5129
1776000, 62, 5150
1778000, 71, 5195
1780000, 76, 5069
1782000, 61, 5097
1784000, 79, 5130
1786000, 70, 5135
1788000, 72, 5144
1790000, 78, 5104
1792000, 62, 5170
1794000, 77, 5107
1796000, 66, 5068
1798000, 76, 5138
