PH, moisture
82000, 79, 5194
84000, 79, 5119
86000, 67, 5091
88000, 76, 5056
90000, 78, 5183
92000, 68, 5100
94000, 67, 5158
96000, 76, 5145
98000, 73, 5196
100000, 73, 5167
102000, 68, 5003
104000, 65, 5062
106000, 60, 5005
108000, 60, 5160
110000, 71, 5012
112000, 77, 5086
114000, 73, 5123
116000, 74, 5188
118000, 64, 5148
120000, 67, 5080
122000, 76, 5087
124000, 71, 5087
126000, 62, 5162
128000, 61, 5079
130000, 79, 5056
132000, 73, 5029
134000, 69, 5110
136000, 67, 5059
138000, 66, 5136
140000, 67, 5061
142000, 64, 5126
144000, 73, 5153
146000, 60, 5186
148000, 63, 5115
150000, 79, 5078
152000, 62, 5042
154000, 69, 5013
156000, 73, 5026
158000, 78, 5190
160000, 72, 5054
162000, 77, 5084
164000, 71, 5061
166000, 66, 5011
168000, 77, 5029
170000, 61, 5039
172000, 74, 5171
174000, 67, 5106
176000, 67, 5152
178000, 68, 5097
180000, 79, 5153
182000, 77, 5012
184000, 66, 5138
186000, 75, 5014
188000, 74, 5180
190000, 79, 5160
192000, 74, 5191
194000, 62, 5195
196000, 78, 5120
198000, 77, 5150
200000, 69, 5153
202000, 77, 5053
204000, 79, 5087
206000, 77, 5087
208000, 62, 5058
210000, 77, 5039
212000, 72, 5122
214000, 67, 5081
216000, 68, 5057
218000, 79, 5189
220000, 61, 5183
222000, 61, 5185
224000, 68, 5174
226000, 63, 5009
228000, 60, 5170
230000, 66, 5050
232000, 65, 5188
234000, 78, 5024
236000, 79, 5028
238000, 62, 5082
240000, 78, 5050
242000, 65, 5028
244000, 75, 5086
246000, 65, 5133
248000, 64, 5185
250000, 72, 5139
252000, 60, 5034
254000, 76, 5072
256000, 62, 5191
258000, 67, 5110
260000, 69, 5028
262000, 65, 5045
264000, 61, 5185
266000, 72, 5043
268000, 74, 5016
270000, 77, 5001
272000, 66, 5058
274000, 75, 5017
276000, 69, 5166
278000, 73, 5099
280000, 71, 5134
282000, 67, 5006
284000, 68, 5086
286000, 63, 5089
288000, 77, 5028
290000, 70, 5134
292000, 71, 5148
294000, 65, 5043
296000, 60, 5002
298000, 65, 5016
300000, 75, 5160
302000, 76, 5199
304000, 73, 5044
306000, 63, 5004
308000, 66, 5138
310000, 69, 5176
312000, 79, 5098
314000, 75, 5137
316000, 77, 5030
318000, 70, 5068
320000, 77, 5114
322000, 75, 5121
324000, 65, 5095
326000, 66, 5081
328000, 78, 5066
330000, 66, 5165
332000, 69, 5093
334000, 78, 5190
336000, 78, 5139
338000, 68, 5025
340000, 61, 5118
342000, 62, 5187
344000, 62, 5198
346000, 67, 5199
348000, 70, 5133
350000, 75, 5118
352000, 78, 5134
354000, 65, 5076
356000, 70, 5162
358000, 73, 5096
360000, 61, 5077
362000, 69, 5190
364000, 76, 5128
366000, 68, 5032
368000, 62, 5134
370000, 61, 5102
372000, 63, 5196
374000, 62, 5189
376000, 78, 5044
378000, 63, 5123
380000, 69, 5183
382000, 60, 5022
384000, 67, 5125
386000, 60, 5135
388000, 66, 5121
390000, 65, 5139
392000, 68, 5192
394000, 70, 5013
396000, 74, 5075
398000, 71, 5100
400000, 78, 5197
402000, 78, 5060
404000, 64, 5068
406000, 64, 5054
408000, 77, 5129
410000, 66, 5164
412000, 60, 5133
414000, 67, 5138
416000, 60, 5098
418000, 72, 5170
420000, 63, 5014
422000, 72, 5042
424000, 78, 5063
426000, 64, 5168
428000, 60, 5134
430000, 64, 5097
432000, 68, 5090
434000, 76, 5164
436000, 63, 5098
438000, 77, 5007
440000, 78, 5144
442000, 61, 5198
444000, 62, 5043
446000, 76, 5033
448000, 68, 5092
450000, 74, 5035
452000, 63, 5169
454000, 70, 5090
456000, 78, 5188
458000, 60, 5175
460000, 60, 5127
462000, 60, 5124
464000, 63, 5119
466000, 75, 5197
468000, 76, 5093
470000, 66, 5182
472000, 65, 5104
474000, 73, 5015
476000, 77, 5054
478000, 72, 5100
480000, 65, 5052
482000, 65, 5080
484000, 63, 5132
486000, 75, 5150
488000, 60, 5066
490000, 68, 5039
492000, 61, 5010
494000, 67, 5122
496000, 60, 5140
498000, 75, 5143
500000, 70, 5065
502000, 73, 5194
504000, 68, 5018
506000, 64, 5068
508000, 68, 5085
510000, 75, 5106
512000, 77, 5035
514000, 70, 5067
516000, 66, 5119
518000, 66, 5030
520000, 60, 5104
522000, 77, 5057
524000, 77, 5159
526000, 61, 5198
528000, 73, 5056
530000, 72, 5051
532000, 69, 5194
534000, 69, 5039
536000, 67, 5033
538000, 76, 5185
540000, 73, 5068
542000, 64, 5065
544000, 70, 5085
546000, 78, 5085
548000, 74, 5106
550000, 78, 5102
552000, 72, 5183
554000, 79, 5003
556000, 71, 5034
558000, 77, 5032
560000, 78, 5011
562000, 67, 5198
564000, 71, 5150
566000, 63, 5104
568000, 61, 5081
570000, 66, 5050
572000, 76, 5115
574000, 63, 5187
576000, 68, 5080
578000, 65, 5106
580000, 69, 5034
582000, 71, 5029
584000, 69, 5191
586000, 65, 5199
588000, 74, 5132
590000, 63, 5184
592000, 60, 5129
594000, 76, 5096
596000, 79, 5139
598000, 60, 5015
600000, 66, 5021
602000, 74, 5043
604000, 64, 5117
606000, 71, 5090
608000, 65, 5180
610000, 69, 5018
612000, 65, 5184
614000, 77, 5064
616000, 67, 5127
618000, 75, 5169
620000, 79, 5018
622000, 72, 5187
624000, 63, 5098
626000, 69, 5123
628000, 79, 5129
630000, 69, 5011
632000, 74, 5162
634000, 72, 5165
636000, 75, 5146
638000, 70, 5047
640000, 76, 5183
642000, 71, 5033
644000, 79, 5037
646000, 65, 5014
648000, 68, 5014
650000, 72, 5012
652000, 74, 5143
654000, 75, 5125
656000, 69, 5029
658000, 68, 5127
660000, 61, 5028
662000, 73, 5149
664000, 77, 5102
666000, 79, 5022
668000, 79, 5057
670000, 67, 5110
672000, 79, 5174
674000, 60, 5132
676000, 61, 5138
678000, 68, 5105
680000, 74, 5009
682000, 74, 5189
684000, 71, 5144
686000, 72, 5069
688000, 77, 5109
690000, 72, 5086
692000, 73, 5164
694000, 69, 5080
696000, 66, 5177
698000, 69, 5147
700000, 60, 5123
702000, 70, 5025
704000, 66, 5090
706000, 77, 5199
708000, 71, 5048
710000, 68, 5074
712000, 63, 5104
714000, 66, 5142
716000, 63, 5159
718000, 77, 5067
720000, 79, 5123
722000, 75, 5146
724000, 74, 5150
726000, 75, 5185
728000, 70, 5130
730000, 77, 5181
732000, 79, 5011
734000, 64, 5162
736000, 72, 5061
738000, 67, 5162
740000, 75, 5075
742000, 75, 5129
744000, 67, 5009
746000, 77, 5052
748000, 76, 5032
750000, 71, 5156
752000, 79, 5087
754000, 64, 5150
756000, 65, 5153
758000, 74, 5157
760000, 69, 5020
762000, 76, 5193
764000, 79, 5073
766000, 62, 5098
768000, 74, 5107
770000, 78, 5019
772000, 78, 5040
774000, 70, 5126
776000, 63, 5055
778000, 60, 5123
780000, 71, 5191
782000, 69, 5106
784000, 72, 5029
786000, 68, 5142
788000, 69, 5176
790000, 78, 5032
792000, 73, 5032
794000, 63, 5120
796000, 66, 5104
798000, 65, 5199
800000, 71, 5014
802000, 77, 5000
804000, 68, 5169
806000, 69, 5030
808000, 79, 5062
810000, 79, 5056
812000, 66, 5060
814000, 79, 5185
816000, 67, 5191
818000, 68, 5102
820000, 79, 5123
822000, 64, 5192
824000, 72, 5007
826000, 63, 5155
828000, 73, 5025
830000, 68, 5034
832000, 71, 5100
834000, 76, 5063
836000, 74, 5040
838000, 68, 5078
840000, 75, 5054
842000, 71, 5022
844000, 70, 5119
846000, 69, 5187
848000, 63, 5187
850000, 70, 5108
852000, 67, 5003
854000, 75, 5161
856000, 76, 5112
858000, 73, 5108
860000, 66, 5019
862000, 64, 5092
864000, 77, 5091
866000, 70, 5008
868000, 72, 5088
870000, 77, 5105
872000, 62, 5134
874000, 68, 5160
876000, 64, 5133
878000, 63, 5199
880000, 60, 5075
882000, 61, 5185
884000, 61, 5145
886000, 61, 5190
888000, 69, 5177
890000, 69, 5036
892000, 68, 5129
894000, 79, 5042
896000, 65, 5085
898000, 77, 5002
900000, 69, 5122
902000, 65, 5153
904000, 72, 5055
906000, 68, 5049
908000, 70, 5002
910000, 75, 5039
912000, 66, 5018
914000, 62, 5058
916000, 79, 5133
918000, 71, 5041
920000, 68, 5160
922000, 64, 5074
924000, 64, 5185
926000, 66, 5133
928000, 71, 5128
930000, 73, 5063
932000, 60, 5161
934000, 62, 5013
936000, 62, 5031
938000, 64, 5066
940000, 75, 5198
942000, 61, 5080
944000, 75, 5079
946000, 73, 5027
948000, 61, 5059
950000, 71, 5177
952000, 61, 5040
954000, 71, 5179
956000, 61, 5104
958000, 67, 5048
960000, 76, 5020
962000, 65, 5034
964000, 78, 5066
966000, 64, 5107
968000, 68, 5127
970000, 76, 5034
972000, 74, 5152
974000, 67, 5083
976000, 66, 5020
978000, 79, 5038
980000, 79, 5094
982000, 69, 5143
984000, 69, 5177
986000, 63, 5042
988000, 77, 5137
990000, 77, 5055
992000, 70, 5136
994000, 75, 5169
996000, 78, 5194
998000, 77, 5101
1000000, 76, 5069
1002000, 72, 5182
1004000, 66, 5161
1006000, 79, 5172
1008000, 64, 5193
1010000, 75, 5179
1012000, 78, 5161
1014000, 72, 5025
1016000, 76, 5005
1018000, 65, 5085
1020000, 73, 5174
1022000, 60, 5129
1024000, 62, 5149
1026000, 71, 5094
1028000, 77, 5065
1030000, 61, 5013
1032000, 75, 5008
1034000, 62, 5187
1036000, 64, 5136
1038000, 78, 5140
1040000, 67, 5149
1042000, 71, 5014
1044000, 61, 5049
1046000, 67, 5131
1048000, 77, 5142
1050000, 78, 5198
1052000, 72, 5103
1054000, 78, 5083
1056000, 71, 5138
1058000, 77, 5094
1060000, 78, 5040
1062000, 67, 5077
1064000, 62, 5066
1066000, 72, 5025
1068000, 75, 5018
1070000, 64, 5125
1072000, 76, 5185
1074000, 66, 5140
1076000, 60, 5003
1078000, 67, 5066
1080000, 74, 5031
1082000, 74, 5058
1084000, 60, 5187
1086000, 70, 5078
1088000, 78, 5085
1090000, 75, 5198
1092000, 68, 5097
1094000, 68, 5031
1096000, 69, 5001
1098000, 75, 5139
1100000, 67, 5188
1102000, 66, 5152
1104000, 77, 5171
1106000, 76, 5086
1108000, 79, 5099
1110000, 68, 5119
1112000, 78, 5041
1114000, 75, 5024
1116000, 70, 5085
1118000, 73, 5128
1120000, 71, 5092
1122000, 61, 5196
1124000, 79, 5153
1126000, 64, 5146
1128000, 62, 5163
1130000, 79, 5131
1132000, 79, 5063
1134000, 73, 5032
1136000, 66, 5028
1138000, 71, 5064
1140000, 79, 5062
1142000, 72, 5163
1144000, 72, 5006
1146000, 63, 5044
1148000, 68, 5156
1150000, 62, 5040
1152000, 75, 5102
1154000, 67, 5006
1156000, 75, 5142
1158000, 60, 5114
1160000, 69, 5158
1162000, 68, 5136
1164000, 67, 5095
1166000, 64, 5153
1168000, 69, 5047
1170000, 74, 5052
1172000, 63, 5020
1174000, 78, 5039
1176000, 61, 5131
1178000, 70, 5187
1180000, 76, 5036
1182000, 69, 5108
1184000, 65, 5115
1186000, 78, 5174
1188000, 65, 5162
1190000, 68, 5121
1192000, 78, 5098
1194000, 77, 5058
1196000, 63, 5023
1198000, 64, 5001
1200000, 67, 5056
1202000, 62, 5063
1204000, 72, 5131
1206000, 72, 5052
1208000, 62, 5118
1210000, 74, 5084
1212000, 61, 5127
1214000, 68, 5133
1216000, 70, 5018
1218000, 63, 5199
1220000, 75, 5073
1222000, 74, 5019
1224000, 70, 5069
1226000, 67, 5045
1228000, 75, 5122
1230000, 79, 5172
1232000, 76, 5112
1234000, 67, 5065
1236000, 75, 5054
1238000, 70, 5093
1240000, 71, 5079
1242000, 74, 5103
1244000, 60, 5109
1246000, 66, 5045
1248000, 74, 5166
1250000, 68, 5101
1252000, 76, 5054
1254000, 68, 5172
1256000, 70, 5174
1258000, 78, 5074
1260000, 78, 5191
1262000, 70, 5128
1264000, 77, 5192
1266000, 75, 5112
1268000, 79, 5167
1270000, 76, 5074
1272000, 64, 5158
1274000, 71, 5047
1276000, 62, 5186
1278000, 73, 5156
1280000, 71, 5149
1282000, 71, 5180
1284000, 71, 5066
1286000, 70, 5183
1288000, 61, 5138
1290000, 77, 5070
1292000, 77, 5001
1294000, 63, 5079
1296000, 76, 5122
1298000, 77, 5107
1300000, 72, 5036
1302000, 66, 5120
1304000, 61, 5190
1306000, 63, 5108
1308000, 78, 5197
1310000, 72, 5044
1312000, 62, 5080
1314000, 72, 5166
1316000, 78, 5066
1318000, 63, 5130
1320000, 69, 5132
1322000, 75, 5116
1324000, 64, 5157
1326000, 65, 5170
1328000, 75, 5174
1330000, 68, 5036
1332000, 77, 5036
1334000, 65, 5067
1336000, 73, 5018
1338000, 64, 5188
1340000, 78, 5076
1342000, 73, 5168
1344000, 77, 5057
1346000, 71, 5139
1348000, 77, 5192
1350000, 69, 5003
1352000, 73, 5144
1354000, 76, 5053
1356000, 71, 5005
1358000, 69, 5140
1360000, 74, 5014
1362000, 69, 5114
1364000, 65, 5092
1366000, 68, 5110
1368000, 61, 5148
1370000, 69, 5022
1372000, 64, 5148
1374000, 72, 5092
1376000, 65, 5185
1378000, 63, 5183
1380000, 79, 5197
1382000, 71, 5140
1384000, 79, 5170
1386000, 69, 5062
1388000, 76, 5025
1390000, 74, 5061
1392000, 60, 5193
1394000, 72, 5127
1396000, 77, 5146
1398000, 72, 5192
1400000, 72, 5010
1402000, 60, 5086
1404000, 60, 5009
1406000, 69, 5140
1408000, 61, 5182
1410000, 75, 5188
1412000, 72, 5066
1414000, 77, 5105
1416000, 63, 5115
1418000, 63, 5051
1420000, 71, 5019
1422000, 73, 5098
1424000, 70, 5087
1426000, 61, 5083
1428000, 71, 5198
1430000, 65, 5180
1432000, 71, 5057
1434000, 67, 5083
1436000, 67, 5195
1438000, 63, 5010
1440000, 60, 5133
1442000, 69, 5104
1444000, 76, 5128
1446000, 78, 5055
1448000, 60, 5164
1450000, 70, 5026
1452000, 73, 5081
1454000, 76, 5107
1456000, 71, 5042
1458000, 74, 5027
1460000, 68, 5032
1462000, 65, 5171
1464000, 79, 5106
1466000, 77, 5141
1468000, 69, 5144
1470000, 79, 5156
1472000, 64, 5137
1474000, 76, 5036
1476000, 69, 5002
1478000, 78, 5098
1480000, 73, 5134
1482000, 74, 5143
1484000, 68, 5042
1486000, 70, 5071
1488000, 74, 5032
1490000, 71, 5151
1492000, 60, 5105
1494000, 66, 5187
1496000, 77, 5013
1498000, 70, 5123
1500000, 76, 5051
1502000, 73, 5068
1504000, 73, 5072
1506000, 60, 5165
1508000, 64, 5009
1510000, 79, 5052
1512000, 68, 5120
1514000, 72, 5011
1516000, 73, 5026
1518000, 75, 5092
1520000, 73, 5119
1522000, 68, 5181
1524000, 78, 5110
1526000, 76, 5046
1528000, 72, 5176
1530000, 61, 5102
1532000, 69, 5049
1534000, 73, 5046
1536000, 78, 5027
1538000, 73, 5015
1540000, 65, 5089
1542000, 71, 5178
1544000, 72, 5066
1546000, 69, 5161
1548000, 66, 5164
1550000, 66, 5157
1552000, 78, 5140
1554000, 61, 5175
1556000, 73, 5049
1558000, 74, 5100
1560000, 61, 5069
1562000, 65, 5191
1564000, 72, 5168
1566000, 62, 5174
1568000, 77, 5024
1570000, 60, 5199
1572000, 63, 5050
1574000, 62, 5004
1576000, 71, 5023
1578000, 68, 5030
1580000, 62, 5082
1582000, 76, 5061
1584000, 65, 5072
1586000, 79, 5185
1588000, 66, 5152
1590000, 68, 5142
1592000, 70, 5145
1594000, 69, 5030
1596000, 79, 5148
1598000, 79, 5147
1600000, 72, 5190
1602000, 68, 5160
1604000, 70, 5080
1606000, 64, 5193
1608000, 74, 5102
1610000, 69, 5088
1612000, 67, 5192
1614000, 64, 5037
1616000, 71, 5125
1618000, 60, 5126
1620000, 69, 5085
1622000, 79, 5018
1624000, 78, 5121
1626000, 75, 5191
1628000, 76, 5079
1630000, 79, 5014
1632000, 69, 5190
1634000, 78, 5092
1636000, 76, 5046
1638000, 68, 5123
1640000, 75, 5028
1642000, 67, 5170
1644000, 77, 5130
1646000, 71, 5197
1648000, 65, 5176
1650000, 73, 5065
1652000, 65, 5142
1654000, 62, 5030
1656000, 65, 5133
1658000, 63, 5122
1660000, 75, 5055
1662000, 79, 5088
1664000, 65, 5013
1666000, 72, 5198
1668000, 64, 5051
1670000, 62, 5094
1672000, 65, 5097
1674000, 71, 5148
1676000, 76, 5145
1678000, 66, 5177
1680000, 72, 5174
1682000, 63, 5169
1684000, 73, 5159
1686000, 69, 5197
1688000, 68, 5120
1690000, 76, 5029
1692000, 71, 5152
1694000, 73, 5027
1696000, 61, 5119
1698000, 62, 5148
1700000, 64, 5031
1702000, 74, 5176
1704000, 70, 5040
1706000, 78, 5063
1708000, 69, 5065
1710000, 77, 5152
1712000, 74, 5153
1714000, 61, 5169
1716000, 69, 5049
1718000, 69, 5005
1720000, 77, 5114
1722000, 77, 5148
1724000, 61, 5056
1726000, 70, 5057
1728000, 62, 5026
1730000, 61, 5102
1732000, 72, 5011
1734000, 69, 5111
1736000, 74, 5007
1738000, 61, 5165
1740000, 60, 5050
1742000, 75, 5069
1744000, 69, 5066
1746000, 73, 5066
1748000, 61, 5177
1750000, 79, 5056
1752000, 66, 5075
1754000, 79, 5134
1756000, 65, 5073
1758000, 60, 5101
1760000, 78, 5174
1762000, 63, 5064
1764000, 74, 5031
1766000, 76, 5116
1768000, 69, 5099
1770000, 61, 5033
1772000, 78, 5167
1774000, 74, 5191
1776000, 65, 5109
1778000, 73, 5160
1780000, 63, 5103
1782000, 72, 5155
1784000, 64, 5196
1786000, 69, 5013
1788000, 68, 5199
1790000, 60, 5080
1792000, 66, 5077
1794000, 61, 5069
1796000, 71, 5009
1798000, 60, 5063
