85526 3752
90565 3843
95513 3759
100507 3763
105510 3729
115587 3749
120603 3737
125571 3793
130561 3856
135535 3806
140523 3785
145580 3788
155510 3889
160667 3897
165689 3813
170574 3753
180638 3774
185554 3816
190504 3742
195632 3879
200616 3783
205680 3785
210539 3791
215503 3713
220545 3752
225542 3849
230507 3748
235538 3759
240616 3706
245532 3749
250613 3754
255622 3862
260555 3829
265519 3757
270504 3717
275554 3886
280504 3700
290581 3843
295558 3763
300664 3708
310510 3701
315631 3720
325510 3870
330616 3813
340568 3745
345596 3708
350559 3719
355542 3851
360587 3820
365503 3870
370645 3730
375510 3819
380700 3801
385510 3705
390565 3817
395510 3796
400510 3814
405545 3850
410504 3886
415510 3708
420671 3741
425599 3774
430510 3743
435554 3819
440510 3869
445622 3731
450578 3821
460504 3719
465503 3784
470642 3842
475538 3818
480510 3886
485692 3807
490674 3811
495503 3859
500510 3728
505686 3783
510504 3730
515503 3805
520558 3837
525526 3759
530610 3765
540504 3783
545532 3750
550629 3885
560597 3718
570674 3804
575510 3895
580546 3802
585522 3841
590619 3846
600578 3830
605513 3815
620510 3719
625545 3785
630510 3854
635510 3898
645599 3783
650700 3734
655510 3706
665593 3861
670597 3742
675510 3766
685510 3850
690510 3782
695526 3770
700715 3810
705551 3744
710504 3767
715516 3796
720619 3752
730517 3722
735551 3720
740510 3754
745702 3853
755641 3816
760558 3810
765635 3834
780571 3824
785526 3803
790626 3808
795603 3740
800510 3706
805503 3772
815522 3862
825532 3789
830517 3887
835593 3851
840539 3809
850504 3834
855596 3835
860716 3778
865644 3823
870613 3858
875641 3744
880545 3872
885510 3768
890597 3820
895574 3830
900504 3839
905622 3702
910504 3899
915590 3710
920629 3805
930648 3764
935503 3773
940687 3821
945554 3886
950504 3899
955584 3807
960504 3731
965526 3737
970671 3846
975522 3854
980680 3743
990587 3708
995612 3726
1000526 3833
1005632 3892
1010510 3712
1020545 3862
1025728 3822
1030504 3871
1035670 3863
1040587 3784
1050616 3764
1055510 3780
1060510 3721
1065503 3775
1070652 3839
1075603 3833
1080597 3815
1090561 3718
1095510 3791
1105567 3871
1110562 3725
1115539 3800
1120600 3828
1125510 3872
1130504 3760
1135548 3830
1140504 3899
1145558 3864
1150546 3836
1155628 3701
1160510 3779
1165654 3835
1170542 3785
1175648 3766
1180526 3843
1185619 3824
1190658 3876
1195631 3842
1205638 3809
1210504 3842
1215513 3731
1225564 3874
1230639 3723
1235558 3803
1240549 3813
1245510 3833
1250510 3846
1255522 3786
1260526 3705
1265574 3779
1270536 3776
1275526 3885
1280510 3893
1285596 3885
1290520 3880
1295510 3707
1300510 3702
1305619 3889
1310504 3723
1315510 3737
1325510 3889
1330613 3821
1335503 3749
1340562 3809
1345503 3883
1350648 3858
1355561 3812
1365529 3705
1370510 3834
1375577 3779
1380526 3711
1385615 3833
1390510 3800
1395510 3709
1400610 3760
1405510 3898
1410683 3872
1415510 3704
1420517 3775
1425510 3831
1430677 3754
1435657 3761
1440594 3706
1445510 3723
1450510 3786
1455696 3717
1460552 3851
1465606 3801
1470664 3844
1475609 3726
1480504 3872
1485622 3751
1490504 3773
1500632 3781
1505539 3706
1510510 3735
1520562 3794
1525548 3885
1530581 3805
1535628 3814
1540635 3700
1545699 3859
1550664 3793
1555503 3878
1560526 3746
1565632 3754
1570504 3806
1575561 3758
1580690 3877
1585715 3793
1590651 3891
1595574 3776
1600565 3761
1605628 3735
1610533 3783
1615503 3848
1620545 3835
1630523 3802
1635580 3838
1645503 3806
1650623 3744
1655510 3800
1660610 3740
1665657 3790
1675590 3790
1680504 3736
1685503 3826
1690574 3791
1700510 3763
1705551 3743
1710510 3729
1715606 3885
1720655 3736
1725635 3848
1730613 3871
1735503 3786
1740584 3718
1745510 3860
1750562 3870
1755503 3762
1760658 3777
1770510 3819
1775532 3832
1780658 3775
1785526 3848
1790504 3782
1795503 3823
