84506 70, 5141
86545 60, 5118
94523 62, 5081
96587 77, 5091
98542 64, 5029
100507 78, 5016
104526 67, 5089
108516 63, 5074
112603 78, 5131
114542 74, 5118
116596 62, 5017
118503 68, 5013
122506 75, 5182
124510 76, 5006
126539 71, 5125
128632 69, 5121
132619 67, 5089
134641 62, 5080
138545 67, 5142
140635 69, 5042
142503 73, 5147
144571 79, 5196
146648 67, 5016
148568 68, 5198
150504 60, 5154
152699 66, 5086
156584 61, 5139
158619 68, 5029
160523 71, 5062
162503 65, 5198
164522 68, 5193
166555 71, 5122
168625 79, 5167
170549 73, 5176
174616 69, 5184
176596 77, 5003
178600 61, 5071
180504 79, 5099
182667 63, 5028
184523 72, 5122
186522 62, 5014
190632 70, 5099
192561 64, 5168
194619 76, 5180
196542 64, 5045
206644 67, 5045
208654 66, 5056
210533 75, 5155
212651 74, 5067
214712 72, 5060
216648 71, 5074
218596 62, 5125
220562 78, 5186
222516 63, 5128
226587 72, 5182
230507 78, 5133
232603 62, 5124
234510 64, 5079
240565 72, 5135
242641 72, 5000
246510 78, 5189
248510 72, 5063
250658 76, 5197
252657 72, 5006
254526 75, 5007
256513 79, 5158
258545 61, 5146
260555 78, 5130
262510 62, 5036
264561 63, 5116
266510 67, 5189
268616 76, 5019
270504 74, 5060
272590 75, 5084
276638 72, 5177
278628 64, 5072
280504 79, 5047
282519 67, 5007
284596 78, 5166
286503 69, 5177
288529 69, 5113
290510 72, 5115
292519 66, 5045
296526 67, 5088
298568 62, 5058
300504 69, 5123
302644 63, 5002
306708 71, 5195
308510 63, 5196
310510 71, 5043
314568 63, 5125
316510 66, 5115
318510 75, 5131
324535 73, 5112
326571 74, 5008
328705 76, 5136
330504 79, 5055
334587 78, 5047
336510 71, 5046
344545 60, 5063
346516 65, 5113
348656 74, 5115
350504 60, 5190
352564 78, 5065
354510 79, 5096
356506 72, 5124
358510 72, 5178
360568 65, 5155
362510 60, 5008
364503 77, 5033
366548 69, 5029
368529 68, 5040
370513 72, 5100
372593 66, 5078
378654 60, 5011
380533 77, 5009
382622 72, 5036
384548 67, 5087
388510 64, 5132
390504 73, 5140
392558 78, 5116
394503 77, 5184
398510 64, 5097
400552 60, 5127
402628 65, 5141
406622 63, 5091
408539 65, 5050
410613 62, 5015
414503 78, 5186
416638 61, 5191
418539 77, 5125
422503 62, 5005
424590 66, 5052
426548 65, 5107
430597 60, 5161
432510 72, 5147
434584 76, 5102
436593 66, 5005
438523 78, 5066
442625 75, 5085
444612 72, 5002
446510 65, 5029
448503 66, 5126
450523 65, 5006
452648 72, 5051
454542 69, 5011
456612 68, 5114
460552 69, 5051
462510 74, 5199
464503 77, 5123
466510 77, 5121
468510 69, 5161
470504 67, 5192
474516 70, 5175
476628 73, 5044
478529 72, 5008
480645 65, 5116
482651 76, 5095
484523 71, 5014
486558 70, 5086
488632 74, 5083
490581 62, 5020
492718 67, 5120
494510 70, 5013
496535 74, 5143
498510 63, 5037
500549 74, 5027
504558 63, 5089
506523 60, 5017
508551 66, 5044
510510 70, 5083
512619 72, 5019
516510 64, 5014
520574 60, 5087
522548 65, 5196
524622 64, 5060
526503 61, 5140
528510 64, 5028
530533 77, 5146
532689 76, 5013
534567 60, 5067
536539 65, 5100
538632 68, 5165
540757 79, 5054
546510 77, 5152
548638 77, 5075
550613 63, 5017
552603 68, 5115
558702 69, 5017
560687 63, 5131
564603 79, 5144
566619 69, 5086
568548 75, 5147
570510 69, 5163
572551 67, 5135
574503 74, 5186
576673 68, 5091
578686 77, 5109
582510 68, 5066
584555 62, 5181
586503 70, 5040
588593 65, 5139
590607 63, 5174
594526 66, 5050
596548 75, 5088
606548 62, 5059
608545 67, 5153
610510 75, 5165
612567 72, 5028
614526 68, 5082
616612 69, 5077
618503 76, 5003
620613 67, 5006
622545 69, 5077
624555 71, 5134
626535 75, 5009
628584 75, 5192
630571 69, 5030
632673 69, 5080
634567 61, 5014
636664 60, 5074
638561 73, 5069
640504 77, 5109
644529 62, 5032
646692 79, 5078
648651 64, 5055
650623 63, 5015
652651 68, 5132
654587 61, 5113
656568 70, 5138
658510 76, 5156
660645 74, 5097
662638 71, 5103
664612 77, 5030
666503 79, 5146
668548 68, 5034
672558 63, 5080
674510 74, 5176
676603 74, 5196
680555 72, 5003
682628 68, 5091
684529 67, 5046
688657 61, 5103
690651 77, 5071
694542 64, 5030
696503 64, 5051
700687 76, 5109
702532 77, 5122
708648 69, 5080
716539 71, 5130
718503 77, 5120
720639 71, 5036
722510 76, 5119
724638 63, 5028
726510 74, 5050
728600 62, 5040
730587 68, 5082
734587 76, 5006
736609 78, 5124
738529 64, 5079
740648 60, 5162
742548 75, 5015
744542 79, 5128
746564 79, 5103
752503 62, 5136
754664 65, 5022
756503 76, 5006
758510 73, 5027
760504 76, 5138
762503 77, 5007
764510 68, 5102
766503 79, 5177
768503 61, 5037
770600 66, 5172
774503 74, 5165
776664 63, 5165
780510 63, 5140
782564 68, 5004
784577 73, 5086
786503 61, 5067
790600 73, 5116
792606 79, 5113
794510 77, 5185
796654 77, 5172
798587 78, 5062
800693 63, 5183
802510 62, 5134
804596 67, 5140
806705 62, 5199
810623 63, 5131
812510 64, 5131
814510 73, 5017
816510 64, 5141
818651 63, 5079
820504 71, 5082
822705 64, 5145
824673 67, 5187
826522 78, 5108
828587 67, 5036
830552 67, 5043
832529 70, 5190
836568 70, 5156
838567 78, 5189
840584 60, 5017
844609 75, 5094
846510 68, 5030
848635 69, 5032
850510 62, 5035
854510 63, 5094
856535 75, 5140
858529 71, 5106
860510 67, 5121
862587 69, 5003
864522 75, 5140
866503 62, 5157
868676 78, 5146
870600 72, 5062
872724 62, 5149
874539 70, 5154
876542 73, 5159
878548 67, 5188
880510 61, 5160
882644 78, 5156
884664 63, 5078
886529 63, 5101
888503 61, 5154
890504 71, 5098
892548 74, 5162
894609 62, 5059
896568 70, 5139
898619 69, 5110
900591 69, 5071
902551 76, 5143
904564 61, 5031
908542 66, 5008
910510 66, 5119
912632 70, 5036
914625 73, 5032
916651 61, 5149
918510 67, 5074
920607 68, 5160
922718 70, 5046
924510 68, 5038
928632 70, 5173
932510 64, 5137
934548 75, 5004
936545 69, 5083
938648 61, 5096
940626 64, 5053
942522 74, 5155
944587 74, 5169
946680 65, 5006
948564 66, 5036
952516 69, 5130
954593 60, 5030
956574 64, 5013
958503 78, 5199
960619 66, 5137
964603 79, 5086
966529 79, 5197
968548 65, 5073
970545 65, 5111
972644 75, 5156
974503 67, 5130
976510 64, 5032
978683 67, 5148
980626 72, 5042
984564 75, 5101
986548 67, 5180
988555 72, 5054
990558 76, 5196
994635 62, 5159
996545 63, 5076
998625 61, 5087
1000517 78, 5163
1002551 60, 5000
1004503 79, 5061
1006609 63, 5028
1008590 71, 5102
1012667 78, 5092
1014584 74, 5153
1016635 66, 5190
1018670 63, 5096
1020622 63, 5086
1022632 77, 5193
1026503 65, 5081
1028590 77, 5021
1030655 69, 5191
1032510 73, 5025
1034612 61, 5135
1036651 79, 5187
1038564 69, 5094
1040504 67, 5070
1042526 68, 5114
1044616 76, 5018
1046510 64, 5087
1048641 60, 5112
1050674 71, 5109
1052510 73, 5179
1054503 69, 5148
1056510 79, 5090
1058510 61, 5050
1060655 78, 5078
1064692 62, 5028
1068590 69, 5139
1072548 71, 5139
1074616 66, 5157
1076503 76, 5060
1078590 78, 5124
1080658 74, 5171
1082616 75, 5049
1084510 78, 5009
1086552 76, 5095
1088699 66, 5140
1092574 79, 5068
1094510 66, 5059
1096503 70, 5021
1098696 71, 5052
1100616 64, 5085
1102510 72, 5187
1104510 65, 5015
1106503 66, 5084
1108532 79, 5078
1112577 72, 5190
1114503 60, 5120
1120687 79, 5154
1126644 60, 5006
1128551 69, 5135
1132561 65, 5054
1134519 78, 5174
1136503 72, 5000
1140574 72, 5117
1142587 72, 5082
1144593 77, 5074
1148503 76, 5066
1150629 79, 5078
1154545 76, 5047
1158542 64, 5052
1160594 77, 5088
1162696 64, 5004
1164673 77, 5196
1168638 64, 5132
1170648 71, 5021
1172503 65, 5055
1174503 77, 5104
1178503 61, 5114
1180638 70, 5194
1182510 69, 5107
1184548 71, 5013
1186577 73, 5100
1190523 69, 5064
1192503 62, 5175
1196510 71, 5100
1202503 76, 5130
1206574 67, 5134
1208593 63, 5160
1210629 67, 5013
1212660 71, 5153
1214619 70, 5016
1216625 67, 5012
1218625 63, 5101
1220504 67, 5169
1224632 65, 5021
1226506 62, 5085
1230504 71, 5132
1234660 71, 5118
1236635 79, 5061
1238600 62, 5070
1240626 71, 5039
1242616 60, 5180
1244510 61, 5165
1246510 73, 5158
1248564 62, 5146
1250658 68, 5033
1252510 70, 5029
1254580 71, 5114
1256603 62, 5009
1258657 72, 5142
1260667 79, 5078
1264606 74, 5056
1266548 70, 5177
1268510 70, 5120
1270536 60, 5199
1272503 67, 5020
1274574 78, 5022
1276519 65, 5161
1278529 73, 5146
1282616 70, 5071
1284510 67, 5117
1286503 70, 5156
1288510 77, 5137
1290709 77, 5062
1292625 74, 5135
1294503 79, 5048
1296612 62, 5024
1298657 71, 5149
1300683 77, 5002
1302616 66, 5010
1304638 74, 5165
1306522 70, 5141
1308535 63, 5121
1310616 72, 5088
1312545 69, 5051
1314548 68, 5182
1316580 65, 5010
1318503 76, 5168
1320568 71, 5038
1324600 69, 5067
1326696 63, 5117
1328628 68, 5073
1330603 69, 5157
1332503 67, 5084
1334503 79, 5100
1338526 69, 5171
1340629 78, 5016
1342571 67, 5079
1344612 69, 5149
1348510 79, 5181
1350523 79, 5179
1352657 70, 5053
1354590 73, 5036
1356503 62, 5053
1358571 73, 5185
1362510 76, 5188
1364503 66, 5128
1366654 66, 5124
1368529 70, 5137
1370591 65, 5025
1372571 64, 5195
1374503 62, 5139
1376510 63, 5160
1378648 70, 5006
1382510 69, 5019
1384536 67, 5156
1386529 70, 5126
1388545 67, 5061
1390616 77, 5165
1392609 63, 5147
1394702 73, 5020
1396574 78, 5090
1398510 64, 5053
1400533 63, 5097
1402529 78, 5170
1404519 65, 5165
1406503 60, 5114
1408619 62, 5171
1410510 79, 5080
1412568 74, 5190
1414651 68, 5013
1418638 68, 5037
1420568 64, 5054
1422529 66, 5037
1428510 66, 5111
1430610 64, 5170
1432503 69, 5182
1434535 73, 5053
1436503 73, 5163
1438564 62, 5096
1440571 79, 5074
1442612 76, 5054
1444635 75, 5073
1446510 73, 5104
1448641 62, 5125
1452568 69, 5142
1456635 66, 5092
1458503 75, 5198
1460533 61, 5130
1462712 62, 5123
1464529 75, 5168
1466593 62, 5072
1468510 61, 5197
1470549 63, 5104
1472638 67, 5094
1474503 78, 5096
1476503 63, 5080
1478600 63, 5088
1480504 75, 5164
1482503 70, 5106
1484577 61, 5094
1486503 61, 5019
1488503 74, 5170
1490504 69, 5151
1494510 75, 5098
1496600 74, 5158
1500728 63, 5035
1502574 67, 5101
1504548 66, 5026
1506609 76, 5031
1508510 64, 5170
1510655 63, 5159
1512535 68, 5157
1514510 60, 5086
1516651 69, 5064
1520600 73, 5178
1522510 72, 5028
1524699 62, 5140
1526641 64, 5136
1528510 74, 5125
1530632 66, 5063
1532708 60, 5065
1534510 78, 5000
1538596 75, 5125
1540552 71, 5001
1542510 65, 5059
1544542 61, 5144
1546555 60, 5094
1548574 64, 5047
1550533 73, 5065
1552619 77, 5141
1554503 79, 5091
1556510 66, 5135
1560629 65, 5197
1564510 74, 5193
1566503 77, 5170
1568529 76, 5065
1570552 69, 5187
1574510 69, 5046
1580587 65, 5125
1582606 69, 5043
1584606 68, 5075
1588510 60, 5175
1592503 62, 5042
1594545 70, 5173
1596510 71, 5052
1598503 78, 5109
1602529 76, 5116
1604641 62, 5157
1606616 76, 5013
1610636 76, 5132
1612622 62, 5067
1614548 73, 5061
1616503 69, 5024
1622526 70, 5135
1624535 62, 5050
1628503 73, 5095
1630648 61, 5104
1632622 70, 5034
1634510 79, 5161
1636564 79, 5041
1640658 78, 5101
1642628 64, 5160
1644612 67, 5055
1646503 76, 5058
1648510 63, 5034
1650568 73, 5037
1652510 71, 5089
1654503 79, 5037
1656548 79, 5098
1658510 73, 5026
1660722 61, 5063
1662638 75, 5171
1666609 69, 5048
1668503 63, 5148
1674571 74, 5007
1676503 69, 5134
1678510 69, 5104
1684522 65, 5171
1686503 71, 5180
1690542 73, 5013
1692609 64, 5099
1694503 79, 5117
1696545 69, 5057
1698510 62, 5001
1704510 66, 5037
1706603 61, 5024
1708548 74, 5000
1712503 71, 5126
1714503 67, 5174
1716577 76, 5116
1718648 66, 5111
1720667 69, 5071
1722535 73, 5000
1724522 74, 5065
1726648 72, 5016
1728503 66, 5113
1730546 70, 5155
1732567 79, 5157
1736574 71, 5168
1738535 68, 5098
1740584 66, 5018
1744574 69, 5130
1746567 73, 5108
1748574 74, 5191
1750504 78, 5158
1752503 61, 5076
1754545 74, 5030
1758503 64, 5067
1762503 73, 5046
1764596 64, 5123
1766503 65, 5149
1768622 79, 5141
1770504 73, 5119
1772503 75, 5156
1774529 61, 5062
1776503 68, 5018
1778574 66, 5139
1780504 77, 5019
1782625 62, 5111
1784580 60, 5021
1786609 61, 5022
1788503 62, 5022
1790565 68, 5143
1792568 67, 5015
1794510 73, 5152
1798510 62, 5008
