111204 4463
141266 4323
171415 4425
201391 4379
231114 4409
261267 4490
321239 4419
351130 4312
381131 4354
471297 4369
501337 4472
531288 4382
591182 4360
621138 4385
681074 4465
711242 4359
741307 4330
771118 4386
831098 4449
861261 4484
891148 4351
921096 4450
950906 4326
981187 4459
1011030 4438
1041200 4444
1071193 4428
1131180 4323
1221288 4371
1251106 4487
1280917 4347
1311201 4425
1340951 4472
1371063 4439
1401215 4315
1431048 4459
1461009 4335
1491008 4328
1521208 4300
1551223 4323
1611113 4423
1641198 4387
1671118 4436
1731308 4482
1761226 4356
1791229 4336
