86606 68, 5115
90651 79, 5167
94596 70, 5009
96737 63, 5093
98657 72, 5061
114503 73, 5032
116596 72, 5098
118651 75, 5197
120558 77, 5035
122507 73, 5117
124619 71, 5160
136593 66, 5176
140594 76, 5189
142503 77, 5055
144616 65, 5183
146696 71, 5183
148651 76, 5056
150504 68, 5157
152603 71, 5062
156503 79, 5143
160587 67, 5061
162574 69, 5112
168567 65, 5005
174529 63, 5170
180504 74, 5037
198680 77, 5146
200684 73, 5049
206529 70, 5082
208603 61, 5183
210687 77, 5057
212529 60, 5153
214593 78, 5062
216635 63, 5126
218625 62, 5156
220504 68, 5013
222590 69, 5135
226564 64, 5106
228669 72, 5061
232702 64, 5172
234503 61, 5183
236664 76, 5006
238593 69, 5148
240510 63, 5166
242542 62, 5051
244632 68, 5094
246587 70, 5073
248622 68, 5025
252609 75, 5140
256699 65, 5045
260648 75, 5066
262673 68, 5159
264510 71, 5035
268539 65, 5062
270562 60, 5023
272503 68, 5012
274503 77, 5118
276503 73, 5044
278503 73, 5068
280635 60, 5118
284523 74, 5142
286510 67, 5037
288680 73, 5063
290639 61, 5015
292606 78, 5160
294526 72, 5004
298529 69, 5174
306596 69, 5034
308503 71, 5017
312641 68, 5104
316619 77, 5095
318503 69, 5148
322708 61, 5170
324555 79, 5090
330674 62, 5137
332651 79, 5062
334503 76, 5162
336529 73, 5025
338503 78, 5082
340590 78, 5037
342548 66, 5085
344609 67, 5086
348638 75, 5059
356616 70, 5032
360555 65, 5076
362529 63, 5129
364648 76, 5130
366616 65, 5007
372510 68, 5135
374503 61, 5148
378619 66, 5009
380504 76, 5162
382510 64, 5047
388590 75, 5118
390683 60, 5028
392510 63, 5055
394503 78, 5085
396635 74, 5045
402657 75, 5174
404609 70, 5100
410533 65, 5146
412548 67, 5125
414715 67, 5054
420504 79, 5056
426548 63, 5115
428638 62, 5195
430504 61, 5105
432503 60, 5118
434526 70, 5198
442523 70, 5177
444712 68, 5094
448603 76, 5000
450687 79, 5061
452510 75, 5081
454590 78, 5044
460575 75, 5080
464529 62, 5186
466587 69, 5191
468696 78, 5132
478503 67, 5184
482587 70, 5124
486510 70, 5061
488510 67, 5198
490545 77, 5175
492664 68, 5198
494664 64, 5151
496712 65, 5170
498503 60, 5108
502551 75, 5174
504510 72, 5143
510504 76, 5009
512503 66, 5032
514587 71, 5159
516596 79, 5142
518606 75, 5014
520504 60, 5158
522657 72, 5079
524651 60, 5065
528503 62, 5077
530581 66, 5124
532510 79, 5088
534545 76, 5118
536606 64, 5134
538510 65, 5093
540667 70, 5062
542503 77, 5086
544510 74, 5171
546567 73, 5188
550654 69, 5020
552503 78, 5068
554510 64, 5040
556567 62, 5092
560504 79, 5101
562503 63, 5066
568564 74, 5089
570623 76, 5129
574503 72, 5024
576510 60, 5004
578654 71, 5155
580504 70, 5055
582638 65, 5122
584651 61, 5049
586664 71, 5055
588548 78, 5004
592548 74, 5143
600571 75, 5081
602564 77, 5080
606510 62, 5058
608577 68, 5017
610504 61, 5003
612644 79, 5171
614526 75, 5059
616503 75, 5196
618606 65, 5168
620635 65, 5178
624510 66, 5030
630651 66, 5054
634673 68, 5007
636628 62, 5119
640613 69, 5170
642632 71, 5069
646510 78, 5161
650555 75, 5126
652539 60, 5010
654574 69, 5186
660584 75, 5022
662638 66, 5017
668606 60, 5094
670622 70, 5138
674503 72, 5194
676529 61, 5093
678638 69, 5104
680588 75, 5174
682628 70, 5007
688510 76, 5187
690658 62, 5130
692558 60, 5053
694510 72, 5154
696567 78, 5172
698548 76, 5068
700539 63, 5129
702580 78, 5195
704739 73, 5172
706503 70, 5194
708523 70, 5049
710510 63, 5146
712571 60, 5039
720510 73, 5046
722705 70, 5093
724539 63, 5025
726510 69, 5146
728510 72, 5139
730571 68, 5110
732503 62, 5156
734724 61, 5004
736510 63, 5101
738628 63, 5018
740510 67, 5070
746580 72, 5173
752526 70, 5067
756548 73, 5164
758510 60, 5105
760504 65, 5157
762606 73, 5177
768510 69, 5185
770732 67, 5177
772632 79, 5186
774510 78, 5183
776510 74, 5096
778510 67, 5086
780510 74, 5079
782503 78, 5083
784529 78, 5160
786529 69, 5005
788644 61, 5015
790510 74, 5086
792548 77, 5127
794712 62, 5083
796510 69, 5048
798561 65, 5089
802561 63, 5013
804660 78, 5022
806612 63, 5177
810709 69, 5044
812676 78, 5138
814510 74, 5073
820545 73, 5144
822692 78, 5152
828638 67, 5122
830510 77, 5182
832641 64, 5111
836638 77, 5104
842510 76, 5162
846545 60, 5165
848542 77, 5081
852590 65, 5161
854590 65, 5179
856600 67, 5068
858510 70, 5116
862548 67, 5191
868542 75, 5044
870594 68, 5181
876632 76, 5165
878593 78, 5189
880504 72, 5148
882539 74, 5118
884670 67, 5031
886510 78, 5109
888571 63, 5031
890504 79, 5017
896641 64, 5109
898503 74, 5134
902571 65, 5025
906702 64, 5167
908612 72, 5017
912548 62, 5174
916510 73, 5120
918609 70, 5013
922600 71, 5010
924510 70, 5122
928510 73, 5123
932593 65, 5157
942523 75, 5134
944529 73, 5154
946718 66, 5045
948503 74, 5046
950504 60, 5057
952503 60, 5064
954644 70, 5028
956692 62, 5087
958548 71, 5010
960504 72, 5120
962590 75, 5199
964510 62, 5191
966510 70, 5156
970504 68, 5089
974503 72, 5054
976654 73, 5182
978625 78, 5134
980504 62, 5128
986664 69, 5148
988503 60, 5104
990658 75, 5026
994600 72, 5009
996603 61, 5098
998503 63, 5170
1000638 79, 5197
1002648 61, 5127
1004644 76, 5099
1006503 70, 5100
1012680 60, 5086
1016564 74, 5121
1018503 65, 5048
1020545 68, 5064
1024635 67, 5143
1026718 78, 5037
1030655 79, 5125
1034548 60, 5189
1036724 66, 5184
1042622 63, 5015
1044673 63, 5040
1046503 66, 5091
1050699 72, 5031
1052644 74, 5187
1054657 62, 5135
1060606 73, 5076
1062529 70, 5146
1064654 73, 5032
1068660 72, 5074
1072548 72, 5188
1074564 63, 5072
1080504 66, 5097
1084510 76, 5082
1088510 65, 5035
1092567 65, 5143
1094622 68, 5033
1096596 67, 5058
1100572 77, 5034
1104641 64, 5094
1110510 76, 5086
1112529 67, 5068
1114600 61, 5082
1116558 72, 5073
1118548 72, 5151
1120629 72, 5096
1122503 68, 5005
1124651 77, 5076
1126510 60, 5184
1130751 60, 5089
1134603 73, 5133
1136503 72, 5112
1138734 70, 5170
1140587 63, 5164
1146551 62, 5114
1150590 65, 5040
1152503 62, 5054
1160648 72, 5057
1164616 73, 5068
1166622 75, 5061
1174510 74, 5011
1176510 64, 5044
1178692 64, 5050
1184510 68, 5064
1186619 72, 5085
1192641 73, 5159
1196616 65, 5103
1198587 77, 5043
1202593 65, 5191
1204625 73, 5050
1208587 65, 5142
1214510 62, 5172
1216510 70, 5098
1218503 68, 5104
1220555 63, 5175
1222503 73, 5028
1224676 78, 5132
1228503 60, 5133
1234532 61, 5030
1238510 65, 5063
1240584 62, 5098
1242590 73, 5158
1244503 76, 5100
1246503 65, 5180
1248542 61, 5176
1250504 65, 5004
1252510 77, 5083
1254510 72, 5175
1258564 74, 5008
1262664 77, 5117
1268619 61, 5166
1270632 78, 5153
1272548 68, 5144
1274606 78, 5066
1276632 62, 5190
1278529 65, 5160
1280696 75, 5129
1284510 79, 5107
1286625 61, 5104
1288548 73, 5094
1290629 76, 5155
1292600 71, 5091
1294510 76, 5187
1298689 63, 5086
1302692 79, 5198
1306641 65, 5156
1308503 68, 5082
1312587 75, 5127
1318593 61, 5038
1322654 75, 5150
1324587 67, 5188
1326619 67, 5045
1328705 79, 5113
1330504 79, 5120
1332555 73, 5029
1338664 72, 5170
1342593 62, 5070
1346503 66, 5187
1348584 76, 5017
1350642 70, 5148
1354584 65, 5010
1356612 75, 5160
1358603 75, 5021
1360690 78, 5042
1362503 76, 5068
1364519 79, 5198
1366567 65, 5059
1368503 75, 5013
1370629 67, 5154
1372718 62, 5187
1376503 79, 5167
1378503 72, 5154
1382510 64, 5067
1386529 79, 5024
1388503 74, 5144
1390504 62, 5090
1392503 68, 5088
1394503 62, 5196
1396651 79, 5083
1398651 77, 5170
1402510 72, 5166
1406673 63, 5103
1408510 76, 5036
1410510 65, 5191
1412612 64, 5108
1414561 71, 5068
1416503 74, 5038
1418564 70, 5087
1422503 67, 5044
1424510 63, 5053
1430616 70, 5139
1432715 74, 5055
1434529 63, 5024
1436503 60, 5184
1438551 75, 5117
1440613 76, 5130
1442612 74, 5167
1444683 73, 5156
1446503 76, 5020
1452503 62, 5089
1454529 62, 5111
1456635 61, 5061
1458548 70, 5036
1460510 74, 5034
1462648 79, 5101
1464510 74, 5104
1468503 68, 5038
1470504 72, 5110
1472503 62, 5040
1474548 66, 5104
1476510 60, 5087
1478641 73, 5123
1480510 76, 5044
1482574 66, 5120
1484712 61, 5042
1486644 74, 5137
1488510 62, 5151
1492648 70, 5159
1494667 65, 5072
1496510 70, 5073
1500561 65, 5183
1502628 63, 5190
1504651 79, 5172
1514503 78, 5020
1516619 74, 5117
1518660 69, 5002
1522551 67, 5142
1526503 62, 5001
1528721 68, 5086
1534567 77, 5038
1536628 65, 5103
1538708 79, 5067
1544564 61, 5162
1546529 69, 5070
1548580 72, 5172
1550504 65, 5083
1558503 74, 5102
1560571 78, 5103
1562529 60, 5113
1566503 61, 5115
1568503 63, 5144
1570504 74, 5114
1572558 63, 5125
1574510 77, 5188
1576523 66, 5112
1578580 78, 5160
1582523 69, 5133
1584503 75, 5042
1586510 73, 5158
1588568 65, 5006
1590504 67, 5027
1592609 74, 5007
1596503 79, 5038
1598564 65, 5143
1600517 66, 5156
1604564 77, 5151
1612510 68, 5191
1618510 78, 5050
1620504 64, 5171
1624600 70, 5181
1628510 71, 5032
1636503 72, 5082
1638510 76, 5119
1642510 75, 5079
1644529 67, 5018
1650510 68, 5052
1654510 73, 5072
1660674 78, 5032
1662609 77, 5109
1664503 64, 5194
1666510 76, 5020
1672548 68, 5067
1674664 63, 5044
1676548 69, 5020
1678548 76, 5050
1680635 70, 5010
1682612 71, 5125
1688545 64, 5025
1690510 77, 5099
1694596 65, 5051
1698686 71, 5037
1700559 64, 5113
1702503 64, 5060
1704651 65, 5017
1706503 78, 5024
1708529 78, 5051
1710504 61, 5073
1714632 67, 5074
1716503 72, 5186
1720546 75, 5146
1722628 76, 5188
1724551 61, 5027
1726548 73, 5127
1728510 73, 5157
1730639 75, 5162
1732740 77, 5108
1734670 79, 5177
1738580 77, 5127
1740510 76, 5087
1742712 70, 5128
1744503 62, 5031
1746708 68, 5050
1752612 68, 5042
1754503 63, 5028
1756503 65, 5028
1758567 61, 5128
1760510 61, 5020
1762503 63, 5120
1766641 69, 5107
1768651 66, 5022
1770610 68, 5119
1772529 74, 5146
1774510 67, 5007
1776503 79, 5028
1778503 78, 5157
1786596 72, 5047
1790594 64, 5130
1798510 75, 5080
