110571 4412
170732 4338
200514 4438
230629 4331
260555 4348
290549 4457
320651 4334
350616 4480
410533 4379
440588 4413
470594 4358
500687 4327
530610 4485
560613 4355
590693 4417
620510 4310
650510 4377
710572 4344
770504 4365
800594 4443
830610 4421
890504 4460
920584 4404
950565 4459
980607 4479
1010533 4371
1070594 4361
1100571 4455
1160616 4350
1250613 4452
1280504 4490
1340504 4482
1370652 4360
1400504 4457
1430536 4319
1460623 4407
1490645 4347
1520562 4437
1550510 4455
1610565 4462
1640504 4388
1700510 4486
1730645 4369
1760626 4341
1790594 4369
