82628 75, 5080
84723 67, 5167
86632 61, 5019
88510 72, 5117
90584 69, 5152
92580 64, 5017
96641 79, 5177
98715 63, 5039
100594 70, 5045
102577 73, 5168
104609 68, 5062
106507 76, 5025
108664 68, 5054
110510 75, 5086
112593 73, 5099
114794 76, 5176
116628 69, 5150
118503 69, 5025
120517 79, 5028
122526 68, 5062
124545 66, 5120
126683 63, 5182
128654 71, 5157
130517 60, 5100
132548 78, 5188
134548 75, 5144
136622 77, 5028
138510 61, 5046
140600 62, 5087
142612 62, 5116
144747 69, 5193
146507 66, 5011
150590 67, 5130
152510 73, 5003
154539 64, 5137
156548 78, 5021
158523 68, 5023
160648 66, 5057
162548 65, 5073
164503 67, 5058
166523 74, 5085
168625 64, 5048
170504 78, 5002
172503 74, 5127
174503 72, 5070
178657 61, 5196
182510 62, 5009
184635 73, 5108
186619 65, 5197
190626 75, 5000
194503 75, 5108
196612 77, 5105
198670 68, 5194
200703 66, 5188
202628 79, 5154
204641 61, 5027
206606 73, 5186
208603 62, 5020
212612 62, 5144
216510 65, 5139
218510 65, 5053
220504 67, 5062
222503 60, 5130
224539 65, 5164
230658 64, 5070
232616 72, 5128
234548 63, 5115
236638 65, 5133
238632 74, 5167
242519 74, 5134
244673 76, 5178
246542 79, 5186
248510 63, 5195
250510 66, 5092
252548 69, 5019
254507 75, 5103
262503 76, 5026
264503 70, 5052
266503 63, 5061
268635 76, 5050
272628 72, 5108
282503 71, 5161
284523 79, 5064
288503 78, 5125
290648 67, 5073
292526 74, 5072
294580 60, 5055
296606 67, 5064
298664 77, 5191
300526 68, 5140
302673 74, 5176
304584 75, 5138
306673 71, 5139
308503 71, 5015
310504 61, 5147
313004 66, 5152
314503 65, 5030
316632 72, 5085
318510 74, 5065
320619 63, 5037
322692 76, 5012
324555 60, 5110
326609 64, 5190
328503 70, 5145
332526 72, 5142
334676 67, 5064
336619 75, 5010
340648 63, 5181
342503 67, 5172
346555 63, 5057
350696 75, 5030
354503 77, 5114
358503 76, 5031
360504 69, 5123
362660 66, 5014
364564 73, 5190
366580 61, 5001
368542 75, 5081
370504 72, 5153
374648 64, 5197
376596 66, 5038
378510 62, 5169
380645 75, 5013
382612 75, 5165
384641 73, 5038
386593 70, 5192
388552 70, 5120
390578 66, 5044
392632 69, 5082
394510 68, 5165
398628 64, 5058
400565 61, 5184
402638 71, 5054
406535 71, 5006
408523 68, 5030
410613 76, 5184
412635 75, 5185
414503 68, 5022
416625 68, 5156
420504 78, 5031
422503 72, 5172
426529 66, 5045
428616 72, 5103
430558 69, 5162
432510 72, 5130
434526 77, 5199
440594 69, 5143
444555 61, 5156
448596 64, 5086
450558 74, 5005
454542 71, 5088
456503 63, 5160
458503 74, 5168
464712 72, 5099
466657 76, 5065
468551 69, 5185
470533 60, 5009
476667 78, 5002
480594 75, 5168
482587 72, 5111
484651 73, 5085
486683 70, 5151
488686 70, 5145
494545 69, 5081
496654 63, 5105
498510 79, 5172
502519 61, 5003
504558 70, 5118
510510 63, 5097
512510 78, 5150
516609 63, 5072
518612 66, 5030
520517 65, 5078
522603 74, 5149
524503 70, 5118
526667 76, 5147
530658 74, 5105
532696 61, 5158
534510 67, 5013
538564 65, 5035
540655 69, 5127
542510 76, 5153
550629 66, 5032
552548 79, 5198
554503 70, 5010
556510 79, 5177
558603 63, 5043
562503 63, 5080
564571 64, 5138
566503 67, 5051
568510 79, 5073
570510 70, 5134
574510 65, 5150
578593 60, 5018
582619 76, 5192
584555 63, 5181
586503 67, 5009
590664 67, 5028
594564 69, 5064
598503 63, 5171
600607 65, 5005
602596 64, 5016
604548 79, 5074
606548 71, 5004
608619 68, 5194
610619 78, 5124
620693 74, 5057
622510 73, 5018
626705 67, 5130
628644 79, 5147
630607 63, 5002
632503 71, 5184
634513 72, 5094
636510 70, 5053
638516 61, 5002
640504 69, 5130
642587 72, 5030
644606 65, 5103
646632 72, 5126
650594 60, 5100
652616 76, 5120
654555 75, 5032
656635 62, 5086
658548 69, 5171
660616 75, 5025
662593 79, 5017
664503 64, 5023
666503 72, 5188
672648 61, 5058
674529 74, 5044
678619 70, 5123
682635 76, 5160
684510 62, 5044
686503 73, 5041
690590 76, 5073
692558 75, 5039
694596 63, 5188
696503 79, 5036
698606 71, 5145
700504 64, 5038
702526 76, 5089
704635 65, 5173
710526 79, 5114
714593 66, 5029
716548 71, 5095
718571 75, 5133
724603 70, 5119
728561 61, 5142
730600 65, 5073
734510 74, 5185
738503 72, 5051
742660 72, 5190
744564 75, 5052
746638 69, 5164
748567 64, 5140
750510 65, 5137
752564 79, 5042
754635 62, 5000
756568 66, 5117
760504 76, 5042
764689 61, 5153
768561 70, 5004
770504 73, 5083
776529 70, 5004
778587 78, 5086
784590 60, 5133
786705 78, 5139
788625 62, 5115
790510 65, 5082
792619 70, 5068
798561 78, 5175
800632 77, 5025
802612 78, 5077
806548 66, 5125
808510 64, 5125
814529 67, 5148
816503 74, 5095
818600 60, 5060
822641 64, 5011
824510 72, 5025
828503 65, 5018
830632 74, 5058
832564 78, 5054
834580 76, 5009
836584 77, 5100
842567 61, 5074
844635 67, 5125
846619 75, 5152
850613 65, 5164
852510 79, 5054
854705 64, 5046
856577 66, 5030
858670 77, 5014
860504 61, 5004
866657 77, 5150
868503 73, 5108
870545 69, 5080
874529 76, 5111
876616 69, 5056
878651 72, 5001
882600 61, 5178
884616 62, 5197
886680 75, 5073
892510 60, 5181
894510 68, 5144
896535 75, 5189
898619 73, 5058
900504 71, 5132
904632 78, 5121
908638 65, 5092
912503 76, 5054
914510 73, 5189
916529 71, 5176
922503 68, 5045
924529 77, 5114
926510 74, 5013
928510 70, 5061
930510 68, 5078
932577 60, 5096
934564 63, 5169
936545 79, 5059
938667 66, 5133
944667 71, 5060
948510 78, 5048
950510 77, 5199
952503 76, 5155
954616 60, 5080
956619 77, 5067
958692 73, 5151
960549 68, 5048
962673 71, 5055
964702 65, 5034
966503 63, 5102
968510 68, 5006
970533 71, 5189
974503 65, 5005
980607 77, 5089
982510 64, 5072
986619 73, 5176
988523 60, 5042
990510 61, 5035
992510 76, 5129
994593 78, 5077
998510 69, 5172
1000584 71, 5120
1002529 67, 5045
1004510 78, 5083
1008510 66, 5005
1010677 70, 5146
1012593 62, 5060
1014503 67, 5188
1016548 73, 5175
1018580 71, 5182
1020504 79, 5033
1022548 69, 5191
1024510 70, 5170
1026587 65, 5026
1028673 75, 5045
1030706 77, 5076
1034510 62, 5112
1036510 78, 5168
1038635 70, 5146
1040674 74, 5022
1042641 64, 5015
1044692 63, 5081
1048529 77, 5142
1050552 73, 5149
1052651 76, 5065
1054529 72, 5044
1058708 65, 5058
1064609 75, 5017
1066503 78, 5016
1068606 63, 5189
1070568 60, 5138
1076503 67, 5004
1080504 69, 5047
1082503 76, 5020
1084587 61, 5101
1086587 64, 5099
1092622 61, 5058
1096616 72, 5054
1102712 79, 5152
1104635 70, 5170
1106628 79, 5183
1108548 72, 5000
1112510 76, 5043
1114551 70, 5078
1116603 76, 5014
1120607 64, 5050
1124548 69, 5032
1126503 67, 5167
1128580 69, 5090
1130510 77, 5116
1132503 70, 5020
1134532 63, 5179
1136734 67, 5010
1138660 71, 5064
1140504 71, 5072
1144555 79, 5196
1146510 63, 5040
1150591 75, 5096
1154503 68, 5149
1156503 66, 5175
1158641 64, 5028
1160510 61, 5117
1162625 65, 5007
1164561 66, 5156
1168728 61, 5122
1170594 79, 5156
1172564 63, 5135
1180581 76, 5158
1182587 77, 5176
1184510 63, 5012
1186612 70, 5188
1188503 69, 5165
1192548 70, 5105
1194503 74, 5026
1196548 67, 5072
1198503 73, 5121
1200568 76, 5098
1202654 73, 5003
1204609 60, 5168
1206503 63, 5128
1210504 63, 5000
1214593 60, 5106
1216529 71, 5192
1218503 63, 5102
1220555 79, 5019
1224632 73, 5002
1228705 71, 5037
1230674 78, 5001
1232606 75, 5135
1234689 71, 5139
1236548 70, 5083
1238606 78, 5057
1242529 69, 5140
1244510 65, 5180
1246529 72, 5102
1248760 76, 5192
1250571 75, 5171
1254580 68, 5074
1256510 69, 5199
1262651 60, 5097
1266510 62, 5085
1268568 78, 5144
1270510 74, 5157
1272510 64, 5005
1278503 66, 5164
1280559 63, 5009
1282529 73, 5016
1284660 61, 5143
1288510 67, 5163
1290584 79, 5021
1294609 65, 5003
1296705 72, 5026
1298567 74, 5180
1302616 74, 5121
1304510 71, 5163
1306548 64, 5113
1310722 66, 5135
1312564 66, 5028
1314548 74, 5024
1316536 68, 5180
1320504 73, 5040
1322536 63, 5171
1324510 69, 5157
1326510 75, 5156
1328529 78, 5134
1332664 71, 5084
1334555 63, 5178
1338584 79, 5052
1340511 77, 5082
1342510 68, 5153
1344567 61, 5045
1346609 73, 5192
1352503 75, 5165
1354503 62, 5180
1356612 74, 5114
1358523 62, 5143
1360510 70, 5111
1364606 67, 5160
1366667 71, 5040
1372600 76, 5041
1374564 60, 5172
1376593 72, 5086
1378580 68, 5041
1380581 67, 5007
1382510 72, 5178
1384632 70, 5129
1386593 73, 5130
1390558 60, 5176
1392568 74, 5039
1394635 72, 5078
1396632 61, 5073
1398574 63, 5172
1400555 75, 5062
1402548 70, 5148
1404568 69, 5010
1410639 79, 5199
1412510 79, 5147
1414696 64, 5095
1420510 66, 5104
1422503 73, 5107
1426510 74, 5098
1428625 65, 5133
1430635 76, 5025
1432503 79, 5042
1434699 69, 5056
1436692 78, 5102
1438619 69, 5128
1440523 79, 5101
1442503 73, 5186
1444529 76, 5004
1446590 61, 5092
1448503 71, 5093
1454587 66, 5021
1456503 66, 5080
1458564 61, 5087
1462667 64, 5143
1464638 72, 5148
1466526 74, 5055
1470504 67, 5132
1472670 78, 5155
1474503 79, 5128
1478529 68, 5055
1480610 64, 5114
1482510 71, 5008
1484510 62, 5024
1490555 77, 5156
1494622 65, 5157
1496567 60, 5175
1498503 74, 5145
1502503 62, 5021
1504503 65, 5067
1506587 73, 5016
1508510 76, 5172
1510626 61, 5058
1514529 68, 5101
1516580 71, 5070
1524683 79, 5136
1526673 65, 5185
1528503 72, 5073
1530613 63, 5108
1532667 71, 5034
1534548 64, 5101
1536510 65, 5109
1538510 61, 5052
1540510 77, 5080
1542628 61, 5036
1544564 61, 5000
1546596 75, 5115
1548574 69, 5108
1550652 76, 5003
1552606 62, 5106
1554503 78, 5193
1556529 73, 5066
1560613 70, 5098
1562548 71, 5147
1564670 64, 5185
1568603 76, 5062
1570504 77, 5092
1574510 78, 5001
1576622 70, 5036
1578510 77, 5000
1580594 77, 5058
1582545 63, 5135
1586571 73, 5150
1588503 72, 5025
1590600 71, 5123
1592503 71, 5028
1594708 71, 5181
1596622 62, 5177
1602529 71, 5057
1606503 67, 5194
1608571 71, 5129
1610504 62, 5199
1612654 70, 5029
1616510 78, 5050
1618600 73, 5144
1624529 78, 5151
1628529 74, 5165
1632503 77, 5006
1634503 76, 5004
1636529 67, 5081
1638548 73, 5096
1640636 63, 5114
1642548 63, 5070
1644510 77, 5164
1646510 76, 5096
1648510 60, 5103
1650545 76, 5140
1652510 75, 5080
1654622 68, 5046
1656503 60, 5017
1658510 70, 5010
1660571 67, 5182
1662548 73, 5132
1664606 72, 5038
1666510 60, 5010
1668584 77, 5070
1670806 79, 5182
1672577 62, 5004
1680510 78, 5069
1682632 62, 5124
1688670 67, 5049
1690555 74, 5182
1692503 64, 5021
1694510 63, 5052
1696616 65, 5139
1700504 60, 5195
1702580 68, 5101
1706625 67, 5057
1708590 76, 5082
1710542 70, 5086
1712545 71, 5013
1716548 74, 5175
1720504 68, 5159
1722619 62, 5181
1724551 75, 5050
1726593 69, 5072
1728542 67, 5029
1730552 64, 5078
1732503 66, 5068
1734510 71, 5128
1736616 63, 5034
1738580 66, 5191
1742503 75, 5072
1744612 67, 5107
1750504 78, 5055
1754600 68, 5188
1756510 74, 5004
1758510 75, 5028
1760668 78, 5155
1762603 65, 5172
1764510 66, 5119
1766510 60, 5033
1772641 61, 5137
1774606 75, 5013
1776548 77, 5177
1778503 73, 5149
1782503 72, 5002
1784510 67, 5044
1786529 64, 5019
1788708 68, 5166
1790504 72, 5067
1792641 62, 5089
1794568 60, 5095
1796638 75, 5143
1798692 62, 5122
