86976 3722
96385 3727
106359 3896
110729 3718
120941 3853
130966 3745
136346 3759
140878 3732
145890 3839
155811 3742
166040 3897
171128 3781
176035 3834
180929 3778
185937 3760
196286 3782
200711 3782
206013 3862
215645 3857
220954 3830
226030 3776
235892 3781
241315 3723
246188 3706
270929 3754
275789 3725
281062 3753
286198 3772
291026 3742
295797 3723
300848 3708
305879 3745
315981 3847
330781 3789
335825 3738
340906 3871
356133 3831
360901 3886
365948 3801
371117 3850
375959 3832
380942 3767
386415 3707
391212 3728
395991 3853
401382 3702
415802 3797
421016 3881
426123 3870
441300 3769
446248 3830
450842 3850
455881 3874
461031 3818
471092 3795
475760 3778
481295 3896
490830 3879
495892 3780
500897 3702
505953 3744
510855 3816
516074 3892
531193 3739
545859 3897
555903 3880
565922 3715
575899 3863
580920 3728
590849 3796
596017 3850
601040 3796
606165 3893
610787 3748
616078 3772
620949 3850
626115 3884
630618 3778
636066 3766
641154 3898
660857 3748
665976 3880
670755 3871
675773 3825
686105 3815
691223 3867
701148 3850
710984 3897
735917 3851
740725 3786
745883 3779
756132 3867
760886 3714
775869 3718
781192 3744
786210 3744
800698 3871
815907 3788
821040 3802
825863 3797
830782 3861
836059 3801
840803 3743
851182 3792
865832 3759
870716 3841
875943 3744
881088 3807
885669 3859
890844 3792
895773 3847
900895 3861
905799 3870
911069 3820
920944 3847
925747 3729
935800 3860
940681 3833
946081 3864
950828 3862
955804 3817
960883 3729
966092 3785
975978 3754
981163 3806
990764 3858
995774 3876
1000963 3735
1005590 3843
1010954 3793
1015960 3742
1030987 3796
1040826 3749
1045846 3873
1050990 3822
1061136 3715
1065992 3882
1070971 3758
1075649 3899
1080951 3794
1085907 3890
1095885 3869
1100854 3717
1105788 3754
1125837 3703
1130958 3773
1135910 3780
1145672 3706
1150867 3883
1161055 3809
1170955 3810
1176178 3802
1181030 3894
1191094 3881
1195786 3811
1205872 3832
1210929 3877
1221024 3763
1226021 3754
1230848 3849
1235943 3784
1240813 3877
1250799 3823
1255930 3775
1265612 3817
1275879 3728
1280829 3832
1285819 3854
1290660 3723
1295977 3808
1301076 3887
1305780 3735
1311074 3708
1315859 3848
1320942 3852
1325858 3814
1330976 3845
1335825 3812
1340820 3872
1345905 3775
1355799 3746
1365851 3765
1371037 3858
1375917 3816
1385876 3717
1395985 3833
1401112 3744
1405690 3722
1421027 3873
1431019 3817
1435850 3896
1441121 3778
1445821 3839
1451035 3760
1460731 3720
1465873 3797
1470765 3790
1476218 3776
1480827 3736
1485835 3874
1491122 3747
1495971 3779
1505623 3771
1511000 3720
1516063 3826
1531076 3824
1541027 3843
1546003 3700
1555871 3719
1565873 3804
1570856 3843
1575880 3714
1585771 3758
1590706 3730
1600769 3836
1605828 3724
1610778 3891
1615684 3755
1620814 3865
1630845 3861
1635962 3719
1641019 3774
1646046 3740
1650920 3751
1655948 3844
1661139 3806
1675942 3729
1685794 3732
1690954 3701
1695872 3738
1706053 3831
1711036 3821
1720785 3878
1735785 3841
1740778 3720
1750713 3752
1756063 3840
1760925 3864
1765876 3729
1770875 3849
1775880 3802
1780971 3755
1791042 3777
