83211 66, 5146
85307 69, 5036
89049 65, 5070
95194 70, 5151
97354 71, 5161
99003 64, 5168
100701 72, 5008
103070 68, 5180
107246 73, 5100
109439 61, 5094
114963 66, 5197
117293 60, 5137
118732 67, 5058
123361 78, 5061
125068 76, 5191
126751 77, 5123
128834 60, 5118
130700 67, 5159
133222 79, 5111
136740 75, 5063
139167 69, 5145
141151 75, 5111
143177 75, 5029
144988 61, 5005
147268 65, 5187
151192 73, 5156
152699 62, 5095
157127 68, 5089
160969 66, 5165
163056 72, 5112
165369 75, 5052
166864 74, 5179
168719 62, 5086
173232 68, 5031
174902 64, 5046
178857 72, 5065
182730 79, 5150
184708 75, 5076
186882 76, 5094
191040 62, 5123
192987 63, 5096
195089 66, 5063
197016 63, 5036
199164 61, 5105
200720 77, 5066
203086 76, 5138
209051 73, 5067
210985 61, 5094
213078 60, 5150
215011 74, 5018
216871 73, 5180
218684 71, 5058
220684 77, 5125
222779 60, 5173
224887 72, 5192
229061 60, 5008
232748 60, 5040
241279 66, 5080
242827 66, 5031
247251 62, 5058
248940 73, 5198
250664 64, 5090
252960 77, 5104
255123 62, 5118
256662 79, 5140
258918 61, 5000
261063 69, 5147
262764 65, 5177
265033 62, 5014
266769 65, 5044
272836 67, 5079
274878 67, 5142
276668 79, 5193
279135 77, 5182
280965 60, 5195
282963 74, 5085
284901 70, 5029
289013 74, 5119
290857 70, 5055
292751 60, 5138
294680 76, 5000
296902 65, 5146
302795 62, 5033
304711 68, 5032
307130 66, 5102
308792 74, 5053
310771 78, 5188
316733 76, 5107
318849 76, 5120
320851 78, 5044
322957 77, 5031
325172 78, 5128
326940 60, 5175
330698 60, 5124
335182 62, 5164
339210 77, 5127
342827 68, 5136
346656 65, 5146
348853 74, 5147
350861 72, 5149
360993 63, 5192
362754 72, 5169
364982 68, 5123
368798 76, 5064
371035 76, 5087
372826 79, 5194
374703 69, 5179
376750 73, 5128
378787 68, 5045
383085 63, 5091
384834 74, 5083
391132 77, 5153
392864 61, 5183
394942 63, 5071
396982 69, 5140
401247 73, 5048
402769 79, 5065
404993 79, 5057
406665 73, 5135
409312 64, 5055
411230 66, 5182
412988 75, 5187
414871 68, 5165
417088 77, 5096
418835 69, 5111
422856 77, 5099
424789 68, 5071
426904 74, 5008
428700 70, 5020
431029 63, 5099
434944 76, 5127
437081 76, 5118
438968 75, 5124
442906 78, 5075
444821 79, 5148
447023 72, 5111
449041 78, 5066
452887 61, 5178
457037 76, 5199
460881 73, 5125
462955 77, 5128
466867 79, 5132
469088 78, 5189
471241 61, 5123
473155 74, 5122
474978 77, 5106
476860 61, 5139
478806 72, 5119
480851 68, 5185
482920 70, 5114
486848 62, 5181
488841 66, 5011
491069 77, 5199
493159 63, 5020
494901 65, 5179
496972 66, 5094
498906 72, 5197
502657 79, 5119
504991 78, 5179
507022 60, 5195
509208 65, 5093
510697 63, 5149
512978 60, 5092
516823 73, 5156
518983 73, 5173
520736 74, 5143
522800 69, 5036
524915 70, 5060
526957 71, 5135
529180 73, 5149
530986 76, 5020
532665 69, 5019
534933 65, 5100
538868 72, 5198
540935 71, 5030
542893 79, 5026
544937 74, 5192
546722 72, 5071
549206 70, 5146
550960 78, 5165
552977 65, 5135
555064 70, 5102
558924 70, 5075
560890 76, 5118
562889 76, 5067
564760 69, 5105
567120 74, 5063
569019 63, 5121
570718 61, 5188
572774 64, 5057
575174 62, 5069
577140 75, 5024
579063 67, 5041
581038 65, 5092
582994 60, 5153
585029 69, 5176
589137 73, 5030
590858 76, 5075
593086 69, 5186
594676 78, 5102
596832 70, 5161
600808 70, 5124
602824 79, 5105
608672 72, 5030
610685 60, 5177
615064 79, 5081
618771 61, 5105
621009 68, 5034
624797 66, 5046
627030 72, 5133
628644 73, 5079
630759 64, 5194
634931 70, 5070
637036 75, 5087
638924 76, 5031
640871 67, 5185
645054 75, 5167
647239 69, 5047
648996 71, 5033
651006 66, 5033
653119 75, 5032
655026 66, 5069
656861 67, 5023
658923 73, 5131
660731 74, 5070
663042 79, 5155
665020 71, 5004
667048 65, 5069
668990 69, 5185
670866 73, 5004
672758 78, 5155
674913 67, 5173
676826 69, 5149
679356 73, 5151
680879 70, 5086
682915 62, 5185
686868 68, 5112
690859 71, 5163
693095 72, 5047
694935 73, 5094
696996 76, 5146
699032 65, 5097
700811 74, 5177
702705 71, 5071
706933 71, 5118
709230 70, 5098
711036 62, 5178
713087 76, 5132
716782 62, 5101
718660 79, 5188
720900 77, 5066
723279 63, 5107
724737 75, 5069
726797 71, 5044
728957 61, 5008
730743 70, 5105
732969 72, 5151
736699 77, 5169
739041 76, 5160
740686 76, 5091
743050 71, 5086
746833 72, 5091
748805 60, 5122
752928 65, 5181
756878 73, 5182
758781 64, 5029
760922 75, 5066
764870 71, 5038
766849 70, 5067
768858 61, 5029
771021 75, 5092
773009 61, 5172
774909 69, 5186
776934 78, 5094
780812 68, 5103
782957 78, 5122
787055 74, 5105
788803 64, 5047
790926 64, 5116
794801 66, 5077
797001 73, 5055
799057 68, 5194
802762 67, 5153
805096 68, 5194
807116 60, 5160
808824 77, 5186
811110 78, 5177
812879 73, 5027
815031 60, 5068
816846 65, 5037
818826 67, 5027
821019 73, 5172
822912 64, 5107
825016 78, 5103
826979 79, 5123
829009 71, 5147
830739 61, 5093
832818 70, 5101
836934 69, 5131
838810 66, 5149
843047 77, 5020
844927 70, 5146
846842 72, 5068
850991 75, 5170
852778 68, 5039
856762 75, 5097
860590 72, 5199
862830 73, 5196
864841 61, 5116
866778 79, 5041
868877 79, 5013
870795 60, 5168
872952 75, 5158
876816 64, 5152
884897 76, 5006
888837 79, 5080
890904 68, 5093
893238 72, 5052
894948 67, 5145
896821 70, 5069
898958 75, 5089
903192 65, 5003
904946 71, 5194
906530 76, 5124
910919 62, 5107
913013 66, 5012
914708 66, 5173
916871 78, 5130
918721 64, 5040
923028 79, 5048
924773 69, 5143
926824 61, 5141
931108 68, 5062
935298 72, 5029
936669 73, 5068
941019 62, 5142
942876 71, 5094
946780 68, 5083
948712 61, 5170
952910 69, 5095
954912 64, 5188
956868 72, 5189
958917 73, 5131
962733 75, 5097
969047 73, 5082
970956 76, 5081
972809 62, 5021
974956 67, 5147
977089 75, 5175
978893 63, 5128
980893 63, 5194
982826 75, 5046
984787 60, 5053
988652 71, 5095
992989 73, 5168
997232 70, 5120
998934 72, 5014
1000851 68, 5050
1002800 69, 5087
1005149 60, 5031
1006821 77, 5019
1008759 70, 5073
1010683 77, 5028
1012796 63, 5133
1017108 62, 5173
1023017 61, 5199
1024820 78, 5122
1026871 68, 5062
1029007 61, 5052
1031002 71, 5161
1032857 73, 5017
1034899 71, 5133
1037164 68, 5074
1038804 66, 5004
1041130 78, 5112
1042721 64, 5174
1045038 78, 5132
1047043 71, 5128
1048894 68, 5124
1055012 78, 5057
1056678 77, 5034
1060951 64, 5120
1063101 77, 5028
1064851 69, 5054
1066967 69, 5085
1068701 78, 5125
1071055 62, 5133
1072726 72, 5151
1074852 64, 5173
1076813 74, 5053
1079031 73, 5187
1080972 62, 5149
1082983 77, 5080
1084773 65, 5041
1086638 66, 5170
1088908 74, 5177
1094920 76, 5000
1097087 70, 5176
1098883 79, 5157
1102712 71, 5194
1106672 72, 5187
1108525 64, 5071
1110840 79, 5048
1113133 64, 5187
1115023 71, 5124
1118976 73, 5175
1121148 76, 5180
1122697 71, 5054
1124922 75, 5088
1127022 68, 5064
1129099 60, 5007
1132859 70, 5123
1134857 72, 5124
1136740 61, 5040
1138783 74, 5082
1140853 79, 5003
1142927 64, 5089
1145187 73, 5199
1146753 74, 5038
1148864 68, 5001
1152703 72, 5140
1155076 76, 5164
1158815 73, 5188
1162884 67, 5134
1165185 72, 5071
1167001 68, 5163
1169086 65, 5107
1173274 75, 5002
1174697 64, 5068
1176938 78, 5030
1178883 60, 5073
1180828 71, 5094
1184955 67, 5194
1188803 63, 5096
1190805 68, 5150
1193057 76, 5138
1194859 79, 5197
1196901 63, 5081
1199178 67, 5085
1201059 73, 5010
1202923 78, 5071
1205142 67, 5046
1207064 66, 5042
1208873 70, 5073
1214791 71, 5177
1216851 77, 5018
1218961 62, 5121
1222760 72, 5058
1224881 74, 5131
1226770 68, 5129
1228873 67, 5048
1233106 65, 5036
1234960 79, 5070
1236906 67, 5154
1238855 61, 5075
1240754 61, 5076
1242837 72, 5147
1244936 74, 5181
1248943 71, 5166
1252895 67, 5016
1256836 75, 5185
1258886 68, 5036
1261072 76, 5146
1263006 79, 5016
1264798 76, 5116
1268583 67, 5121
1270954 70, 5190
1272772 65, 5148
1277052 60, 5168
1278867 75, 5198
1280871 72, 5064
1283137 69, 5155
1286878 71, 5090
1288935 75, 5081
1290882 71, 5113
1292692 69, 5150
1296860 68, 5002
1298759 65, 5167
1300770 71, 5170
1302811 67, 5159
1304745 62, 5000
1310988 76, 5091
1312645 60, 5141
1314867 74, 5181
1318797 71, 5064
1321122 68, 5058
1322989 73, 5176
1324798 69, 5023
1327083 73, 5023
1328940 62, 5079
1330949 67, 5050
1334843 63, 5116
1337063 70, 5154
1338751 63, 5091
1342803 70, 5161
1344925 72, 5080
1348797 66, 5026
1350974 62, 5076
1354835 72, 5020
1357079 62, 5026
1359002 79, 5146
1360763 62, 5124
1362906 69, 5170
1365121 60, 5190
1368945 70, 5082
1370635 66, 5172
1373090 77, 5133
1374859 75, 5053
1376564 66, 5179
1380882 69, 5050
1382846 62, 5036
1385013 66, 5158
1387068 77, 5111
1389109 67, 5121
1390937 72, 5193
1393148 76, 5175
1396656 64, 5187
1398705 66, 5024
1400931 67, 5179
1403041 63, 5011
1404813 76, 5199
1406743 76, 5059
1409070 61, 5102
1411024 73, 5093
1412731 63, 5165
1416553 61, 5197
1419033 64, 5104
1420781 74, 5071
1422910 79, 5143
1424705 69, 5047
1426829 75, 5186
1428963 62, 5196
1432809 65, 5132
1436941 68, 5178
1440855 61, 5156
1442796 75, 5187
1444683 62, 5138
1446836 75, 5017
1448775 74, 5109
1450887 66, 5084
1453049 66, 5197
1455260 63, 5123
1458850 61, 5171
1462821 67, 5168
1464966 60, 5040
1466950 66, 5156
1468718 77, 5132
1470823 67, 5046
1476984 66, 5174
1479011 61, 5099
1481111 79, 5199
1482930 78, 5183
1488567 71, 5055
1490804 65, 5084
1492869 69, 5057
1494857 66, 5055
1497039 65, 5106
1499070 64, 5094
1500925 61, 5086
1503074 73, 5149
1504809 60, 5031
1506866 64, 5185
1508868 61, 5118
1510814 67, 5071
1512873 60, 5109
1516872 73, 5124
1518887 79, 5158
1521066 70, 5009
1523009 73, 5050
1524792 73, 5118
1526928 65, 5129
1529087 67, 5136
1530974 75, 5013
1532674 61, 5148
1534922 76, 5034
1536743 79, 5060
1538722 72, 5148
1540671 60, 5041
1542923 68, 5185
1544680 63, 5145
1546874 78, 5046
1548841 73, 5026
1552891 77, 5166
1554670 62, 5059
1556903 79, 5057
1558749 76, 5195
1561009 69, 5086
1563082 67, 5092
1565119 78, 5101
1567015 71, 5001
1570595 66, 5120
1574990 79, 5165
1576973 72, 5137
1580940 60, 5165
1582819 66, 5197
1584837 69, 5012
1588953 67, 5074
1591041 66, 5142
1592627 73, 5112
1594758 71, 5076
1596831 60, 5073
1599109 67, 5135
1600802 65, 5005
1602853 60, 5115
1604730 64, 5197
1606685 68, 5196
1608892 60, 5104
1611014 65, 5199
1616960 68, 5056
1618678 70, 5060
1620971 63, 5193
1624983 62, 5020
1626981 64, 5129
1632772 74, 5176
1634896 68, 5054
1638970 67, 5014
1640839 62, 5139
1647114 70, 5158
1649019 65, 5117
1650753 65, 5157
1652793 74, 5189
1661056 65, 5129
1662910 71, 5161
1666924 77, 5142
1668770 75, 5083
1670780 62, 5198
1672907 72, 5119
1676923 69, 5153
1679059 63, 5040
1681071 66, 5126
1682664 65, 5000
1684935 63, 5181
1687081 78, 5142
1688903 65, 5131
1692726 60, 5079
1699002 75, 5159
1705078 68, 5063
1706773 69, 5066
1708770 77, 5041
1713048 63, 5101
1718834 79, 5165
1721112 70, 5095
1722985 78, 5012
1726934 69, 5075
1728675 65, 5193
1731117 69, 5078
1734909 64, 5048
1737054 74, 5063
1738916 65, 5174
1740707 64, 5141
1743015 68, 5126
1744638 61, 5145
1746902 76, 5116
1750884 64, 5047
1752917 77, 5054
1758759 73, 5154
1761036 72, 5195
1764639 69, 5117
1766809 67, 5069
1768808 74, 5129
1770993 78, 5139
1772616 78, 5091
1776997 76, 5131
1778775 78, 5062
1780979 67, 5068
1784889 76, 5016
1786849 69, 5194
1790879 70, 5177
1794733 74, 5097
