85615 3779
100507 3749
105574 3854
115510 3759
125667 3720
135571 3895
140635 3896
145584 3838
150504 3867
155571 3840
160523 3786
170549 3709
175503 3789
180504 3859
190632 3753
195510 3721
210533 3845
220562 3851
230507 3777
235657 3805
240565 3752
245564 3742
250658 3826
260555 3830
265548 3886
270504 3863
280504 3779
285631 3744
290510 3790
300504 3717
305609 3885
310510 3878
315503 3721
325638 3884
330504 3728
335635 3790
345606 3706
350504 3784
355571 3804
360568 3808
370513 3716
380533 3719
385548 3898
390504 3750
395510 3734
400552 3777
405606 3834
410613 3787
425619 3770
430597 3843
435510 3869
450523 3785
455635 3892
460552 3880
465510 3766
470504 3808
475690 3817
480645 3846
485503 3834
490581 3718
495503 3723
500549 3806
505577 3766
510510 3727
515657 3706
520574 3746
530533 3724
535503 3828
540757 3718
550613 3771
555564 3839
560687 3773
565728 3737
570510 3830
575712 3848
590607 3776
595625 3863
605680 3844
610510 3815
620613 3819
625631 3867
630571 3802
640504 3767
645503 3821
650623 3827
655561 3757
660645 3834
665561 3825
675503 3806
680555 3833
685616 3815
690651 3815
695567 3728
700687 3775
705503 3871
720639 3718
725532 3858
730587 3724
740648 3755
755510 3863
760504 3753
770600 3870
775532 3826
780510 3793
785513 3703
790600 3833
795686 3723
800693 3881
810623 3724
815564 3788
820504 3856
830552 3886
835657 3767
840584 3860
845529 3867
850510 3792
855580 3762
860510 3734
870600 3753
875615 3778
880510 3809
890504 3808
895510 3757
900591 3736
910510 3732
915503 3748
920607 3863
925542 3821
935510 3842
940626 3814
955519 3782
960619 3751
965644 3848
970545 3789
980626 3730
990558 3827
995561 3874
1000517 3849
1015584 3823
1020622 3717
1030655 3712
1035583 3713
1040504 3857
1045731 3846
1050674 3864
1060655 3846
1065532 3820
1075712 3745
1080658 3827
1085526 3749
1095593 3826
1100616 3833
1105657 3714
1120687 3832
1125510 3821
1135680 3715
1140574 3779
1145510 3836
1150629 3832
1160594 3750
1165522 3768
1170648 3776
1175622 3871
1180638 3727
1185503 3767
1190523 3775
1195667 3876
1205510 3795
1210629 3853
1220504 3759
1225510 3878
1230504 3727
1235635 3811
1240626 3709
1245503 3791
1250658 3709
1255538 3804
1260667 3807
1265510 3809
1270536 3836
1275510 3727
1285673 3851
1290709 3752
1295539 3844
1300683 3838
1305532 3746
1310616 3755
1315590 3834
1320568 3724
1330603 3813
1335561 3840
1340629 3860
1345654 3749
1350523 3740
1355522 3718
1365670 3877
1370591 3857
1375583 3819
1385587 3811
1390616 3850
1395561 3731
1400533 3849
1410510 3787
1420568 3702
1430610 3874
1435673 3858
1440571 3722
1445712 3750
1455532 3708
1460533 3840
1465526 3754
1470549 3878
1475625 3815
1480504 3833
1490504 3874
1495554 3783
1500728 3721
1510655 3893
1515506 3838
1520600 3834
1525625 3738
1530632 3791
1535558 3751
1540552 3742
1550533 3760
1555503 3700
1560629 3886
1570552 3714
1575651 3838
1580587 3850
1585587 3885
1605616 3820
1610636 3825
1615510 3743
1625526 3828
1630648 3849
1635609 3704
1640658 3876
1645590 3855
1650568 3783
1655503 3783
1660722 3720
1665590 3845
1685510 3769
1690542 3874
1705503 3770
1720667 3739
1725503 3788
1730546 3711
1735510 3846
1740584 3841
1745503 3819
1750504 3867
1755510 3785
1765551 3798
1770504 3733
1775593 3710
1780504 3855
1785538 3897
1790565 3760
1795628 3856
