82507 78, 5135
86664 67, 5056
88526 75, 5099
90565 69, 5137
96503 70, 5023
98664 61, 5106
102552 70, 5176
104603 72, 5064
106567 63, 5165
108692 61, 5187
110629 71, 5016
114561 72, 5036
116503 78, 5002
118664 67, 5046
122542 66, 5120
124510 68, 5123
126603 77, 5123
128670 75, 5164
130677 61, 5196
138603 64, 5105
140540 77, 5186
142622 63, 5163
144503 77, 5001
148542 73, 5094
150545 62, 5039
152576 68, 5071
154558 77, 5144
158545 79, 5078
160552 69, 5187
162555 74, 5061
164571 77, 5120
166513 74, 5121
168667 74, 5190
170635 74, 5177
172587 68, 5093
174503 78, 5055
176510 66, 5183
178770 67, 5118
182529 70, 5004
184510 79, 5035
186510 70, 5174
188625 68, 5122
190565 65, 5100
192603 70, 5131
196523 62, 5146
198516 75, 5104
200632 64, 5038
204641 78, 5043
206660 69, 5050
208529 65, 5082
212548 73, 5186
214651 76, 5144
216545 77, 5073
218535 69, 5093
222503 65, 5095
226545 78, 5151
228622 77, 5130
230507 76, 5108
232571 68, 5080
234603 74, 5023
236580 60, 5149
238503 74, 5035
244564 73, 5019
246651 70, 5020
248503 67, 5092
250510 71, 5111
254619 65, 5169
256699 65, 5118
260658 73, 5010
262529 65, 5071
264641 61, 5185
268584 74, 5124
272667 62, 5168
274548 65, 5068
276686 74, 5037
278628 60, 5008
280648 64, 5187
282676 68, 5174
286510 65, 5086
288510 66, 5081
292545 68, 5182
294555 60, 5085
298552 68, 5055
300526 61, 5060
302625 68, 5115
304609 66, 5017
306519 66, 5098
308510 61, 5128
310545 69, 5010
312603 61, 5119
314516 70, 5070
318529 79, 5124
320626 79, 5074
322542 79, 5003
324616 65, 5091
326728 77, 5174
328612 76, 5018
332568 67, 5066
334503 68, 5093
336574 69, 5155
338641 63, 5030
340545 62, 5114
344734 76, 5073
346503 78, 5166
348590 74, 5193
350504 74, 5087
352529 64, 5196
354510 77, 5145
356523 67, 5038
358657 64, 5038
360510 60, 5015
362529 74, 5199
364686 67, 5026
366510 74, 5128
368542 61, 5096
372510 70, 5100
374548 75, 5111
376577 73, 5057
378529 76, 5193
380658 79, 5038
384503 66, 5137
386641 62, 5159
390683 64, 5000
392558 72, 5100
394548 66, 5014
396571 71, 5023
398551 72, 5086
400533 76, 5088
404507 67, 5042
412510 73, 5010
414625 65, 5011
416667 60, 5181
418551 63, 5155
420597 71, 5037
424535 67, 5088
428632 76, 5069
430504 61, 5189
432529 75, 5006
434526 63, 5089
436503 61, 5012
440504 76, 5120
448510 65, 5044
452516 64, 5045
456673 72, 5031
458510 62, 5059
462622 60, 5148
464564 77, 5179
466552 64, 5179
468510 67, 5066
472702 69, 5112
476503 62, 5023
478596 71, 5031
480529 60, 5088
482555 65, 5003
484510 67, 5110
486526 79, 5161
488510 77, 5192
490510 70, 5199
492644 79, 5063
496558 67, 5021
498574 71, 5119
500635 64, 5059
502519 79, 5170
504644 78, 5020
506587 79, 5095
508503 71, 5190
510504 68, 5139
512529 72, 5156
514551 78, 5109
518715 70, 5139
520545 77, 5042
522577 64, 5121
524548 62, 5000
528503 63, 5158
530552 78, 5097
532590 64, 5124
534510 74, 5006
536545 64, 5042
540539 72, 5092
542616 72, 5111
544561 67, 5154
546696 64, 5177
548503 79, 5077
552628 70, 5017
556503 64, 5185
560581 62, 5040
562596 67, 5011
564644 79, 5146
566503 64, 5163
570622 65, 5137
572539 77, 5167
574561 70, 5019
578545 69, 5068
580510 73, 5197
582542 63, 5020
584724 75, 5063
586503 71, 5110
588510 76, 5099
590693 70, 5115
594542 73, 5039
596574 78, 5152
598503 77, 5066
602596 67, 5079
604503 60, 5114
608545 67, 5090
610526 63, 5156
612644 71, 5028
614510 62, 5191
616641 63, 5188
618567 61, 5134
620510 78, 5037
622568 76, 5103
624600 63, 5111
628503 73, 5112
632510 60, 5034
634635 64, 5189
638516 73, 5002
642548 69, 5108
644683 73, 5095
646632 74, 5060
648503 71, 5024
650504 79, 5062
654510 74, 5028
656503 77, 5039
658548 73, 5116
662619 68, 5069
664590 71, 5049
668510 73, 5097
670510 72, 5119
672510 68, 5193
674510 73, 5146
676689 72, 5135
678619 73, 5188
680510 69, 5169
682503 65, 5128
684635 67, 5001
686510 79, 5122
688670 71, 5125
690504 77, 5174
692616 76, 5058
696510 76, 5193
698548 78, 5075
700558 75, 5052
702526 71, 5117
704539 61, 5002
706622 69, 5027
708667 73, 5090
710527 74, 5059
712577 61, 5189
714670 75, 5029
716622 62, 5168
718503 79, 5056
720504 60, 5196
724503 79, 5041
726628 74, 5169
728670 71, 5175
732590 77, 5046
736503 60, 5120
738510 77, 5182
744596 70, 5088
746587 62, 5199
748503 68, 5020
750616 61, 5166
752545 68, 5157
754510 73, 5132
756548 68, 5028
758718 65, 5035
760597 60, 5181
762503 76, 5061
764625 76, 5066
766542 79, 5058
768654 78, 5135
770674 76, 5066
772625 75, 5113
780504 61, 5153
784632 72, 5186
788503 60, 5070
790606 67, 5170
792510 78, 5129
794503 76, 5124
796587 77, 5138
798510 70, 5192
802567 64, 5142
804510 70, 5044
806548 66, 5176
808503 69, 5052
812503 63, 5105
814503 63, 5132
816529 75, 5181
818619 79, 5117
822510 68, 5174
824510 69, 5006
828542 79, 5037
830716 75, 5051
832510 69, 5116
836555 77, 5102
838545 73, 5083
840549 62, 5043
842529 66, 5155
844526 60, 5197
846503 64, 5143
850504 71, 5170
854555 70, 5000
856606 60, 5063
858603 68, 5075
862644 62, 5000
868593 66, 5066
870587 67, 5128
872529 62, 5147
874555 61, 5061
876526 63, 5159
878548 69, 5123
882526 63, 5005
890510 60, 5058
892529 69, 5005
896612 74, 5045
898503 66, 5055
900510 65, 5168
902616 74, 5075
904545 68, 5177
906612 74, 5042
908564 62, 5164
910504 73, 5061
912503 60, 5170
914648 60, 5106
916731 71, 5042
918551 74, 5040
920510 72, 5167
922680 71, 5165
924612 69, 5075
926651 77, 5154
928699 70, 5087
930581 62, 5015
932612 70, 5020
934507 76, 5196
936561 64, 5162
938603 70, 5170
940504 73, 5036
942529 66, 5154
944503 61, 5105
948510 72, 5035
950533 78, 5190
952516 64, 5004
956539 65, 5139
958510 74, 5155
960642 65, 5067
962503 74, 5092
964580 68, 5010
968673 65, 5076
972632 72, 5157
976632 62, 5160
980549 73, 5143
982567 69, 5031
984503 76, 5107
986503 65, 5042
990626 63, 5000
994628 69, 5129
996510 62, 5173
998510 74, 5045
1000504 65, 5187
1002552 64, 5060
1004548 71, 5134
1006593 77, 5137
1008651 68, 5012
1010623 64, 5038
1012641 74, 5148
1014529 65, 5080
1018670 79, 5045
1020504 72, 5194
1022510 77, 5049
1024635 73, 5190
1026612 67, 5150
1028510 69, 5041
1030552 68, 5083
1032503 76, 5082
1034619 76, 5026
1036568 72, 5194
1038503 74, 5003
1040527 63, 5134
1042503 75, 5041
1044635 73, 5162
1046667 68, 5037
1048510 75, 5075
1050510 70, 5161
1056689 70, 5059
1058548 66, 5150
1062542 74, 5050
1064510 78, 5023
1066510 61, 5050
1068510 73, 5021
1070645 60, 5015
1074503 73, 5086
1076676 60, 5059
1078503 67, 5127
1082545 63, 5176
1084603 76, 5094
1090561 68, 5019
1092503 63, 5109
1094503 62, 5149
1098593 74, 5067
1100504 75, 5102
1102503 66, 5151
1104526 70, 5082
1106612 65, 5018
1108728 66, 5106
1110510 66, 5078
1112548 78, 5020
1114510 73, 5169
1116510 76, 5158
1118644 78, 5087
1120504 73, 5191
1122503 75, 5175
1124561 74, 5064
1126593 62, 5009
1128596 62, 5031
1130510 73, 5095
1132519 67, 5027
1134519 79, 5118
1136510 63, 5146
1140651 78, 5198
1142567 79, 5063
1144606 69, 5066
1148510 79, 5009
1150520 75, 5168
1154584 77, 5090
1156619 76, 5184
1158510 79, 5135
1160552 77, 5167
1164539 76, 5123
1166686 79, 5172
1168596 79, 5003
1170542 74, 5037
1172651 66, 5192
1176571 70, 5198
1178503 74, 5062
1180526 67, 5169
1184510 79, 5186
1186552 67, 5038
1188632 61, 5163
1192503 77, 5157
1196548 72, 5064
1200533 75, 5190
1202705 61, 5072
1204503 62, 5097
1206593 60, 5062
1208657 66, 5141
1210581 77, 5124
1212510 70, 5172
1214571 76, 5049
1216616 66, 5064
1218574 78, 5091
1224561 74, 5125
1226507 60, 5078
1228644 62, 5102
1230558 62, 5004
1232606 76, 5074
1234510 70, 5064
1236635 67, 5162
1238510 66, 5069
1240594 65, 5067
1242536 70, 5068
1246529 64, 5133
1248651 64, 5014
1250571 77, 5050
1252683 76, 5152
1254510 75, 5074
1258609 65, 5097
1262529 69, 5016
1266503 62, 5056
1270578 70, 5197
1272510 64, 5136
1274683 70, 5057
1278510 69, 5120
1280648 68, 5103
1282503 74, 5158
1284503 70, 5059
1286510 74, 5164
1288654 73, 5162
1290613 79, 5092
1292503 79, 5149
1294551 64, 5010
1296535 79, 5102
1298510 68, 5026
1300510 68, 5135
1302542 70, 5107
1304619 70, 5003
1306596 73, 5027
1310504 73, 5135
1312510 70, 5045
1314548 60, 5192
1316510 65, 5063
1318510 73, 5012
1322555 64, 5194
1324503 60, 5087
1326567 73, 5028
1328503 78, 5158
1330545 78, 5064
1332609 79, 5100
1336558 76, 5036
1338609 77, 5080
1340511 63, 5168
1346510 61, 5142
1348503 78, 5187
1350517 73, 5132
1352548 77, 5040
1354584 69, 5024
1356683 60, 5068
1358523 68, 5049
1360594 78, 5126
1364519 74, 5015
1366503 73, 5075
1368503 67, 5003
1372555 61, 5077
1374580 73, 5144
1376612 73, 5048
1378603 69, 5132
1380616 71, 5066
1382529 65, 5054
1384648 75, 5008
1386625 68, 5004
1388632 61, 5191
1390504 68, 5050
1394635 64, 5133
1396503 64, 5003
1398539 60, 5007
1402571 74, 5067
1404609 63, 5030
1408503 63, 5004
1410542 77, 5198
1412568 73, 5023
1414510 79, 5046
1418596 70, 5063
1420629 72, 5199
1422664 78, 5118
1424654 66, 5023
1426648 73, 5043
1428654 60, 5045
1430504 68, 5005
1432651 64, 5129
1434622 64, 5184
1436503 72, 5003
1440539 60, 5047
1442510 61, 5056
1444503 74, 5170
1448510 60, 5143
1450549 64, 5077
1452510 74, 5199
1454561 73, 5058
1456539 60, 5028
1458503 69, 5175
1460504 70, 5142
1466628 76, 5070
1468548 69, 5133
1470674 65, 5011
1472622 65, 5120
1474616 62, 5107
1476580 67, 5059
1478535 71, 5165
1480632 73, 5030
1482574 78, 5107
1490511 65, 5135
1492519 72, 5086
1494651 75, 5058
1496632 71, 5162
1498510 67, 5192
1500504 79, 5013
1502574 67, 5183
1504503 78, 5166
1506580 77, 5108
1510504 63, 5090
1512519 75, 5128
1514632 61, 5081
1518545 74, 5164
1520594 66, 5069
1522628 72, 5148
1524609 79, 5160
1526654 69, 5102
1528503 75, 5061
1532510 63, 5146
1534587 70, 5156
1536628 62, 5082
1540664 79, 5063
1542548 70, 5016
1544619 77, 5151
1546539 60, 5140
1548667 70, 5100
1550533 65, 5197
1554600 62, 5154
1556609 76, 5089
1558628 67, 5173
1560623 77, 5004
1562628 64, 5157
1564619 67, 5146
1566590 76, 5032
1568548 74, 5087
1574619 75, 5196
1576510 70, 5165
1578503 63, 5107
1584503 65, 5155
1588593 66, 5005
1590575 69, 5112
1594567 67, 5186
1596561 72, 5165
1600517 76, 5072
1602584 78, 5021
1604660 67, 5194
1606503 69, 5066
1610674 66, 5077
1612510 72, 5045
1616616 60, 5084
1624535 63, 5144
1626529 73, 5080
1632680 62, 5126
1634510 69, 5065
1636510 63, 5022
1638510 77, 5051
1640546 73, 5167
1642510 78, 5196
1644503 75, 5021
1646609 73, 5068
1650622 62, 5000
1652516 64, 5116
1656503 76, 5049
1658548 77, 5175
1660722 79, 5075
1664529 60, 5146
1666503 76, 5016
1668551 71, 5114
1670559 70, 5176
1672548 77, 5057
1674510 60, 5160
1676548 65, 5017
1678628 75, 5080
1680565 78, 5163
1682548 63, 5100
1684510 61, 5124
1686568 67, 5148
1688545 78, 5130
1690510 71, 5093
1692551 64, 5041
1694657 70, 5041
1696503 68, 5113
1698625 64, 5042
1700559 74, 5049
1704612 68, 5118
1706503 76, 5096
1708510 63, 5155
1710661 65, 5081
1714555 61, 5156
1716548 69, 5097
1718523 66, 5161
1720510 69, 5050
1722558 65, 5020
1724523 68, 5078
1726503 70, 5197
1728529 69, 5126
1730626 66, 5186
1732510 76, 5061
1734510 74, 5084
1736510 73, 5150
1740690 69, 5080
1744590 72, 5180
1750632 74, 5185
1752593 77, 5068
1756529 63, 5195
1760504 65, 5070
1762616 70, 5106
1764635 71, 5109
1766641 70, 5195
1768564 63, 5143
1774503 71, 5072
1776548 73, 5187
1778641 69, 5060
1782648 62, 5106
1786708 60, 5092
1790504 62, 5180
1792503 79, 5025
1794568 75, 5065
