110510 2088
120597 2005
130568 1946
140523 1958
150687 2080
160510 1973
190565 2041
200632 1911
220642 2075
240504 2072
250696 1958
280510 1913
290504 2036
300571 2051
310635 1946
320510 1903
350511 1904
360504 2067
370629 2014
380510 2052
390533 1966
400613 1950
410696 1927
420504 1907
430552 1975
440510 2096
450523 1907
470607 2090
480542 1967
500504 1951
510626 1964
520658 2044
530616 1901
540517 1955
550510 2073
560504 2010
580635 1992
600645 2071
630504 1927
640590 1953
650510 2082
670549 1995
680504 1918
700539 1980
730638 2032
760638 2068
800504 2059
810517 2029
820590 1923
830536 1966
850584 1908
860629 2069
880565 1947
900584 2010
910645 1999
930504 2001
940597 1950
950591 2090
960549 1957
980613 1927
990510 2084
1010555 2076
1030606 1925
1050552 1926
1060510 1913
1090504 1950
1100626 1927
1110616 1935
1120654 1926
1130533 2083
1140626 2038
1150561 2089
1170504 1924
1200616 1900
1210504 1916
1220674 2013
1230680 1965
1240610 2011
1250510 1936
1260626 2013
1270504 2044
1290629 1978
1300504 1912
1320606 2097
1330648 1975
1350613 2030
1370613 1937
1400645 2069
1410510 1975
1420658 2078
1440613 2096
1450574 1906
1460510 2087
1470584 2029
1480510 1955
1490510 2076
1500504 2050
1510603 2053
1520510 2092
1530558 1964
1540629 2000
1550607 1917
1580648 2005
1590504 2035
1600619 2086
1620545 1964
1670623 1945
1680545 2014
1690590 2095
1700536 1989
1710510 2034
1720690 2029
1740591 1997
1750610 2041
1760594 1910
1770719 2051
