82519 72, 5096
86510 67, 5016
92503 71, 5141
94539 73, 5048
98510 66, 5049
100542 61, 5169
108590 64, 5045
112513 63, 5091
118724 68, 5042
120648 66, 5110
124510 66, 5005
126539 78, 5026
132708 71, 5094
134548 75, 5133
138715 68, 5138
140539 68, 5168
144571 69, 5136
152568 69, 5008
154519 79, 5161
156510 67, 5137
158523 71, 5180
160638 72, 5103
164523 75, 5173
166523 76, 5035
168750 73, 5118
170504 65, 5016
176523 61, 5024
178593 78, 5073
180667 79, 5077
182673 68, 5020
184574 65, 5148
186523 77, 5048
188651 68, 5083
192561 77, 5063
194654 61, 5002
196561 64, 5088
198551 60, 5103
200578 61, 5062
202539 72, 5165
204558 76, 5186
208529 63, 5192
212510 74, 5024
214548 74, 5091
216596 69, 5048
218510 71, 5198
220546 72, 5049
224510 69, 5020
226603 78, 5026
228516 72, 5017
240703 60, 5059
242507 62, 5158
244571 73, 5051
248510 77, 5073
250606 70, 5025
252625 70, 5195
256687 63, 5178
258503 61, 5183
260629 77, 5061
264673 73, 5044
266548 61, 5064
272657 61, 5005
274648 79, 5070
276644 62, 5061
282519 61, 5154
284660 69, 5174
286503 78, 5000
288567 67, 5180
290632 64, 5025
292526 74, 5007
294526 74, 5038
296552 66, 5125
298539 78, 5018
300610 67, 5124
304564 74, 5034
306644 61, 5039
308590 76, 5083
310613 68, 5158
312603 73, 5198
314503 60, 5159
316510 73, 5141
320594 60, 5131
324510 68, 5124
326616 71, 5194
328564 65, 5068
330510 67, 5081
332603 72, 5011
336574 69, 5142
338641 67, 5134
340545 77, 5009
342503 69, 5012
346516 70, 5116
348564 63, 5084
352683 66, 5136
356584 69, 5198
358644 72, 5037
360561 71, 5005
362510 64, 5187
364580 60, 5155
366510 73, 5191
368542 69, 5014
370562 79, 5011
372510 60, 5012
374503 78, 5043
378503 69, 5055
380504 75, 5032
382567 74, 5111
384510 61, 5160
386587 67, 5131
390510 64, 5024
392577 72, 5029
394689 67, 5178
396654 65, 5058
402590 65, 5104
404542 67, 5026
406503 66, 5058
408667 79, 5053
410510 60, 5185
414567 69, 5097
416555 60, 5005
420597 74, 5196
422606 74, 5144
424584 60, 5104
428510 72, 5164
434526 66, 5088
442542 64, 5189
446699 69, 5026
448641 63, 5178
452555 66, 5001
454510 70, 5182
460623 60, 5166
466510 61, 5096
470555 76, 5083
472692 78, 5072
474529 67, 5093
476510 77, 5030
478596 66, 5129
484596 67, 5105
486526 77, 5002
488503 60, 5193
490510 70, 5135
492625 74, 5130
494503 68, 5164
496513 75, 5124
498503 67, 5148
500568 70, 5156
502503 63, 5044
504596 77, 5080
506593 61, 5029
508551 72, 5166
512692 69, 5027
514551 64, 5098
516510 62, 5120
520600 79, 5164
522657 75, 5154
526692 63, 5055
528603 63, 5042
530504 73, 5130
532596 68, 5160
536644 65, 5056
538593 77, 5108
540616 64, 5179
542548 76, 5067
544619 62, 5044
546648 61, 5112
548561 66, 5105
552638 63, 5101
554510 77, 5092
556503 65, 5015
560562 66, 5068
562616 69, 5185
564628 66, 5066
566600 60, 5025
570504 62, 5014
572510 63, 5161
574664 71, 5052
576622 78, 5005
578571 71, 5004
584593 75, 5071
586503 65, 5136
588548 69, 5184
590510 78, 5054
592503 65, 5197
596510 62, 5171
598555 67, 5038
600504 62, 5075
602526 63, 5088
604603 74, 5144
606503 68, 5162
612590 66, 5078
614526 77, 5037
622539 73, 5039
624510 79, 5026
626503 74, 5199
628673 62, 5063
630623 61, 5137
632657 62, 5048
638632 64, 5125
640504 79, 5002
642503 78, 5047
644606 76, 5052
646503 71, 5067
648558 68, 5041
650690 62, 5094
652673 67, 5008
654561 69, 5106
656503 67, 5183
658503 62, 5184
660594 72, 5175
662638 61, 5144
664510 60, 5016
666612 63, 5070
668548 64, 5085
670504 68, 5042
672574 70, 5069
674529 70, 5042
676510 77, 5178
680510 61, 5067
682529 60, 5056
684567 68, 5056
686529 72, 5194
688632 61, 5038
690693 76, 5135
692600 74, 5102
694609 66, 5075
702561 61, 5168
706622 69, 5092
708600 62, 5029
710526 76, 5104
712503 61, 5168
716664 70, 5024
718510 69, 5015
720587 61, 5104
722510 77, 5039
724503 72, 5113
726503 66, 5125
730552 68, 5084
732644 70, 5186
736577 77, 5131
738603 61, 5058
740504 68, 5080
742596 69, 5011
746638 79, 5043
748503 60, 5096
750504 71, 5114
752526 78, 5070
754510 63, 5069
756523 73, 5013
758503 77, 5100
760709 69, 5112
762667 75, 5038
764529 61, 5116
766529 64, 5003
772692 74, 5130
774510 66, 5076
778593 66, 5028
782539 70, 5012
786587 61, 5066
788545 61, 5032
792676 75, 5133
794529 64, 5031
796548 68, 5138
798561 67, 5018
802510 76, 5050
804590 66, 5161
806503 60, 5073
808503 72, 5084
812510 61, 5147
814529 79, 5119
820648 65, 5009
824542 65, 5119
828542 77, 5050
830594 62, 5058
834542 70, 5128
836584 71, 5052
838503 65, 5004
840677 75, 5155
846545 64, 5108
848529 64, 5023
850600 68, 5026
852555 70, 5113
854503 72, 5120
858603 77, 5053
864587 63, 5057
870613 74, 5058
872529 64, 5046
876670 61, 5038
878503 77, 5119
880571 72, 5011
884555 71, 5042
886510 67, 5124
888580 70, 5084
890511 66, 5155
892548 72, 5126
896574 67, 5152
898648 69, 5158
900542 74, 5191
904644 70, 5099
906507 73, 5177
908689 63, 5033
910645 77, 5148
914567 62, 5031
918532 65, 5140
920575 64, 5083
922600 70, 5025
924510 72, 5127
926731 71, 5112
928510 79, 5093
930575 71, 5041
932529 63, 5184
934580 63, 5082
936507 69, 5053
938622 61, 5104
940619 61, 5003
942523 63, 5010
944510 64, 5042
946622 79, 5176
948571 72, 5186
954510 64, 5196
956702 77, 5163
958619 64, 5112
962548 76, 5191
968510 79, 5082
970642 73, 5069
974503 75, 5157
976667 73, 5074
980533 74, 5106
982622 69, 5022
984526 68, 5051
988523 78, 5090
990504 72, 5043
992692 70, 5013
994510 67, 5135
998510 64, 5054
1000616 78, 5184
1002600 65, 5115
1004503 63, 5060
1006561 74, 5111
1008644 74, 5057
1010504 70, 5144
1012606 63, 5180
1016606 61, 5018
1018503 74, 5146
1020571 61, 5073
1022616 78, 5174
1024680 77, 5198
1028616 76, 5123
1030635 64, 5098
1032619 64, 5024
1034516 73, 5129
1036667 71, 5184
1038574 74, 5062
1042596 72, 5149
1046628 66, 5182
1048503 60, 5078
1052510 71, 5033
1056548 74, 5134
1060510 71, 5137
1062507 60, 5105
1064628 67, 5130
1066503 77, 5177
1072548 68, 5168
1076619 75, 5136
1078548 65, 5045
1080504 63, 5014
1082545 74, 5121
1084503 62, 5060
1086510 69, 5055
1088510 61, 5124
1092712 67, 5104
1096577 61, 5077
1098638 64, 5102
1102587 68, 5154
1104558 62, 5100
1106680 73, 5108
1110504 78, 5001
1112641 78, 5052
1114503 73, 5043
1116571 61, 5026
1118664 76, 5056
1122548 73, 5050
1124510 64, 5187
1126510 64, 5017
1128641 63, 5178
1130510 60, 5144
1132503 72, 5189
1134590 60, 5183
1136510 78, 5143
1138625 78, 5010
1146609 68, 5064
1148564 62, 5102
1150600 60, 5078
1152510 76, 5141
1154699 70, 5124
1156619 61, 5132
1158542 61, 5026
1160504 61, 5114
1162644 72, 5057
1166584 66, 5104
1168523 66, 5050
1170510 64, 5189
1172564 61, 5120
1174548 73, 5048
1178609 71, 5058
1180603 74, 5160
1182503 64, 5070
1186519 62, 5142
1190549 60, 5044
1194510 77, 5054
1200526 72, 5156
1202567 77, 5017
1204648 79, 5072
1206510 79, 5011
1208529 67, 5112
1210504 64, 5181
1214545 68, 5194
1216603 79, 5074
1218564 62, 5188
1220533 78, 5158
1222635 62, 5130
1224561 79, 5041
1226519 67, 5068
1230597 67, 5143
1232702 73, 5084
1234651 79, 5048
1236692 65, 5113
1240594 67, 5190
1242641 60, 5016
1246603 76, 5062
1250504 70, 5066
1252600 75, 5009
1254503 70, 5106
1258529 76, 5112
1260610 60, 5005
1264638 70, 5108
1266548 78, 5131
1270590 64, 5007
1272548 70, 5063
1274503 75, 5164
1276699 63, 5194
1278670 70, 5131
1282654 78, 5143
1284510 77, 5113
1286641 73, 5062
1288503 65, 5135
1290510 67, 5122
1292670 72, 5179
1296529 72, 5162
1298593 77, 5113
1300571 64, 5097
1304503 74, 5122
1306564 63, 5199
1310626 74, 5078
1312670 76, 5000
1314510 73, 5127
1316603 75, 5173
1318657 79, 5149
1320510 74, 5037
1328529 70, 5095
1330594 74, 5040
1332503 74, 5056
1334603 63, 5059
1336564 76, 5029
1338510 63, 5012
1342625 76, 5154
1344503 74, 5016
1346702 65, 5130
1350600 75, 5137
1352526 77, 5193
1354596 74, 5022
1356529 78, 5118
1360510 72, 5158
1362616 61, 5170
1364596 76, 5141
1366584 60, 5000
1368619 78, 5148
1370504 71, 5185
1372510 68, 5077
1374603 79, 5052
1376628 78, 5157
1380504 79, 5171
1382664 79, 5074
1384648 66, 5054
1386510 60, 5186
1388545 79, 5146
1392529 71, 5109
1394664 78, 5175
1396503 77, 5146
1398510 65, 5085
1400504 64, 5004
1402632 68, 5072
1404529 68, 5039
1406593 71, 5092
1408510 68, 5147
1410510 72, 5047
1412568 74, 5184
1414644 75, 5038
1418510 62, 5137
1420603 61, 5144
1422510 61, 5034
1424510 66, 5139
1426510 72, 5054
1430555 67, 5026
1432529 61, 5000
1434510 61, 5002
1436596 69, 5018
1438523 62, 5102
1440565 72, 5044
1444510 61, 5074
1446718 76, 5019
1450510 77, 5164
1452632 71, 5118
1454503 64, 5141
1456571 62, 5133
1460603 60, 5070
1462587 71, 5003
1464676 79, 5164
1466510 64, 5130
1472612 70, 5082
1474542 71, 5174
1478510 72, 5159
1482503 71, 5021
1484590 66, 5030
1488708 77, 5106
1490555 60, 5196
1492519 65, 5133
1494673 62, 5159
1496510 70, 5111
1498503 79, 5144
1500510 74, 5152
1502510 71, 5086
1506667 65, 5142
1510603 66, 5149
1512519 68, 5084
1516568 75, 5090
1518558 77, 5002
1520546 76, 5007
1522503 61, 5042
1524635 77, 5032
1526529 65, 5198
1530558 71, 5000
1534606 73, 5062
1536616 73, 5155
1538503 73, 5086
1542510 63, 5080
1544638 76, 5026
1546596 68, 5159
1548651 63, 5022
1552590 60, 5146
1560510 63, 5147
1562510 61, 5043
1564596 72, 5124
1566503 69, 5105
1570510 66, 5065
1572513 72, 5028
1574529 73, 5054
1576523 72, 5053
1584545 61, 5105
1586510 61, 5067
1588699 73, 5002
1590510 61, 5123
1592510 77, 5129
1594568 77, 5114
1596635 69, 5072
1598644 79, 5069
1600571 60, 5067
1602529 71, 5055
1606628 68, 5179
1608548 77, 5056
1610504 78, 5198
1614503 78, 5082
1616632 74, 5143
1618731 72, 5095
1622670 71, 5110
1626510 65, 5152
1628548 71, 5055
1632545 63, 5078
1634503 70, 5170
1638632 63, 5066
1642548 72, 5125
1644660 79, 5084
1646696 70, 5017
1648561 64, 5056
1650606 69, 5020
1654635 75, 5193
1658529 60, 5024
1660587 79, 5109
1662503 68, 5012
1664503 62, 5188
1666510 78, 5149
1668503 75, 5170
1670504 64, 5173
1672612 77, 5049
1676503 63, 5102
1678503 71, 5072
1680741 78, 5167
1682510 61, 5012
1684660 72, 5023
1686567 73, 5031
1688596 73, 5033
1690610 71, 5091
1692503 61, 5030
1696503 68, 5042
1698670 74, 5178
1700504 72, 5110
1702510 73, 5183
1706692 74, 5098
1708503 71, 5124
1710542 63, 5199
1712660 77, 5012
1714510 72, 5094
1716699 71, 5043
1718699 61, 5127
1720545 74, 5197
1722535 75, 5152
1724660 71, 5177
1726510 63, 5185
1730591 79, 5001
1732503 76, 5022
1734503 64, 5102
1736632 79, 5002
1738567 79, 5146
1742590 62, 5065
1744558 78, 5031
1746503 67, 5076
1748503 61, 5154
1750626 73, 5147
1758734 64, 5024
1762503 61, 5092
1764503 75, 5023
1766535 64, 5055
1770712 62, 5060
1772548 61, 5147
1774606 65, 5033
1776510 66, 5088
1778612 65, 5061
1784510 69, 5083
1786718 72, 5057
1788632 71, 5019
1790533 61, 5027
1792529 72, 5114
1798510 71, 5089
