85947 74, 5059
93534 64, 5139
95225 69, 5116
97486 65, 5198
99625 78, 5043
103114 76, 5168
107326 65, 5064
109076 76, 5098
111309 62, 5087
112927 67, 5159
117448 69, 5130
119265 78, 5161
121307 64, 5092
123435 65, 5025
127179 79, 5172
129298 72, 5193
131277 77, 5195
133332 66, 5138
137193 75, 5107
139266 75, 5135
141254 70, 5131
143478 69, 5192
145730 67, 5107
147288 69, 5019
149416 64, 5015
151348 75, 5145
155380 65, 5168
157409 63, 5035
158956 74, 5100
161250 72, 5082
163728 71, 5032
165462 62, 5048
167165 68, 5119
169103 74, 5189
175080 76, 5189
177369 79, 5174
178943 73, 5063
183365 72, 5018
186990 65, 5153
189158 61, 5014
191155 64, 5064
193059 63, 5122
195362 71, 5116
197318 73, 5056
203049 73, 5074
205819 73, 5189
207314 65, 5194
211512 76, 5014
215393 64, 5130
217176 63, 5047
219034 70, 5151
221382 63, 5175
223087 79, 5163
225473 75, 5145
227381 61, 5037
229361 62, 5119
231221 77, 5086
233071 73, 5090
239118 79, 5121
241405 74, 5058
243082 65, 5023
247269 62, 5191
251077 62, 5015
253371 73, 5123
255676 75, 5017
257037 76, 5126
259043 77, 5139
261216 63, 5194
263367 68, 5144
267099 65, 5140
269363 67, 5004
272984 64, 5015
275201 74, 5133
279031 64, 5028
281322 66, 5176
282805 67, 5119
287174 69, 5186
289222 79, 5083
291098 70, 5015
292755 60, 5177
295282 76, 5037
297040 70, 5068
299144 60, 5164
301209 73, 5058
303045 61, 5193
307327 68, 5100
309073 76, 5036
311354 70, 5073
315331 60, 5138
317207 65, 5010
319392 73, 5077
321259 77, 5099
323254 61, 5099
325213 69, 5052
327218 76, 5170
329185 79, 5160
330862 61, 5122
335286 70, 5196
337321 69, 5128
339377 79, 5198
341004 71, 5022
343073 65, 5041
347192 66, 5188
355176 68, 5132
357149 63, 5020
359287 67, 5061
361202 73, 5125
363147 65, 5155
365142 76, 5047
367227 69, 5100
369574 64, 5030
371228 61, 5185
373084 72, 5019
375008 74, 5049
381154 74, 5137
383077 62, 5083
385100 79, 5158
389028 67, 5035
391322 76, 5064
393115 60, 5136
395128 70, 5076
397307 70, 5172
403120 78, 5041
405020 71, 5010
407216 66, 5190
409414 67, 5075
411657 69, 5146
413065 77, 5036
415276 78, 5012
417377 76, 5191
419220 70, 5154
421116 63, 5028
422912 68, 5006
427048 63, 5077
429024 79, 5014
433079 64, 5005
435080 67, 5125
437195 78, 5076
439197 76, 5067
441315 68, 5149
443126 64, 5146
445698 66, 5167
451201 73, 5181
453167 72, 5149
455064 66, 5014
456996 78, 5058
459135 72, 5099
461239 60, 5166
462999 69, 5161
465052 76, 5105
467140 63, 5005
469146 66, 5178
471312 62, 5124
473257 71, 5098
477024 63, 5029
479128 62, 5196
481377 73, 5163
483126 66, 5015
485147 75, 5161
493239 63, 5010
495351 67, 5143
497100 60, 5130
501321 79, 5007
503132 74, 5084
505011 67, 5176
507197 77, 5019
509339 68, 5195
511035 65, 5065
513193 75, 5043
515116 63, 5117
517050 62, 5103
525083 70, 5106
527087 70, 5025
529312 73, 5100
531342 77, 5029
533141 67, 5086
535087 64, 5183
537089 78, 5143
539003 62, 5064
541241 76, 5060
545066 62, 5065
547093 72, 5011
549379 62, 5142
551220 63, 5191
553150 73, 5106
559315 76, 5026
561058 62, 5199
565231 66, 5126
567112 67, 5073
569240 78, 5128
575188 64, 5053
577136 71, 5005
583132 63, 5001
585162 70, 5118
589159 67, 5132
591187 76, 5105
595105 67, 5162
597157 69, 5199
599273 79, 5032
601113 60, 5119
603077 69, 5036
605194 64, 5197
607120 65, 5008
608849 68, 5106
613130 75, 5004
615286 73, 5163
617032 70, 5059
619186 73, 5148
623444 61, 5007
625017 73, 5174
626791 61, 5057
629172 62, 5152
631276 75, 5171
633128 72, 5096
637013 74, 5167
639215 76, 5174
641217 79, 5080
643274 73, 5178
645167 79, 5026
647292 73, 5161
649192 76, 5127
651104 68, 5124
653209 60, 5167
655118 64, 5070
656809 63, 5173
659192 66, 5194
661136 73, 5116
663150 60, 5180
665148 70, 5124
667143 78, 5024
669105 73, 5098
671082 60, 5185
673191 63, 5019
674918 79, 5076
677254 61, 5103
681056 79, 5123
683085 74, 5180
684942 75, 5185
687131 74, 5010
688942 72, 5023
693266 70, 5061
696978 76, 5075
701248 61, 5188
703276 74, 5138
705086 60, 5132
709280 66, 5104
713217 73, 5025
715001 69, 5175
716928 76, 5135
719296 79, 5190
721145 75, 5013
723130 68, 5192
724983 77, 5154
727126 70, 5174
729014 62, 5041
731175 62, 5087
733146 65, 5022
735151 75, 5157
737095 65, 5184
739115 75, 5094
741280 72, 5139
743111 61, 5114
745184 76, 5130
747172 64, 5008
748944 72, 5072
751119 62, 5156
755118 63, 5142
757098 67, 5058
758839 70, 5130
761094 63, 5128
763231 66, 5170
765085 63, 5169
767174 74, 5084
771032 75, 5043
773054 73, 5010
777037 61, 5065
779003 68, 5139
781168 74, 5130
783085 61, 5145
785014 68, 5175
787269 65, 5125
789045 68, 5005
791195 78, 5010
793326 73, 5158
795061 76, 5086
797202 77, 5028
799147 63, 5176
801002 63, 5157
805152 73, 5153
807240 66, 5015
809249 74, 5029
811210 76, 5157
813089 63, 5074
815147 79, 5096
818954 73, 5163
821098 79, 5165
823341 78, 5054
827070 65, 5013
829038 68, 5141
831071 64, 5101
833045 69, 5133
835135 63, 5194
837508 67, 5120
839175 60, 5001
841135 66, 5020
843199 77, 5012
845073 67, 5186
849220 62, 5060
853345 74, 5178
855195 68, 5092
857124 74, 5160
859066 71, 5029
861238 61, 5056
863052 61, 5098
865152 63, 5106
867153 66, 5041
869079 64, 5087
871089 69, 5199
875105 68, 5140
877185 64, 5108
879059 66, 5153
881143 78, 5141
883081 63, 5051
885136 72, 5055
889111 78, 5139
891156 79, 5075
895238 71, 5067
897196 67, 5122
901192 61, 5152
903169 68, 5111
904924 73, 5008
907183 68, 5163
909000 70, 5031
915118 78, 5141
917077 66, 5186
918995 77, 5076
921141 60, 5134
922997 62, 5036
925016 60, 5035
926928 70, 5117
929122 63, 5086
931271 64, 5037
937099 63, 5061
939056 62, 5033
941095 63, 5116
942983 72, 5150
945187 79, 5012
947038 61, 5174
949030 68, 5079
953036 69, 5076
955099 65, 5052
957343 61, 5124
959033 67, 5040
961147 64, 5120
962981 62, 5052
965060 77, 5035
966954 74, 5090
968972 63, 5129
973081 64, 5116
975128 61, 5139
977067 77, 5130
979081 65, 5036
983160 64, 5037
985117 79, 5025
987146 63, 5047
989058 61, 5063
991257 69, 5045
995082 62, 5028
997338 66, 5003
1001090 75, 5181
1003044 66, 5052
1005287 79, 5087
1007336 72, 5141
1009090 75, 5003
1011042 74, 5093
1013105 71, 5134
1014974 78, 5121
1017287 68, 5121
1018999 71, 5135
1021106 64, 5191
1023083 75, 5173
1025160 74, 5000
1027189 75, 5188
1029094 73, 5128
1031206 61, 5060
1037174 69, 5054
1039285 67, 5052
1041173 60, 5160
1043161 76, 5011
1045127 78, 5175
1047136 71, 5145
1051076 66, 5101
1052959 76, 5067
1055029 65, 5013
1057069 78, 5077
1059025 66, 5129
1061209 78, 5119
1063247 69, 5073
1071138 62, 5026
1072858 63, 5127
1075169 66, 5012
1077074 62, 5194
1079069 76, 5138
1081035 63, 5069
1082972 79, 5128
1085148 72, 5139
1087283 60, 5172
1089142 61, 5063
1091124 64, 5184
1093118 70, 5114
1094988 74, 5017
1097187 77, 5172
1099150 70, 5187
1100993 73, 5145
1103239 66, 5031
1105036 64, 5195
1106994 76, 5127
1109191 76, 5138
1111032 62, 5159
1113170 69, 5189
1115077 74, 5109
1117358 73, 5193
1121176 79, 5069
1123007 70, 5145
1125160 69, 5173
1126962 71, 5151
1129095 78, 5025
1131079 76, 5088
1135089 72, 5151
1137106 61, 5137
1139139 77, 5002
1141180 63, 5027
1145124 77, 5066
1147037 64, 5055
1149029 77, 5030
1151110 67, 5167
1155052 77, 5074
1159110 72, 5002
1161091 74, 5166
1163165 67, 5036
1165358 72, 5011
1167074 75, 5038
1169142 64, 5104
1171144 69, 5195
1176911 66, 5135
1179087 70, 5037
1181188 73, 5186
1185232 61, 5193
1187154 62, 5197
1189084 74, 5053
1191242 66, 5164
1192960 62, 5180
1197109 77, 5135
1203128 68, 5088
1205241 64, 5192
1209100 63, 5035
1213126 61, 5123
1215288 78, 5072
1218950 76, 5020
1221236 64, 5038
1223165 63, 5138
1225052 78, 5069
1227088 63, 5019
1231038 66, 5034
1233165 63, 5179
1235061 70, 5037
1237092 77, 5101
1238979 71, 5129
1241045 69, 5190
1243137 72, 5118
1247098 61, 5056
1249064 71, 5086
1251082 68, 5025
1253053 66, 5152
1255246 67, 5098
1257074 75, 5152
1259088 69, 5016
1261222 71, 5063
1263093 78, 5056
1265093 69, 5048
1267158 63, 5099
1269043 61, 5194
1273098 61, 5149
1275087 77, 5054
1279160 74, 5047
1283084 71, 5136
1285191 79, 5060
1287036 67, 5175
1289254 65, 5110
1291059 71, 5136
1293141 61, 5027
1295188 70, 5057
1297165 74, 5127
1299227 72, 5073
1301089 77, 5129
1302994 73, 5126
1304898 72, 5112
1307229 77, 5166
1309109 67, 5140
1311240 76, 5100
1313045 65, 5116
1314975 75, 5048
1319149 66, 5052
1321200 71, 5162
1324971 78, 5137
1327210 70, 5056
1328966 62, 5045
1331225 72, 5187
1333152 68, 5102
1335086 61, 5059
1337096 77, 5051
1339092 73, 5094
1343219 68, 5171
1345254 79, 5120
1347125 65, 5179
1348918 76, 5116
1351140 68, 5047
1353145 77, 5179
1355142 61, 5193
1357170 65, 5178
1361114 67, 5109
1363050 77, 5126
1365075 72, 5117
1367141 78, 5084
1371084 73, 5095
1373122 62, 5078
1375282 73, 5128
1377102 72, 5181
1378977 78, 5096
1381191 75, 5036
1382933 63, 5090
1385079 66, 5154
1389263 78, 5149
1391155 60, 5007
1393050 62, 5185
1395230 61, 5158
1397167 66, 5088
1399118 76, 5063
1401183 61, 5170
1403184 69, 5041
1405026 64, 5099
1407210 74, 5071
1409205 71, 5194
1410879 78, 5113
1415010 63, 5184
1417036 63, 5000
1419005 65, 5022
1420981 72, 5127
1423105 68, 5012
1425101 78, 5084
1427102 67, 5180
1429272 71, 5082
1431040 65, 5097
1433124 78, 5142
1435213 68, 5155
1437025 75, 5176
1439053 71, 5032
1440955 73, 5022
1447175 61, 5058
1449063 63, 5030
1451131 66, 5078
1453163 66, 5069
1457040 79, 5103
1459083 62, 5150
1463205 75, 5106
1465169 72, 5095
1471169 68, 5006
1473193 62, 5111
1474972 76, 5184
1476751 64, 5127
1479103 74, 5158
1481280 70, 5027
1483191 71, 5191
1487093 69, 5086
1488996 61, 5145
1491035 77, 5056
1493169 71, 5003
1495141 73, 5138
1497154 65, 5029
1501155 73, 5140
1503038 70, 5123
1507096 64, 5049
1509052 70, 5090
1511216 75, 5178
1512768 76, 5021
1515057 66, 5032
1518935 79, 5143
1523048 75, 5026
1524950 69, 5079
1527056 70, 5114
1529004 70, 5178
1531067 75, 5197
1537116 66, 5189
1539018 71, 5116
1541163 66, 5061
1543090 69, 5074
1545210 62, 5050
1546912 64, 5191
1553109 72, 5166
1555155 69, 5076
1557191 63, 5171
1559090 74, 5019
1561128 78, 5018
1563125 65, 5088
1571035 79, 5048
1573120 67, 5081
1577154 67, 5127
1579297 66, 5004
1581061 63, 5009
1583150 76, 5184
1585103 60, 5091
1587072 61, 5091
1589122 68, 5054
1593019 66, 5085
1595123 77, 5114
1596949 78, 5151
1599358 73, 5101
1601108 63, 5198
1603041 60, 5108
1605060 75, 5135
1607223 72, 5040
1611162 75, 5112
1613102 77, 5148
1615107 69, 5101
1617146 79, 5014
1619050 63, 5194
1621224 70, 5045
1625044 75, 5189
1627064 68, 5068
1629053 64, 5086
1630956 79, 5073
1633210 73, 5043
1634960 69, 5106
1637280 60, 5092
1638865 78, 5164
1641231 68, 5138
1643112 60, 5197
1645131 63, 5027
1647071 79, 5153
1651348 74, 5156
1652956 70, 5170
1655170 61, 5070
1657194 78, 5180
1659022 61, 5099
1661179 72, 5073
1663061 74, 5046
1665212 71, 5161
1667197 70, 5156
1669089 73, 5063
1671083 77, 5069
1673074 75, 5084
1675150 78, 5011
1679138 71, 5115
1683368 78, 5192
1685155 76, 5176
1687120 65, 5159
1695089 79, 5059
1696966 69, 5175
1703083 69, 5152
1705250 76, 5122
1707018 66, 5098
1711107 73, 5047
1712886 70, 5083
1717168 77, 5154
1719035 64, 5112
1721210 79, 5113
1723134 78, 5051
1725062 70, 5035
1729004 66, 5073
1731374 73, 5132
1733171 74, 5125
1735171 61, 5194
1737147 72, 5079
1738968 66, 5160
1745070 70, 5128
1747079 79, 5159
1748938 60, 5039
1751078 68, 5035
1755036 60, 5169
1757034 75, 5095
1759165 65, 5098
1763381 64, 5104
1765202 63, 5137
1769128 64, 5140
1771349 63, 5175
1773122 76, 5086
1775108 79, 5135
1777089 66, 5046
1781077 74, 5109
1782833 72, 5089
1784982 75, 5018
1789009 72, 5032
1791256 63, 5039
1793066 66, 5085
1797122 67, 5006
1799203 66, 5018
