90565 1923
100533 2075
110510 2061
120648 2071
130529 2017
140642 2072
150597 2082
170510 2000
180719 2066
200552 1960
210513 1935
220683 2087
230651 1909
250510 1915
260687 1977
270517 1950
290510 2097
300510 1923
320725 1960
330542 2029
340568 2085
350504 2075
360504 1940
370629 2044
390616 2066
400645 1940
410510 1988
420539 1938
430574 1912
440504 1953
450536 1951
460629 2030
470607 2082
480542 1993
490661 1930
500607 1909
510545 1949
530526 2099
540674 2072
550510 1981
560555 2055
570504 2018
580504 2017
590504 1916
600606 1962
630571 2024
640597 1973
650594 2046
660658 2008
670687 2080
690728 2024
710510 1908
730661 2074
750504 2027
760616 1939
770533 1987
780597 1915
790664 1997
800706 2050
820616 2047
830552 2062
840600 2076
860741 1908
870510 2003
880651 2055
900623 2097
930587 2022
950510 2082
960613 1983
970539 2048
980504 2086
990504 2039
1000558 1942
1010510 2069
1020594 2074
1030606 1928
1040562 1975
1050558 2073
1060510 2055
1070677 1931
1080571 2094
1090562 2099
1100588 1900
1120558 1900
1140610 1905
1150520 2033
1190571 1981
1200526 2049
1210654 1998
1220511 1996
1230510 2001
1240504 1950
1250504 2012
1260526 2042
1270510 2084
1280610 1977
1290504 1919
1310504 1977
1320590 1966
1340616 1951
1350558 2013
1360504 2084
1370504 2037
1380674 2016
1390603 1975
1400610 1983
1410677 2003
1430510 1949
1450510 2028
1470635 2088
1480504 2094
1490555 1929
1510545 2047
1520520 2042
1530680 2037
1540590 2039
1560555 1997
1570642 1965
1580510 2045
1590651 1935
1610571 1917
1620504 1949
1630597 1943
1640587 1967
1650510 2076
1680510 1913
1690622 1927
1730584 2011
1750504 1959
1760703 2023
1770648 2068
1780680 1907
1790652 1988
