110510 4459
140642 4384
170510 4314
200552 4476
230651 4403
260687 4314
290510 4301
320725 4416
350504 4380
410510 4490
440504 4435
470607 4459
500607 4463
530526 4344
560555 4403
590504 4388
650594 4405
710510 4384
770533 4478
800706 4404
830552 4488
860741 4465
950510 4474
980504 4306
1010510 4362
1040562 4424
1070677 4431
1100588 4382
1190571 4406
1220511 4418
1250504 4400
1280610 4416
1310504 4486
1340616 4325
1370504 4482
1400610 4432
1430510 4314
1490555 4347
1520520 4332
1580510 4494
1610571 4309
1640587 4419
1730584 4422
1760703 4436
1790652 4413
