85513 3854
90536 3762
95561 3741
115526 3865
120629 3815
125503 3748
130642 3858
135686 3704
140658 3879
145532 3711
150510 3824
155539 3700
160632 3811
165516 3740
170533 3729
175516 3705
180504 3752
185503 3780
190587 3730
195590 3837
200520 3876
205664 3737
210539 3771
215603 3858
220504 3829
225542 3820
230645 3826
240712 3879
245705 3743
250523 3716
260533 3867
265664 3709
270594 3850
275647 3863
280510 3806
285503 3770
290510 3731
295558 3790
300590 3838
305766 3834
315676 3767
325577 3704
330542 3716
335612 3715
340504 3834
345647 3823
350623 3839
355631 3741
365644 3833
370696 3812
375564 3840
390504 3869
400584 3875
405657 3710
410555 3780
420504 3825
425503 3872
430613 3706
440594 3778
445603 3859
450651 3773
455503 3795
465532 3749
470642 3789
475526 3878
485596 3818
495609 3802
500549 3876
505532 3774
525609 3772
530533 3805
535503 3710
540539 3899
545551 3712
550510 3779
560636 3863
565615 3880
570603 3766
575548 3764
580597 3753
590510 3753
595548 3744
605568 3782
610526 3851
620510 3773
625568 3778
630510 3880
635574 3861
645606 3749
650661 3784
655587 3774
660610 3851
665638 3884
670549 3821
675584 3847
680504 3784
690529 3883
700558 3864
705657 3836
710655 3731
715641 3845
720555 3709
725558 3783
730667 3881
735660 3732
745609 3834
750664 3718
755612 3815
760581 3742
775548 3794
785564 3830
790504 3885
795510 3865
800626 3732
805603 3790
820571 3794
830664 3734
835699 3757
840613 3756
845667 3778
850677 3760
855590 3774
860635 3836
870510 3796
875657 3818
880504 3862
885564 3732
895680 3822
900504 3808
905616 3826
915503 3763
920504 3700
925510 3835
935583 3785
945583 3843
950600 3832
955551 3851
965622 3800
975686 3853
980510 3867
985532 3727
990571 3737
995516 3871
1000517 3898
1005564 3813
1015510 3716
1020510 3803
1030565 3875
1035721 3732
1045510 3817
1050510 3773
1055539 3701
1060504 3830
1065625 3888
1070568 3741
1080597 3814
1085545 3711
1090510 3853
1095603 3853
1100610 3743
1105683 3891
1120706 3714
1125648 3810
1130696 3773
1135510 3759
1140645 3772
1145535 3786
1150731 3862
1155603 3740
1160600 3743
1165510 3805
1170536 3844
1175510 3711
1180661 3830
1185532 3874
1190549 3790
1195535 3852
1205555 3879
1210600 3744
1220664 3742
1225551 3837
1230558 3784
1235670 3789
1240510 3863
1245510 3857
1250510 3778
1260526 3892
1275609 3754
1280510 3747
1285510 3728
1290629 3726
1295510 3806
1300561 3733
1310632 3770
1315510 3866
1320574 3789
1335503 3892
1340510 3838
1345583 3869
1355522 3773
1375510 3800
1380616 3752
1385529 3705
1390664 3887
1395503 3870
1400510 3771
1405571 3850
1410613 3788
1415603 3778
1420517 3733
1430652 3869
1435619 3887
1450510 3843
1460629 3845
1465551 3734
1475510 3857
1480683 3870
1485510 3890
1490504 3847
1495612 3734
1500591 3730
1510545 3759
1515567 3818
1520667 3752
1535510 3847
1540658 3834
1545510 3838
1550504 3833
1560565 3767
1565510 3778
1570552 3804
1575561 3893
1590504 3703
1595510 3862
1605510 3898
1610571 3892
1615510 3809
1625600 3823
1630581 3727
1640526 3762
1665510 3807
1670504 3795
1675551 3749
1680587 3790
1685625 3765
1695510 3828
1700510 3852
1705567 3893
1715503 3874
1725532 3825
1730523 3898
1735631 3804
1745571 3780
1750655 3703
1755503 3760
1760642 3730
1770510 3731
1775532 3894
1780690 3760
1785561 3749
1790549 3757
1795558 3844
