83123 67, 5000
85334 79, 5047
87565 75, 5133
91202 73, 5129
98693 71, 5171
100824 68, 5190
102979 77, 5197
104704 73, 5056
107037 68, 5121
111128 70, 5126
112614 72, 5154
115468 78, 5050
117327 75, 5008
120665 61, 5199
125088 61, 5177
129058 63, 5101
130924 61, 5148
133004 72, 5165
134863 68, 5028
138979 67, 5181
147174 72, 5110
151256 61, 5074
153163 62, 5037
154823 75, 5145
157356 74, 5023
158623 79, 5019
164909 74, 5050
168987 79, 5142
171098 68, 5081
172668 63, 5011
177115 73, 5042
178763 77, 5142
180869 64, 5124
183063 61, 5170
185053 72, 5101
186860 78, 5044
190691 70, 5050
194914 74, 5177
197290 67, 5016
199175 64, 5169
201101 67, 5000
203107 72, 5195
205195 69, 5166
209472 72, 5007
212548 66, 5061
215035 60, 5199
217019 63, 5175
218936 73, 5180
222995 74, 5188
227356 64, 5040
229241 68, 5125
230795 75, 5142
234917 77, 5083
237155 67, 5049
241023 62, 5015
243065 77, 5074
245003 75, 5126
247041 79, 5056
248936 71, 5021
250816 70, 5132
252934 73, 5088
257115 67, 5024
258743 65, 5074
261169 61, 5184
262950 65, 5073
264992 67, 5102
266950 66, 5175
269264 79, 5136
270784 77, 5144
272693 67, 5159
276879 62, 5153
279099 68, 5075
281210 74, 5069
282952 60, 5096
284884 69, 5079
287132 64, 5128
288739 66, 5199
290852 65, 5080
294615 64, 5047
299030 71, 5097
302834 72, 5052
304842 76, 5060
311327 73, 5148
313148 74, 5195
315281 69, 5056
316929 66, 5147
318775 67, 5138
321168 71, 5051
323187 75, 5164
324929 68, 5135
327031 72, 5149
328966 75, 5012
331004 78, 5197
333139 79, 5101
337024 72, 5093
340822 75, 5179
342804 67, 5062
344613 77, 5014
349184 65, 5102
350765 74, 5114
353109 74, 5065
354860 68, 5109
359152 74, 5164
360668 74, 5179
363102 62, 5100
365079 77, 5101
366759 68, 5134
369016 62, 5118
370748 66, 5052
374832 74, 5141
377331 76, 5181
382786 66, 5002
384758 61, 5053
387222 68, 5078
392783 73, 5124
395067 70, 5036
396996 71, 5159
401323 73, 5119
402904 79, 5195
404673 71, 5178
406768 65, 5134
409326 62, 5129
410555 70, 5132
412792 70, 5019
414658 67, 5005
416978 72, 5117
420717 64, 5051
422779 70, 5044
426714 73, 5059
428829 64, 5103
430708 67, 5197
432922 72, 5079
434823 77, 5039
438979 70, 5124
441149 79, 5171
454566 61, 5120
461089 66, 5004
462932 77, 5013
464729 64, 5176
468828 78, 5017
470878 72, 5063
473218 73, 5191
474966 70, 5032
476902 62, 5156
479026 76, 5108
480888 79, 5179
482798 66, 5102
484999 77, 5094
488907 76, 5023
490990 74, 5001
492683 70, 5167
495199 79, 5027
497045 64, 5133
498877 70, 5048
500920 76, 5143
502933 74, 5024
506862 73, 5154
508861 71, 5074
512874 62, 5014
515084 60, 5100
516702 65, 5065
519090 64, 5074
520880 63, 5075
522931 76, 5176
524998 69, 5049
526888 66, 5048
532992 74, 5135
538882 75, 5076
542962 63, 5114
544923 63, 5001
546935 60, 5075
549233 65, 5199
550923 68, 5194
553070 68, 5067
555188 74, 5090
557024 74, 5056
558786 75, 5007
566957 77, 5027
568569 69, 5063
570782 74, 5037
573266 68, 5184
581161 69, 5144
584720 77, 5065
587082 77, 5104
591032 73, 5053
593081 62, 5137
594727 61, 5090
597038 68, 5079
599022 66, 5151
603140 65, 5126
605122 79, 5045
606839 64, 5094
608687 62, 5084
611051 78, 5084
615228 78, 5140
616851 75, 5060
620824 77, 5072
623013 66, 5121
624786 66, 5137
629114 61, 5045
631009 73, 5017
634639 67, 5054
636952 70, 5119
639345 60, 5150
640807 77, 5098
644676 69, 5185
646918 78, 5018
650830 77, 5112
656789 71, 5056
658953 77, 5005
662881 77, 5086
664851 78, 5148
668849 73, 5025
670904 73, 5047
673116 66, 5181
680754 73, 5078
684696 61, 5059
686811 66, 5033
688806 67, 5019
690972 76, 5032
693217 69, 5092
695028 68, 5166
697186 62, 5009
699178 65, 5118
701172 65, 5010
702936 79, 5065
705055 71, 5069
708977 61, 5099
717003 62, 5016
723195 74, 5018
728760 66, 5086
731151 78, 5173
732952 79, 5168
734950 70, 5094
739120 72, 5090
740827 64, 5067
742734 76, 5143
745043 69, 5104
746701 74, 5014
750763 70, 5037
754820 73, 5118
756780 65, 5066
759111 60, 5021
761015 72, 5066
764679 70, 5027
766712 67, 5104
768740 71, 5083
774642 78, 5090
776959 61, 5023
778902 75, 5064
780848 76, 5142
782968 75, 5051
786966 62, 5028
789033 69, 5107
791058 62, 5177
796861 61, 5074
798971 61, 5077
802954 63, 5035
804993 79, 5173
807070 60, 5093
809153 74, 5035
812701 78, 5148
814799 70, 5036
816959 73, 5148
821014 61, 5123
822775 71, 5002
824772 76, 5197
826795 72, 5001
828969 77, 5018
832986 74, 5106
836769 62, 5042
840848 68, 5074
844824 65, 5056
848972 67, 5145
858871 73, 5185
861068 73, 5028
863006 74, 5092
864866 79, 5081
866643 64, 5019
870836 79, 5158
876912 68, 5030
882726 73, 5032
884811 72, 5026
887032 66, 5156
891068 77, 5142
892749 66, 5021
894971 73, 5103
897004 60, 5114
900866 73, 5003
904887 76, 5148
907003 63, 5134
908863 65, 5073
910880 75, 5185
914992 78, 5041
916919 61, 5062
918846 78, 5182
921081 70, 5048
922884 73, 5185
924794 60, 5159
926942 61, 5088
928925 73, 5100
931113 60, 5130
932922 68, 5016
935029 72, 5123
945030 64, 5104
946983 78, 5057
948841 77, 5147
950930 63, 5172
955091 63, 5172
958906 63, 5130
962889 66, 5015
966674 73, 5059
969082 68, 5167
970984 76, 5193
973036 63, 5012
974759 68, 5048
976620 76, 5162
978579 70, 5093
981109 79, 5151
983052 62, 5151
984936 69, 5148
988892 77, 5078
991081 64, 5039
992774 67, 5160
994983 71, 5055
997263 73, 5184
1000889 66, 5066
1002940 64, 5164
1005234 71, 5164
1006960 75, 5041
1008846 70, 5184
1010783 72, 5128
1012703 72, 5182
1018877 67, 5053
1020915 65, 5143
1022855 74, 5017
1024809 64, 5050
1026729 71, 5037
1029021 62, 5149
1031029 76, 5003
1032853 75, 5193
1036752 64, 5054
1038951 76, 5133
1045020 74, 5055
1050653 72, 5016
1052715 62, 5068
1054889 79, 5194
1056986 60, 5122
1058920 67, 5179
1061198 62, 5084
1064726 66, 5191
1066865 62, 5181
1070914 67, 5160
1072767 78, 5082
1074970 71, 5013
1085055 65, 5155
1088791 60, 5003
1091074 79, 5004
1094878 76, 5185
1097134 69, 5120
1099049 75, 5094
1102726 61, 5163
1104777 78, 5033
1106754 63, 5034
1109135 62, 5036
1112880 68, 5133
1116803 71, 5135
1118748 73, 5099
1121237 77, 5040
1124815 70, 5028
1128988 73, 5012
1132994 73, 5124
1135279 66, 5177
1136789 75, 5156
1140897 65, 5162
1143082 60, 5030
1144798 78, 5028
1150820 68, 5056
1152641 78, 5041
1154831 61, 5067
1156824 70, 5180
1158700 75, 5191
1163091 70, 5043
1167181 78, 5049
1171059 72, 5130
1172778 72, 5098
1174828 77, 5098
1176735 68, 5193
1178783 73, 5139
1181145 74, 5196
1183040 61, 5060
1185035 73, 5065
1187046 79, 5140
1189059 60, 5064
1191045 74, 5071
1192738 72, 5139
1194572 66, 5152
1196824 73, 5052
1200867 71, 5152
1202958 63, 5157
1205269 79, 5104
1206865 73, 5049
1209107 74, 5184
1210988 70, 5062
1217166 75, 5142
1218871 75, 5012
1220893 67, 5091
1222910 72, 5165
1224774 76, 5111
1228717 78, 5151
1231052 79, 5045
1233143 71, 5150
1234816 75, 5157
1236735 60, 5008
1238745 64, 5094
1240938 67, 5156
1242775 73, 5046
1245018 73, 5181
1246691 62, 5008
1248707 65, 5080
1250986 68, 5143
1254606 71, 5099
1256750 68, 5139
1258920 76, 5168
1260959 62, 5055
1262871 66, 5109
1264922 72, 5174
1266963 74, 5159
1268852 66, 5151
1271025 61, 5198
1273090 77, 5143
1274858 76, 5027
1276943 60, 5025
1280883 73, 5052
1282918 72, 5114
1284827 63, 5177
1287090 61, 5199
1288836 68, 5160
1290793 61, 5154
1292717 78, 5051
1296905 70, 5147
1298847 74, 5181
1301055 63, 5018
1303022 70, 5153
1304811 75, 5097
1309045 77, 5020
1314951 69, 5159
1316938 78, 5138
1321150 75, 5021
1322943 71, 5188
1331163 77, 5196
1334868 69, 5054
1337038 63, 5097
1338717 70, 5081
1342814 70, 5026
1345073 78, 5087
1348849 77, 5061
1352883 66, 5124
1354764 65, 5092
1360987 79, 5071
1363199 75, 5077
1368835 65, 5199
1372794 68, 5165
1374863 77, 5090
1378930 74, 5098
1384799 76, 5159
1386743 61, 5079
1389055 76, 5155
1391144 78, 5008
1392757 68, 5050
1394984 79, 5084
1406981 61, 5073
1409114 60, 5035
1410868 76, 5065
1412704 76, 5074
1414952 70, 5007
1416948 77, 5088
1419100 66, 5199
1425090 73, 5189
1426918 75, 5186
1429060 65, 5101
1430960 65, 5134
1432755 79, 5104
1434785 61, 5096
1436789 62, 5077
1438998 67, 5064
1441049 63, 5071
1442769 66, 5084
1444815 65, 5061
1450754 66, 5092
1452757 68, 5069
1458913 61, 5180
1462863 75, 5095
1464935 78, 5093
1467165 79, 5135
1469149 66, 5072
1471098 79, 5144
1472858 64, 5074
1474938 61, 5016
1479023 69, 5044
1482797 77, 5043
1486944 68, 5119
1488655 61, 5198
1490786 77, 5118
1492766 65, 5174
1495015 68, 5109
1496987 70, 5057
1498922 67, 5082
1500882 74, 5198
1504798 79, 5135
1507020 74, 5149
1509066 75, 5092
1511061 77, 5083
1512679 69, 5017
1515068 61, 5124
1517122 77, 5013
1518783 73, 5147
1520866 74, 5159
1522926 76, 5093
1534741 66, 5008
1540824 72, 5013
1542778 77, 5127
1544795 79, 5131
1547017 65, 5153
1551029 69, 5086
1552758 60, 5044
1556838 60, 5142
1558953 62, 5134
1560843 75, 5112
1566871 75, 5048
1570788 62, 5166
1574955 65, 5120
1576732 72, 5104
1579066 75, 5167
1582912 60, 5198
1586665 63, 5144
1589004 66, 5175
1592769 64, 5118
1594661 79, 5084
1597054 67, 5010
1600993 70, 5137
1602928 61, 5020
1605133 63, 5000
1607175 62, 5100
1610904 72, 5181
1612887 70, 5150
1618862 73, 5071
1621161 79, 5028
1622851 74, 5026
1624791 63, 5091
1626782 62, 5161
1628958 65, 5107
1631034 67, 5005
1634981 73, 5080
1640752 79, 5132
1644698 73, 5001
1647004 75, 5195
1651154 73, 5141
1652878 78, 5186
1655015 70, 5184
1656762 73, 5056
1658738 66, 5138
1662791 70, 5079
1664918 69, 5060
1667148 76, 5114
1670595 67, 5165
1672813 63, 5019
1674757 71, 5082
1677001 77, 5112
1684960 72, 5055
1687034 73, 5133
1688958 67, 5096
1691124 71, 5134
1692835 72, 5159
1695002 60, 5198
1698875 77, 5026
1700930 76, 5132
1703011 64, 5168
1715361 65, 5059
1716919 69, 5057
1718889 70, 5025
1720789 72, 5190
1723086 69, 5038
1724843 68, 5008
1728890 79, 5148
1732990 76, 5059
1735128 76, 5056
1737132 62, 5075
1740802 61, 5134
1743050 62, 5157
1746937 71, 5036
1749161 67, 5093
1751045 60, 5171
1755110 70, 5144
1756993 66, 5103
1758755 70, 5096
1761021 71, 5069
1766874 77, 5138
1768852 76, 5139
1770914 68, 5033
1772721 74, 5029
1776900 76, 5084
1778826 69, 5081
1784679 67, 5091
1789122 71, 5160
1791088 78, 5196
1792830 77, 5027
1794858 62, 5179
1796646 62, 5153
1798989 60, 5054
