90558 1952
110510 1944
120510 1920
140616 2090
150581 2053
160693 2025
170655 1929
180591 1968
190581 2065
200520 1987
210655 2065
220510 1922
240510 2090
250607 2055
260504 2078
270619 2079
280504 2027
290613 2087
300526 2032
310504 2048
330645 2012
350504 2058
360504 2037
370597 1933
380510 1969
390565 2034
400613 1960
420529 1992
430674 2033
440555 1901
450507 2050
460510 2066
480542 1978
490504 1971
510581 1980
520504 2020
550613 2035
560562 2048
570658 2030
590504 2048
600523 2054
610510 2027
620674 2003
630504 1988
640709 2002
650700 2025
660507 1933
670504 1943
680677 1959
690667 2032
700616 2010
710526 2012
720504 1957
730561 2019
750510 1912
760510 1957
790546 1999
800504 1927
810667 2002
820632 1931
830517 1971
840639 1990
850510 2086
860709 2071
870504 2012
880504 2039
910555 1956
920677 1911
930610 1904
940562 1988
950652 2073
960597 1964
970539 2077
980510 1915
990600 1901
1000735 1926
1010578 1922
1020510 2047
1040568 1934
1050574 1932
1060504 2080
1070613 1923
1090648 1980
1110504 1980
1120645 2075
1130664 1904
1140575 2037
1150561 2034
1180510 2066
1190642 2080
1200635 1925
1210616 2046
1220510 2081
1230510 2024
1240683 1911
1250607 2041
1260504 1982
1270504 1952
1280655 2017
1290555 1948
1300510 1983
1320597 2097
1330510 2030
1340629 2009
1350517 1960
1370504 2003
1380510 2096
1390545 1978
1400671 1912
1410568 1966
1420517 1914
1430629 2064
1440529 2058
1450504 1950
1460616 2089
1470510 1930
1480510 1953
1500590 1936
1510504 1907
1520626 1946
1530536 1923
1540574 2076
1550645 1956
1570504 2047
1590645 2010
1600504 2025
1630613 2045
1640565 2032
1650581 2026
1670652 2082
1690542 1936
1700536 2021
1710632 2009
1720600 1972
1730546 1925
1740510 1968
1760555 1927
1770616 2005
1780635 1904
1790510 2050
