82506 60, 5042
84513 64, 5123
92580 69, 5079
96654 60, 5009
98721 68, 5062
100606 64, 5041
102677 73, 5028
104519 63, 5101
108507 72, 5070
110555 64, 5010
112532 79, 5034
114503 65, 5156
116510 77, 5169
120584 78, 5067
122609 67, 5074
124612 61, 5024
126510 67, 5135
128567 68, 5122
130683 72, 5192
132632 73, 5181
140523 72, 5037
142561 60, 5152
144644 64, 5183
146542 68, 5000
148510 65, 5003
150510 66, 5083
152567 61, 5020
154539 75, 5095
158584 65, 5116
160667 76, 5069
162593 76, 5076
166587 77, 5126
168715 68, 5006
170539 76, 5042
172519 64, 5062
174510 75, 5119
176561 60, 5170
178506 71, 5041
180504 60, 5013
182590 65, 5106
184510 68, 5156
186503 75, 5100
188507 77, 5031
190581 63, 5080
198503 63, 5128
200642 68, 5118
202506 63, 5015
204577 60, 5060
208529 60, 5108
210526 68, 5072
212635 69, 5170
214625 70, 5148
216503 72, 5022
218567 63, 5161
220610 74, 5002
222768 62, 5074
224503 76, 5131
226654 65, 5093
228516 73, 5131
230533 69, 5054
232648 69, 5059
234571 73, 5091
236676 77, 5191
238561 76, 5004
240587 74, 5123
242519 66, 5142
244564 63, 5016
246635 74, 5007
250594 70, 5020
252577 61, 5041
254558 68, 5110
256506 62, 5197
258593 71, 5021
260533 61, 5107
264510 66, 5028
266503 63, 5143
268859 66, 5066
270504 68, 5090
272574 60, 5004
274612 77, 5138
284612 73, 5044
286503 68, 5012
288596 76, 5108
290604 77, 5070
292513 69, 5028
294510 62, 5041
296587 63, 5149
298506 77, 5131
302510 68, 5135
304628 74, 5185
306539 76, 5003
308523 76, 5150
310606 62, 5149
312603 60, 5022
314545 77, 5188
318683 63, 5027
322680 61, 5034
324535 61, 5104
326503 76, 5051
330639 61, 5163
332513 72, 5097
334686 74, 5158
336503 79, 5187
338510 65, 5071
340510 77, 5028
342510 65, 5079
344522 78, 5156
346571 75, 5127
350504 69, 5122
352522 77, 5156
354632 74, 5105
356506 74, 5052
358510 61, 5173
360504 76, 5178
362548 70, 5153
364503 67, 5049
366600 77, 5007
368503 67, 5109
370555 63, 5144
372510 73, 5021
374648 73, 5183
376564 64, 5138
378548 76, 5194
380664 67, 5136
382529 72, 5158
384635 61, 5060
386571 79, 5194
388571 66, 5089
390546 79, 5085
392660 72, 5086
396571 62, 5070
398712 69, 5052
400539 79, 5126
406503 72, 5071
410664 72, 5000
414548 66, 5093
416510 68, 5030
418516 70, 5067
420664 70, 5022
422522 77, 5072
424561 73, 5038
426670 70, 5151
428545 70, 5069
432503 67, 5088
436548 75, 5051
438516 65, 5158
440504 71, 5097
442577 73, 5017
444513 73, 5037
446619 70, 5090
448503 77, 5015
450507 64, 5017
452516 79, 5053
454644 71, 5031
458529 63, 5116
460510 76, 5032
464632 77, 5197
466516 65, 5019
468510 60, 5014
470533 77, 5163
472510 64, 5127
476603 71, 5132
478564 65, 5199
480510 70, 5084
482522 73, 5176
484522 60, 5013
486622 71, 5075
488529 64, 5065
490632 77, 5050
492510 69, 5011
494635 69, 5025
496519 73, 5010
498622 65, 5079
500626 66, 5070
502673 66, 5144
508503 69, 5050
510510 64, 5014
514526 79, 5073
516503 69, 5180
518612 71, 5166
522529 70, 5050
524510 62, 5129
526590 73, 5001
528635 78, 5046
530636 77, 5118
532510 62, 5035
534503 60, 5002
538510 62, 5127
540635 79, 5057
542609 64, 5130
544548 63, 5149
546503 79, 5135
548587 77, 5066
552680 77, 5050
554564 69, 5151
556503 72, 5047
558702 76, 5073
560510 74, 5006
562529 60, 5135
564584 69, 5091
566641 70, 5017
568609 66, 5068
570504 78, 5020
572510 67, 5149
574503 65, 5126
576561 72, 5017
578522 75, 5098
580712 74, 5011
582542 68, 5037
584503 61, 5051
586510 75, 5155
588510 60, 5056
590510 71, 5091
592676 71, 5049
594519 73, 5151
596503 67, 5083
598510 66, 5039
600651 75, 5066
602622 69, 5090
604603 68, 5176
608503 73, 5049
610565 70, 5026
612503 64, 5186
614532 63, 5187
616555 70, 5193
618590 73, 5156
620732 67, 5065
622503 76, 5185
624529 65, 5010
628600 77, 5064
630510 79, 5143
632510 71, 5188
634667 61, 5067
636600 69, 5001
638632 61, 5022
640536 68, 5026
644632 79, 5082
646632 62, 5154
648558 61, 5124
652503 61, 5030
654596 74, 5012
656648 78, 5190
658664 72, 5083
660637 74, 5035
662545 66, 5153
664510 68, 5022
666567 69, 5131
668510 72, 5078
670581 76, 5013
672641 66, 5038
674632 67, 5194
676510 79, 5051
678519 60, 5032
680604 74, 5049
682635 64, 5049
686628 71, 5061
688503 79, 5142
690610 72, 5082
692510 69, 5094
694542 75, 5145
696510 61, 5124
698519 60, 5109
700504 68, 5011
702657 65, 5088
704705 60, 5156
706612 76, 5167
708510 65, 5091
710510 77, 5095
712606 79, 5141
714651 70, 5061
716584 67, 5004
718545 67, 5196
720555 61, 5157
722625 79, 5008
724558 75, 5118
726548 60, 5134
728635 63, 5023
730510 70, 5150
732606 77, 5083
734622 66, 5182
736571 77, 5173
738657 73, 5192
740568 70, 5168
742673 70, 5182
746503 60, 5133
748503 60, 5125
750504 73, 5109
752503 62, 5190
754551 65, 5128
756577 61, 5144
758529 62, 5051
762580 72, 5040
766561 70, 5047
770616 75, 5043
772526 79, 5061
774612 69, 5173
776587 71, 5092
780626 79, 5189
782564 72, 5052
784510 64, 5031
786548 66, 5077
788539 72, 5091
792503 71, 5126
796510 68, 5140
798625 61, 5196
800533 76, 5126
802510 75, 5173
804535 73, 5129
806587 77, 5007
808558 75, 5027
810523 61, 5188
812632 67, 5123
814587 64, 5029
816542 70, 5148
818564 61, 5114
826535 72, 5137
828510 64, 5098
830552 60, 5179
832529 75, 5068
834724 73, 5045
836606 65, 5195
838551 63, 5138
840526 79, 5155
842529 62, 5074
844555 74, 5008
850584 65, 5074
852555 71, 5020
854510 63, 5161
856558 78, 5195
858529 77, 5093
860629 62, 5098
862529 75, 5146
864644 62, 5074
866526 79, 5190
868612 66, 5031
870613 79, 5168
874577 72, 5190
876526 74, 5130
878503 74, 5190
882600 74, 5166
884564 60, 5113
886503 66, 5195
888551 77, 5053
890619 64, 5023
892510 73, 5077
894523 63, 5161
896584 74, 5046
898510 64, 5095
900510 66, 5148
906567 63, 5180
908542 78, 5106
910561 69, 5117
912510 66, 5092
914503 67, 5084
916628 76, 5037
918577 77, 5148
920510 77, 5183
922510 67, 5089
924696 74, 5094
928548 70, 5162
930555 60, 5068
932545 70, 5115
934506 62, 5184
936676 67, 5134
938506 60, 5193
942558 74, 5097
946644 76, 5023
948600 64, 5191
950677 65, 5040
952603 64, 5090
954503 78, 5089
958555 73, 5157
960568 65, 5113
962510 67, 5144
964580 61, 5185
966510 78, 5022
968561 66, 5152
970597 67, 5143
974526 74, 5043
976510 71, 5084
980568 76, 5064
982503 74, 5180
986548 73, 5149
990510 65, 5005
992708 74, 5145
996510 74, 5142
998632 73, 5030
1000638 73, 5132
1002567 68, 5031
1004503 74, 5127
1006635 73, 5021
1008609 75, 5175
1010504 77, 5111
1012522 61, 5091
1014564 70, 5020
1016506 75, 5042
1018510 70, 5134
1020622 72, 5105
1022622 76, 5054
1024622 79, 5135
1026561 61, 5179
1030594 78, 5085
1032600 69, 5178
1034516 79, 5096
1036612 74, 5098
1038728 78, 5133
1040520 76, 5154
1042548 67, 5143
1044622 64, 5020
1046609 71, 5038
1048510 73, 5018
1050635 78, 5143
1052692 65, 5163
1054609 74, 5103
1056510 60, 5172
1058590 76, 5178
1060561 79, 5044
1062702 67, 5072
1064510 63, 5013
1066606 78, 5084
1068606 63, 5105
1070549 74, 5031
1072503 69, 5132
1074529 74, 5047
1076551 70, 5180
1082510 64, 5116
1084503 67, 5189
1086536 63, 5071
1088606 63, 5115
1092574 77, 5193
1094510 70, 5085
1098503 72, 5005
1100571 61, 5030
1102503 70, 5185
1104510 71, 5193
1106519 73, 5077
1108503 63, 5150
1110744 66, 5002
1112510 76, 5134
1114676 75, 5119
1116523 71, 5082
1118625 69, 5125
1120655 62, 5198
1122564 71, 5166
1124510 73, 5071
1126628 63, 5168
1128506 76, 5007
1130671 71, 5103
1132532 65, 5117
1134532 69, 5121
1136571 76, 5023
1138529 69, 5039
1140715 79, 5169
1142510 73, 5131
1144654 69, 5120
1146680 79, 5011
1148606 60, 5081
1150533 79, 5131
1152510 66, 5114
1154510 61, 5080
1156609 74, 5178
1158503 74, 5045
1160642 70, 5026
1162555 64, 5002
1168523 65, 5013
1172548 72, 5151
1176510 77, 5005
1178584 65, 5148
1180526 67, 5129
1182622 63, 5136
1184593 73, 5122
1186513 62, 5139
1188644 75, 5173
1190600 67, 5109
1192510 76, 5140
1194548 61, 5037
1196510 79, 5040
1200526 74, 5073
1202574 71, 5009
1204609 75, 5161
1208548 65, 5170
1210510 75, 5007
1212593 63, 5105
1214503 76, 5081
1216571 61, 5131
1220658 73, 5064
1224503 69, 5027
1226561 70, 5003
1228529 62, 5077
1230504 66, 5052
1232510 71, 5005
1234510 63, 5008
1236548 64, 5181
1238510 78, 5150
1240610 67, 5149
1242529 69, 5003
1244590 64, 5065
1248519 78, 5198
1250504 76, 5179
1252503 68, 5118
1254510 74, 5156
1256503 76, 5096
1258548 78, 5155
1260642 74, 5058
1262551 72, 5152
1264510 73, 5116
1266616 68, 5027
1268603 75, 5031
1270571 67, 5099
1272510 71, 5047
1274510 78, 5028
1276503 79, 5099
1278567 77, 5027
1280504 66, 5193
1282510 62, 5140
1284510 61, 5079
1286606 71, 5120
1288590 77, 5005
1290510 63, 5144
1294561 71, 5126
1296596 60, 5020
1302529 77, 5002
1304503 70, 5146
1306510 69, 5010
1310632 65, 5191
1312587 60, 5105
1314622 70, 5173
1316692 67, 5154
1320533 74, 5012
1322503 61, 5103
1324542 68, 5141
1326600 68, 5128
1328503 79, 5029
1332532 79, 5042
1334548 68, 5092
1336657 70, 5143
1338564 77, 5081
1340603 60, 5112
1342510 61, 5080
1344632 68, 5193
1346529 74, 5017
1350536 76, 5052
1352644 72, 5173
1354503 72, 5047
1356555 73, 5165
1360552 62, 5179
1362660 67, 5112
1364519 67, 5011
1368567 78, 5199
1370578 68, 5139
1372539 62, 5017
1374503 74, 5110
1376529 60, 5068
1378529 60, 5151
1384590 67, 5117
1386609 68, 5140
1388529 67, 5161
1390558 78, 5173
1394580 62, 5144
1396545 71, 5117
1400600 78, 5167
1402600 62, 5002
1404545 79, 5181
1406510 70, 5079
1408702 60, 5156
1410654 60, 5093
1412593 66, 5025
1414542 79, 5131
1416747 74, 5006
1418503 74, 5082
1420510 64, 5162
1422622 69, 5073
1424574 74, 5157
1426561 70, 5062
1428516 73, 5138
1430587 72, 5020
1432542 68, 5006
1434516 62, 5148
1436510 63, 5143
1438574 61, 5099
1442564 70, 5107
1444664 76, 5032
1446561 71, 5102
1448510 63, 5124
1450504 63, 5112
1452651 74, 5065
1454529 71, 5081
1456600 67, 5130
1458571 71, 5056
1460603 70, 5152
1464510 68, 5024
1466708 66, 5049
1468503 61, 5001
1470510 69, 5188
1472603 77, 5078
1474638 65, 5023
1478503 74, 5199
1480651 61, 5014
1482503 76, 5009
1484510 72, 5008
1486529 67, 5120
1488670 64, 5166
1492551 72, 5059
1494551 63, 5182
1496600 79, 5029
1502622 76, 5024
1506503 75, 5041
1508510 66, 5008
1510510 75, 5147
1512535 78, 5138
1514510 68, 5007
1516545 64, 5049
1518503 63, 5078
1520520 76, 5123
1522522 75, 5129
1524510 60, 5034
1526510 72, 5142
1528590 62, 5085
1530542 70, 5148
1532571 64, 5018
1534606 67, 5181
1536616 77, 5132
1538625 65, 5024
1540680 60, 5107
1544673 72, 5122
1546603 67, 5151
1548519 71, 5116
1550636 72, 5141
1552526 71, 5072
1554510 62, 5195
1556577 74, 5036
1558555 66, 5002
1560655 65, 5034
1564612 60, 5047
1566561 70, 5062
1572587 67, 5124
1574503 66, 5198
1576523 68, 5050
1578609 73, 5177
1580603 79, 5051
1582648 63, 5023
1584545 67, 5127
1586503 63, 5112
1588600 68, 5064
1590552 64, 5121
1592641 64, 5196
1594696 61, 5062
1598644 65, 5023
1600504 76, 5011
1602555 75, 5085
1604503 75, 5009
1608584 66, 5131
1610572 76, 5173
1612555 60, 5032
1614609 73, 5004
1616574 78, 5186
1618568 66, 5158
1620632 62, 5019
1622503 66, 5023
1624510 76, 5037
1626660 74, 5139
1628644 66, 5013
1630648 72, 5036
1632535 75, 5119
1636548 62, 5187
1638503 78, 5146
1642593 77, 5165
1644574 67, 5075
1648664 76, 5152
1650510 66, 5138
1652510 74, 5142
1654561 79, 5000
1656593 68, 5099
1658503 69, 5106
1660555 70, 5074
1662660 61, 5115
1664628 75, 5054
1666584 62, 5020
1668503 66, 5062
1670552 72, 5114
1672548 77, 5038
1674654 67, 5037
1676571 67, 5100
1678571 70, 5145
1680523 68, 5056
1682632 67, 5095
1684625 69, 5061
1688526 65, 5119
1692519 77, 5046
1694574 70, 5120
1698632 72, 5038
1700504 63, 5107
1702545 67, 5131
1704606 78, 5189
1708616 68, 5131
1710603 61, 5189
1712535 64, 5156
1714606 61, 5118
1716503 62, 5133
1718539 70, 5021
1720504 72, 5036
1724600 69, 5072
1726673 71, 5167
1728552 63, 5156
1730584 66, 5051
1734510 65, 5044
1736510 76, 5020
1740616 70, 5093
1742519 77, 5080
1744510 74, 5132
1746641 69, 5086
1748587 71, 5062
1750664 73, 5146
1752587 71, 5137
1754545 71, 5014
1756510 79, 5147
1760607 64, 5179
1762510 75, 5013
1764548 70, 5017
1766548 60, 5187
1768503 79, 5143
1770510 79, 5077
1772503 76, 5170
1774664 72, 5111
1776603 61, 5119
1778529 78, 5091
1780504 79, 5189
1784600 79, 5100
1786548 68, 5154
1788529 71, 5186
1790549 68, 5049
1794503 62, 5137
1796593 72, 5193
1798503 69, 5124
