85548 3757
95561 3738
100542 3847
105510 3750
115526 3734
120648 3720
135522 3791
140539 3736
145510 3716
155532 3770
160638 3755
165516 3823
170504 3887
180667 3752
200578 3887
215612 3798
220546 3815
235503 3744
240703 3884
245571 3782
250606 3875
260629 3796
275590 3795
290632 3862
300610 3836
305664 3708
310613 3861
315616 3842
320594 3718
325532 3820
330510 3875
335584 3766
340545 3700
345532 3870
360561 3752
365510 3736
370562 3789
375526 3891
380504 3896
385574 3891
390510 3734
405599 3715
410510 3729
415599 3816
420597 3818
425503 3833
435635 3725
445532 3775
455503 3807
460623 3769
470555 3829
475539 3709
485603 3795
490510 3825
500568 3768
505647 3797
515670 3701
520600 3809
525548 3868
530504 3806
540616 3864
545558 3880
555510 3758
560562 3869
570504 3732
590510 3895
595503 3828
600504 3848
605596 3791
630623 3882
640504 3734
645503 3881
650690 3820
655628 3763
660594 3877
670504 3813
675615 3749
680510 3723
685503 3861
690693 3873
695692 3720
710526 3890
715580 3710
720587 3874
730552 3788
735558 3784
740504 3805
745641 3745
750504 3811
755551 3839
760709 3745
785526 3703
815510 3711
820648 3832
825510 3785
830594 3898
835625 3854
840677 3768
845506 3842
850600 3770
855532 3857
865510 3802
870613 3792
875600 3803
880571 3898
885503 3812
890511 3700
900542 3785
905577 3704
910645 3815
915558 3716
920575 3846
925628 3820
930575 3716
935616 3836
940619 3774
945561 3749
965654 3708
970642 3811
975587 3835
980533 3743
985503 3858
990504 3713
995555 3846
1000616 3706
1005616 3707
1010504 3893
1020571 3783
1030635 3829
1035612 3744
1045622 3795
1055558 3717
1060510 3781
1075535 3725
1080504 3828
1085603 3851
1095609 3760
1105683 3824
1110504 3864
1115522 3891
1125503 3818
1130510 3881
1135510 3839
1145628 3866
1150600 3819
1160504 3746
1165539 3800
1170510 3818
1175596 3763
1180603 3761
1190549 3746
1200526 3887
1205718 3853
1210504 3769
1215506 3890
1220533 3883
1230597 3809
1235551 3792
1240594 3775
1245503 3813
1250504 3894
1255545 3841
1260610 3703
1265596 3727
1270590 3785
1285503 3754
1290510 3777
1295583 3895
1300571 3769
1305590 3780
1310626 3864
1315721 3862
1320510 3872
1325571 3869
1330594 3781
1335522 3728
1345590 3859
1350600 3859
1355667 3893
1360510 3798
1365510 3899
1370504 3896
1375638 3728
1380504 3751
1385529 3713
1395532 3724
1400504 3831
1405503 3725
1410510 3892
1420603 3783
1430555 3842
1435551 3741
1440565 3799
1445616 3773
1450510 3748
1455590 3751
1460603 3769
1475552 3706
1485510 3890
1490555 3785
1500510 3777
1510603 3797
1515609 3739
1520546 3749
1530558 3701
1545587 3839
1555510 3739
1560510 3802
1565503 3706
1570510 3811
1575503 3768
1585532 3797
1590510 3880
1595555 3851
1600571 3763
1605503 3822
1610504 3779
1625526 3856
1645510 3765
1650606 3897
1655615 3896
1660587 3865
1665510 3808
1670504 3730
1675532 3821
1680741 3886
1685651 3749
1690610 3791
1700504 3886
1710542 3786
1715532 3818
1720545 3769
1725660 3742
1730591 3738
1745503 3869
1750626 3773
1765551 3813
1770712 3751
1775503 3861
1785503 3862
1790533 3802
