87026 3758
96581 3715
106737 3821
111309 3818
116281 3864
121307 3837
126675 3771
131277 3762
141254 3840
146305 3782
151348 3723
156161 3805
161250 3711
176009 3709
191155 3879
206242 3747
211512 3848
216097 3834
221382 3742
226341 3806
231221 3824
236283 3738
241405 3706
246283 3894
251077 3752
255925 3853
261216 3895
266011 3778
281322 3789
286711 3830
291098 3886
296272 3711
301209 3878
306168 3809
311354 3777
321259 3898
330862 3735
341004 3718
346338 3867
356489 3822
361202 3819
366186 3820
371228 3886
381154 3870
391322 3857
396297 3728
406010 3858
411657 3898
415895 3876
421116 3741
426178 3737
436352 3877
441315 3750
446347 3760
451201 3883
456378 3810
461239 3849
466102 3840
471312 3764
476052 3715
481377 3876
486050 3866
496142 3896
501321 3787
511035 3777
516138 3868
526121 3880
531342 3862
536022 3891
541241 3836
546080 3899
551220 3882
556200 3832
561058 3873
566230 3855
575968 3790
586146 3770
591187 3745
596184 3759
601113 3711
606302 3897
616168 3875
626182 3776
631276 3706
636048 3896
641217 3763
646172 3798
651104 3823
655819 3793
661136 3786
671082 3825
676120 3749
681056 3809
686204 3849
696003 3823
701248 3797
705958 3749
715978 3734
721145 3816
726125 3744
731175 3824
736025 3762
741280 3758
746256 3886
751119 3774
756239 3859
761094 3779
766077 3804
771032 3737
781168 3775
786316 3726
791195 3791
796165 3883
801002 3703
811210 3838
816237 3788
821098 3726
826049 3701
831071 3857
835951 3735
841135 3728
845996 3862
861238 3862
866162 3880
871089 3745
876114 3812
881143 3710
886161 3814
891156 3813
901192 3756
905995 3827
916235 3779
921141 3762
925954 3836
931271 3792
936313 3846
941095 3722
946290 3888
955968 3803
961147 3795
966173 3819
976248 3827
986064 3756
991257 3746
995975 3853
1001090 3777
1006051 3896
1011042 3702
1016227 3838
1021106 3726
1025944 3732
1031206 3800
1036012 3764
1041173 3858
1046108 3700
1051076 3779
1056053 3760
1061209 3897
1066127 3752
1071138 3783
1076047 3806
1081035 3797
1086116 3892
1091124 3890
1095859 3828
1100993 3836
1111032 3712
1116091 3771
1121176 3731
1131079 3824
1141180 3827
1146103 3884
1151110 3701
1155938 3818
1161091 3779
1166063 3760
1171144 3849
1176161 3827
1181188 3860
1191242 3833
1196434 3864
1216181 3823
1221236 3721
1226112 3784
1231038 3890
1235928 3777
1241045 3743
1246201 3877
1251082 3835
1255963 3768
1261222 3707
1276104 3754
1291059 3869
1301089 3857
1305863 3702
1311240 3807
1316142 3812
1321200 3717
1326236 3817
1331225 3855
1336034 3718
1346235 3887
1351140 3795
1361114 3841
1371084 3740
1376119 3703
1381191 3772
1386158 3885
1391155 3791
1396016 3726
1401183 3708
1410879 3736
1416160 3804
1420981 3795
1426116 3825
1431040 3831
1436178 3889
1440955 3832
1446126 3728
1451131 3775
1456078 3839
1471169 3758
1476242 3704
1481280 3802
1486125 3712
1491035 3864
1496193 3861
1501155 3868
1506129 3838
1511216 3722
1516284 3802
1526091 3735
1531067 3724
1535986 3852
1541163 3765
1546059 3847
1561128 3880
1566220 3863
1571035 3898
1576136 3769
1581061 3788
1596122 3874
1601108 3701
1611162 3881
1616121 3765
1621224 3817
1626181 3855
1630956 3834
1636062 3820
1641231 3732
1646070 3764
1651348 3780
1656076 3708
1661179 3889
1666179 3874
1671083 3882
1675966 3762
1686166 3775
1696133 3887
1706057 3800
1711107 3883
1721210 3838
1726086 3723
1731374 3828
1736032 3794
1745994 3716
1751078 3731
1756153 3703
1766151 3884
1771349 3872
1781077 3768
1786043 3795
1791256 3769
1796029 3873
