83055 66, 5117
84719 62, 5113
89130 74, 5015
91173 69, 5082
94889 70, 5035
97217 60, 5008
102818 70, 5159
104942 74, 5068
107224 76, 5021
109029 68, 5197
111140 61, 5171
112958 63, 5023
115437 72, 5197
117029 79, 5152
119226 71, 5173
123051 72, 5041
124822 65, 5006
126900 61, 5128
128994 68, 5119
130906 68, 5002
133297 76, 5152
134720 77, 5004
136967 68, 5077
138703 69, 5157
140920 68, 5026
143420 71, 5109
147254 62, 5019
150842 78, 5150
152952 79, 5094
155183 77, 5012
157361 72, 5126
160780 61, 5055
163278 71, 5108
168871 65, 5103
174723 73, 5032
176673 66, 5084
179013 64, 5134
183086 61, 5161
186573 70, 5106
190839 66, 5172
192851 66, 5137
196982 67, 5125
201364 73, 5006
207256 61, 5057
208691 60, 5088
212812 66, 5198
215042 69, 5094
216760 78, 5152
220880 78, 5002
222860 62, 5052
224994 63, 5009
227191 72, 5067
230705 64, 5195
233008 62, 5111
235209 66, 5002
238776 79, 5194
241261 70, 5179
246677 65, 5135
249434 69, 5006
250845 67, 5086
252891 70, 5120
255462 65, 5018
257052 64, 5189
258804 63, 5090
261066 61, 5191
262879 62, 5066
271082 76, 5036
275034 79, 5195
277381 72, 5002
278919 78, 5040
283111 77, 5112
285345 79, 5071
287330 63, 5090
288873 75, 5094
290707 66, 5088
292773 71, 5044
294903 78, 5199
298803 76, 5070
300805 77, 5160
305073 70, 5088
307226 66, 5070
308980 74, 5139
311303 62, 5067
314788 68, 5049
316755 60, 5170
319311 75, 5164
321100 75, 5028
325028 71, 5152
327054 75, 5030
328866 64, 5026
331066 62, 5163
333263 78, 5092
335091 73, 5039
336872 72, 5190
340891 69, 5055
342848 63, 5193
344871 74, 5107
346773 72, 5187
349250 79, 5017
351024 67, 5139
352912 61, 5000
356883 75, 5033
359234 76, 5003
362742 64, 5164
366999 71, 5060
369107 70, 5199
370817 68, 5160
374870 79, 5112
376696 68, 5075
380956 71, 5141
385075 65, 5070
387007 65, 5135
390738 70, 5046
392982 61, 5064
396970 77, 5149
398979 77, 5142
404785 79, 5013
407205 75, 5147
408807 73, 5065
411338 67, 5179
414927 66, 5024
416917 66, 5008
418890 60, 5023
422929 67, 5141
426776 77, 5181
430868 74, 5071
432974 60, 5159
436710 74, 5185
441061 73, 5068
444814 60, 5090
449287 75, 5070
451267 74, 5112
452984 68, 5073
455081 71, 5192
456749 62, 5116
458763 75, 5185
461134 69, 5179
462882 70, 5101
465014 63, 5195
466912 77, 5148
468804 74, 5030
471221 76, 5003
473131 77, 5115
474632 61, 5157
476954 64, 5059
478841 76, 5040
480920 63, 5080
482972 61, 5194
488954 67, 5160
490760 70, 5098
494806 72, 5040
498824 70, 5026
500912 78, 5142
506761 67, 5022
509113 63, 5113
510832 63, 5058
514791 72, 5177
516679 70, 5165
518764 63, 5142
520862 62, 5019
525015 71, 5087
526892 71, 5117
529092 65, 5188
530971 70, 5028
535280 68, 5114
537038 64, 5161
538906 76, 5064
541075 64, 5174
542861 66, 5058
544692 78, 5086
547079 74, 5147
549241 74, 5103
550799 68, 5039
552997 68, 5134
554951 77, 5032
556818 74, 5035
559203 61, 5054
560993 71, 5030
562833 69, 5153
564908 62, 5098
568748 62, 5010
570937 72, 5197
572998 73, 5055
574755 72, 5000
576725 74, 5153
579205 65, 5077
581223 77, 5084
583090 70, 5135
584888 62, 5184
586795 77, 5079
589085 73, 5039
590903 71, 5095
593133 76, 5165
594829 64, 5074
599173 75, 5182
602967 67, 5056
605095 60, 5063
606799 74, 5090
608726 69, 5041
610858 60, 5142
614719 77, 5155
616965 69, 5145
623133 72, 5155
624971 79, 5056
627111 60, 5106
628899 60, 5141
635027 65, 5171
636924 64, 5111
642884 64, 5158
645103 70, 5063
647104 71, 5193
648679 72, 5133
650851 71, 5164
653050 60, 5057
654769 76, 5124
656975 65, 5001
658984 62, 5143
662979 78, 5179
667044 64, 5116
668931 73, 5104
671004 73, 5036
673139 67, 5105
676740 64, 5090
679282 70, 5194
682822 70, 5168
686951 71, 5118
688737 64, 5060
690896 68, 5169
692737 64, 5030
697105 77, 5011
698935 79, 5013
703196 66, 5154
704910 63, 5138
707087 63, 5020
708963 75, 5089
712796 61, 5076
714957 63, 5130
716741 78, 5086
718677 76, 5062
720950 77, 5167
724607 65, 5067
728884 67, 5001
730783 75, 5031
733046 76, 5029
734874 60, 5197
738854 75, 5181
740573 77, 5187
742724 70, 5000
745065 76, 5071
747036 64, 5114
748787 76, 5046
750776 65, 5101
754673 70, 5097
760914 76, 5002
762911 71, 5164
765018 76, 5158
766810 66, 5124
768596 79, 5157
770932 68, 5079
772954 67, 5062
774748 76, 5034
776841 60, 5018
778950 63, 5179
780859 79, 5009
782899 70, 5039
784924 66, 5171
788840 77, 5004
793260 71, 5185
795011 76, 5067
796984 72, 5004
800976 62, 5071
802739 67, 5172
804872 78, 5176
806983 73, 5076
809087 78, 5191
810843 70, 5119
815113 66, 5058
816938 76, 5186
820987 77, 5023
823200 76, 5046
824830 74, 5090
826895 70, 5196
830891 60, 5197
835007 72, 5157
839067 74, 5117
840774 78, 5157
846863 67, 5021
848936 73, 5061
850901 62, 5127
855002 74, 5104
856827 71, 5090
861174 65, 5154
863091 70, 5145
864751 73, 5096
867019 61, 5175
868822 65, 5042
874908 64, 5149
876929 72, 5105
878775 62, 5028
880713 76, 5112
882891 66, 5050
885083 60, 5040
887094 74, 5037
888709 73, 5052
892986 65, 5076
895080 77, 5178
896884 68, 5045
898845 60, 5116
900715 77, 5181
903029 73, 5083
906916 67, 5170
908739 73, 5005
911107 69, 5170
912806 69, 5013
915013 60, 5179
916893 75, 5153
918707 72, 5014
920932 73, 5081
922962 69, 5058
926689 64, 5054
928858 63, 5087
932704 71, 5155
935169 62, 5165
936859 70, 5101
938979 61, 5036
940708 79, 5137
942869 72, 5023
945009 76, 5118
946932 64, 5176
948983 65, 5006
951016 60, 5008
952861 73, 5004
955039 65, 5037
956739 67, 5013
958791 77, 5102
960970 61, 5124
962931 67, 5096
964822 77, 5021
966816 71, 5010
969008 69, 5028
970929 60, 5032
972943 76, 5067
974994 64, 5141
976852 65, 5148
981031 69, 5014
984948 66, 5190
986761 67, 5147
988875 63, 5035
990753 79, 5192
992830 70, 5040
995217 61, 5164
997187 63, 5195
998780 71, 5157
1001029 68, 5196
1005127 66, 5125
1007168 78, 5083
1010753 68, 5058
1012938 79, 5093
1016927 61, 5032
1019058 65, 5151
1020762 73, 5038
1025082 71, 5000
1026967 67, 5175
1028928 65, 5199
1031155 60, 5149
1033021 78, 5145
1034754 60, 5164
1036903 65, 5088
1042941 69, 5154
1047026 62, 5155
1048905 73, 5008
1050713 72, 5151
1052807 71, 5054
1054702 75, 5134
1056768 75, 5173
1058987 73, 5081
1062767 65, 5039
1064955 70, 5067
1068845 72, 5051
1072796 72, 5031
1074778 63, 5132
1076772 75, 5095
1080896 69, 5122
1082900 69, 5188
1084873 77, 5161
1087263 69, 5091
1088818 76, 5023
1090997 60, 5039
1092734 71, 5075
1096672 74, 5069
1098850 63, 5066
1103186 65, 5087
1104847 74, 5028
1106643 74, 5063
1110854 76, 5164
1112835 65, 5176
1119008 71, 5021
1120727 77, 5017
1122746 62, 5051
1124975 64, 5128
1128856 67, 5037
1130768 61, 5045
1132787 64, 5008
1134941 78, 5068
1139108 79, 5051
1140950 62, 5010
1142865 73, 5043
1144815 69, 5137
1146945 67, 5077
1148759 65, 5002
1150889 79, 5093
1152851 65, 5194
1155105 66, 5175
1156997 60, 5077
1158885 67, 5150
1160745 66, 5086
1163054 69, 5154
1165119 75, 5125
1166967 63, 5119
1168587 78, 5195
1171064 76, 5199
1172937 75, 5001
1174721 75, 5162
1176992 73, 5056
1178858 70, 5179
1181080 72, 5129
1182806 64, 5037
1184901 62, 5104
1186858 72, 5166
1190943 76, 5155
1192787 60, 5187
1195048 60, 5124
1196800 74, 5145
1199013 64, 5151
1203039 73, 5124
1206940 77, 5171
1211032 69, 5059
1212915 61, 5059
1215309 61, 5079
1217082 69, 5129
1218909 60, 5092
1220972 69, 5074
1222813 75, 5114
1225066 72, 5101
1226916 67, 5072
1228839 67, 5000
1230880 74, 5038
1232834 68, 5058
1235001 60, 5193
1236865 65, 5191
1242739 73, 5061
1244706 69, 5140
1246781 74, 5041
1248780 77, 5108
1250857 64, 5133
1252674 64, 5137
1256784 66, 5184
1259192 73, 5117
1260927 78, 5042
1262770 61, 5028
1264900 68, 5150
1267015 65, 5152
1270982 77, 5092
1272894 74, 5102
1276752 62, 5031
1279124 73, 5142
1280796 79, 5019
1282832 74, 5181
1285001 60, 5038
1292792 61, 5141
1294971 72, 5169
1296976 72, 5173
1298782 64, 5183
1300815 62, 5084
1304986 72, 5054
1306840 70, 5107
1308824 72, 5032
1311035 70, 5038
1312959 70, 5088
1316795 66, 5120
1318873 65, 5123
1320676 77, 5112
1322832 73, 5126
1324717 66, 5060
1326877 66, 5087
1328732 65, 5016
1332770 74, 5148
1335037 71, 5042
1337002 67, 5164
1338664 63, 5144
1340915 71, 5009
1343059 65, 5001
1344999 79, 5103
1348863 69, 5068
1352829 77, 5152
1354914 68, 5092
1357121 73, 5105
1358831 77, 5104
1360806 75, 5117
1363179 68, 5194
1367081 65, 5136
1368968 68, 5039
1372718 73, 5050
1378969 63, 5036
1381087 62, 5149
1382688 77, 5090
1384882 71, 5125
1388991 71, 5141
1390796 61, 5105
1392841 68, 5165
1394998 67, 5123
1396754 65, 5000
1398719 71, 5121
1400942 67, 5004
1402999 62, 5175
1404778 74, 5053
1407185 67, 5015
1409078 66, 5122
1412750 61, 5075
1414844 79, 5128
1416844 74, 5109
1419050 60, 5100
1423063 77, 5027
1424856 73, 5021
1426834 67, 5128
1430862 73, 5055
1435000 62, 5131
1436692 71, 5002
1438723 76, 5181
1440794 66, 5034
1447167 76, 5019
1453152 63, 5105
1457082 61, 5055
1460862 65, 5088
1462685 66, 5138
1466786 62, 5025
1468921 63, 5087
1470950 77, 5161
1472972 66, 5080
1474844 78, 5024
1476821 79, 5050
1481162 64, 5177
1484712 60, 5009
1486913 60, 5152
1488858 68, 5039
1490869 79, 5053
1492748 67, 5015
1494901 74, 5039
1496897 77, 5059
1498873 65, 5168
1500972 73, 5018
1504740 61, 5194
1506948 77, 5089
1508741 70, 5078
1511085 77, 5029
1512734 70, 5127
1514929 68, 5042
1517229 67, 5158
1518743 63, 5125
1520922 74, 5166
1523014 70, 5168
1524863 74, 5008
1529051 78, 5034
1531059 61, 5075
1533094 69, 5008
1535071 60, 5034
1536799 61, 5058
1538819 75, 5192
1541067 72, 5070
1542963 62, 5056
1545067 68, 5114
1546743 61, 5033
1548874 61, 5034
1550875 65, 5141
1552910 65, 5197
1554837 60, 5182
1556870 66, 5092
1561065 72, 5126
1562866 60, 5004
1566997 62, 5122
1570820 77, 5098
1573001 62, 5034
1575054 76, 5178
1578693 74, 5096
1580825 74, 5104
1586774 76, 5134
1588726 71, 5121
1591005 60, 5027
1594696 61, 5078
1597068 61, 5168
1599135 60, 5157
1602894 78, 5149
1604970 74, 5158
1606998 67, 5168
1608751 73, 5042
1610990 79, 5105
1612869 63, 5021
1614812 61, 5173
1616917 68, 5088
1618858 65, 5192
1621101 60, 5121
1624988 76, 5145
1626867 78, 5014
1628885 63, 5087
1631055 69, 5162
1633000 66, 5005
1634827 72, 5047
1638942 75, 5130
1640704 66, 5100
1642999 61, 5158
1644928 60, 5183
1649093 63, 5054
1650680 62, 5095
1652972 62, 5014
1654918 62, 5181
1657061 73, 5186
1658889 74, 5193
1662944 74, 5016
1664910 68, 5108
1666964 71, 5119
1669002 60, 5146
1670927 76, 5175
1673060 70, 5014
1674668 70, 5059
1676867 77, 5120
1678995 60, 5034
1680784 67, 5036
1683111 75, 5127
1684867 73, 5111
1686860 64, 5176
1688866 70, 5093
1690883 64, 5079
1692811 70, 5052
1694916 74, 5065
1696949 66, 5090
1698815 62, 5091
1700951 60, 5007
1706943 62, 5129
1708891 77, 5015
1710851 73, 5190
1712623 66, 5115
1714850 66, 5138
1716974 74, 5128
1719069 70, 5100
1725000 76, 5033
1727020 66, 5032
1731201 68, 5190
1733076 69, 5143
1735072 72, 5020
1738878 72, 5028
1740842 64, 5092
1742727 77, 5031
1745045 63, 5198
1746871 67, 5102
1749079 69, 5015
1750910 72, 5137
1753034 73, 5153
1754775 60, 5153
1757007 72, 5130
1758837 79, 5192
1761068 70, 5100
1763058 61, 5176
1764941 64, 5182
1766746 66, 5084
1768907 65, 5095
1774938 75, 5051
1776650 65, 5086
1778940 79, 5031
1780877 60, 5007
1782902 65, 5140
1785150 61, 5014
1786912 61, 5004
1790665 68, 5170
1795050 72, 5039
1796845 60, 5015
1798734 77, 5160
