82519 74, 5086
84535 72, 5190
92641 78, 5076
94539 72, 5133
96542 62, 5113
98523 76, 5001
100587 77, 5086
102625 63, 5178
104616 61, 5015
108558 78, 5014
110607 64, 5028
114542 77, 5027
116635 65, 5087
118567 71, 5120
120504 62, 5151
126545 70, 5148
128660 61, 5047
130587 60, 5071
132612 64, 5089
134510 69, 5180
136673 70, 5027
138622 62, 5118
140523 75, 5072
144548 74, 5146
146577 63, 5073
148510 73, 5168
152609 78, 5155
154510 68, 5153
158657 66, 5178
162625 60, 5001
164542 75, 5183
166587 66, 5175
168529 68, 5030
170504 60, 5043
174510 73, 5116
176590 78, 5110
178564 60, 5062
180648 61, 5163
184574 72, 5087
186523 60, 5063
188661 63, 5102
190638 73, 5134
192567 64, 5184
194548 62, 5033
196507 72, 5128
198564 62, 5063
200514 70, 5014
204535 72, 5084
208510 73, 5149
210584 66, 5152
212567 60, 5137
214503 76, 5021
216673 62, 5027
218503 72, 5103
220561 72, 5112
222542 68, 5130
224568 79, 5036
226507 79, 5097
228664 71, 5009
230533 60, 5049
232603 63, 5002
234657 60, 5184
236510 67, 5091
238644 79, 5059
240565 79, 5074
244503 68, 5139
246542 63, 5160
248644 72, 5037
252510 62, 5104
254507 66, 5014
256667 61, 5093
260510 69, 5157
262600 70, 5162
264529 63, 5076
266596 63, 5160
268539 69, 5122
270504 68, 5028
272545 67, 5177
274503 70, 5134
276584 71, 5196
278510 73, 5121
284523 64, 5027
286590 61, 5147
288503 65, 5039
292593 75, 5135
296503 65, 5108
298539 71, 5015
302609 72, 5199
304564 76, 5190
308539 72, 5069
310600 66, 5071
312503 74, 5169
314612 66, 5181
316510 79, 5090
320536 78, 5095
324535 63, 5064
326503 68, 5187
328648 69, 5018
330504 61, 5053
332526 76, 5044
334510 67, 5133
336612 73, 5112
338584 69, 5099
344523 64, 5119
348507 60, 5094
350636 69, 5060
352529 60, 5009
354510 74, 5195
356507 76, 5164
358644 67, 5000
360555 71, 5046
362503 65, 5099
364503 66, 5033
366510 70, 5023
368625 71, 5017
370533 71, 5060
372548 74, 5126
374708 61, 5031
376510 60, 5017
378510 64, 5079
380555 64, 5186
388612 61, 5007
390632 66, 5050
392542 75, 5165
394503 67, 5017
396503 64, 5020
398616 74, 5120
400699 77, 5052
402523 65, 5067
406510 76, 5064
408545 75, 5168
410600 66, 5009
414510 73, 5105
416503 60, 5088
418552 61, 5048
420642 79, 5026
422539 68, 5085
424609 79, 5008
426503 79, 5026
428510 64, 5057
430613 78, 5139
432561 69, 5023
434603 78, 5042
436503 70, 5106
438584 61, 5014
440504 69, 5089
442696 79, 5062
446510 71, 5135
448510 65, 5033
450587 71, 5029
456510 60, 5191
458529 65, 5043
460504 77, 5058
462670 73, 5062
464593 60, 5067
466609 65, 5143
468574 76, 5020
470504 69, 5038
472561 70, 5186
474584 78, 5161
476503 61, 5131
478596 75, 5050
480719 60, 5120
482702 76, 5000
484510 60, 5074
486510 67, 5090
488568 73, 5102
494606 75, 5003
496513 79, 5117
498574 65, 5190
500530 66, 5128
502503 73, 5059
504590 69, 5077
506510 79, 5192
508715 66, 5195
510510 67, 5133
512609 69, 5058
514503 66, 5140
516510 73, 5156
518561 77, 5085
520517 71, 5137
522584 73, 5073
526551 65, 5022
530527 76, 5035
532535 60, 5044
534574 64, 5064
536519 65, 5103
538503 66, 5040
540616 70, 5026
542664 68, 5014
544510 71, 5021
546596 70, 5094
548519 66, 5138
550510 70, 5124
554529 60, 5184
556503 64, 5121
558503 77, 5013
562635 76, 5027
564510 67, 5156
566648 67, 5122
568555 63, 5038
572503 68, 5044
574548 71, 5195
582596 65, 5004
588510 70, 5015
590533 79, 5011
592664 64, 5038
594503 65, 5035
596561 67, 5086
598600 76, 5162
600539 79, 5133
602503 78, 5131
604535 75, 5139
606548 63, 5199
608529 62, 5182
610581 65, 5105
612568 79, 5199
614558 62, 5123
616664 67, 5120
618667 70, 5137
620510 60, 5143
626503 76, 5079
632503 77, 5187
634519 70, 5014
636503 78, 5130
638712 70, 5115
640552 70, 5035
642529 68, 5031
644683 67, 5102
646609 69, 5114
648558 76, 5155
650510 66, 5035
652513 66, 5045
654503 62, 5182
656568 68, 5123
660507 61, 5184
664619 75, 5167
666680 63, 5068
670603 77, 5110
672564 76, 5090
674503 69, 5008
676510 66, 5064
680642 65, 5044
682580 73, 5162
684503 67, 5019
686600 76, 5180
690523 78, 5019
694503 68, 5003
698548 70, 5190
704519 62, 5105
708619 64, 5128
712561 72, 5127
714510 63, 5046
716740 78, 5021
718571 65, 5122
720603 74, 5121
722625 64, 5156
724526 75, 5016
728510 69, 5109
730667 75, 5058
732503 76, 5080
734571 68, 5042
736600 74, 5045
740642 74, 5111
742539 75, 5125
744555 74, 5153
746510 69, 5192
750632 62, 5093
752503 60, 5106
756609 61, 5069
758529 65, 5180
760504 70, 5062
762503 73, 5003
764619 72, 5034
766660 69, 5134
768561 62, 5139
770738 78, 5095
774638 72, 5012
776542 65, 5159
778503 70, 5167
780565 66, 5008
782625 66, 5040
784503 67, 5052
786641 62, 5084
788503 61, 5101
792657 61, 5040
794628 79, 5051
796622 66, 5101
798619 79, 5064
800600 76, 5085
802503 75, 5032
804503 75, 5160
806503 71, 5148
808564 70, 5164
810504 78, 5115
812670 79, 5183
814561 61, 5067
816699 74, 5015
818529 69, 5045
820504 76, 5191
822510 64, 5077
824580 79, 5006
826510 72, 5049
828632 71, 5163
830536 64, 5091
836516 78, 5155
838510 71, 5081
840510 79, 5102
842548 62, 5025
846503 68, 5152
848503 66, 5068
850539 61, 5063
854529 71, 5098
856516 65, 5050
862503 76, 5123
866638 60, 5121
868567 66, 5171
874503 72, 5176
876503 79, 5081
878510 66, 5113
882544 77, 5131
884632 73, 5088
886638 64, 5004
888651 71, 5118
890533 72, 5044
894551 63, 5082
896542 64, 5044
898503 78, 5128
900542 72, 5024
904616 77, 5133
906516 72, 5004
908510 77, 5069
910571 79, 5032
912686 79, 5005
914510 64, 5007
916529 61, 5198
918616 70, 5086
920575 76, 5049
924510 71, 5166
926548 77, 5156
928503 79, 5171
930667 72, 5101
932503 65, 5132
936513 75, 5066
938523 67, 5143
940504 79, 5191
942603 68, 5129
946545 69, 5039
952641 68, 5040
954606 73, 5137
956596 68, 5175
958510 65, 5119
960693 70, 5137
962548 66, 5094
964603 68, 5078
966503 78, 5009
968548 60, 5132
970546 63, 5001
972567 64, 5045
974503 73, 5012
976516 75, 5154
978548 71, 5004
980510 79, 5038
982590 74, 5122
984587 69, 5049
986561 64, 5158
988523 73, 5186
990539 68, 5138
992625 75, 5053
994593 72, 5166
996503 79, 5159
1002503 71, 5056
1004593 75, 5091
1006542 72, 5171
1008657 77, 5050
1010616 76, 5104
1014503 79, 5074
1016619 68, 5019
1018510 74, 5177
1020510 65, 5176
1022510 70, 5026
1024587 74, 5005
1026510 79, 5068
1028551 64, 5149
1032606 62, 5023
1034510 66, 5052
1036600 79, 5067
1038503 60, 5013
1040549 73, 5012
1042577 70, 5010
1044590 66, 5064
1046644 73, 5066
1048600 69, 5194
1050610 71, 5188
1052551 72, 5160
1054510 62, 5009
1056510 77, 5166
1058503 62, 5013
1060545 61, 5061
1064503 72, 5156
1066510 60, 5072
1068510 72, 5199
1070700 72, 5047
1072503 67, 5181
1074632 73, 5129
1076510 67, 5061
1080558 68, 5043
1082580 74, 5145
1084702 74, 5162
1088619 73, 5095
1090687 79, 5134
1094510 77, 5053
1096676 77, 5113
1102542 64, 5063
1106564 60, 5027
1108590 62, 5033
1110626 73, 5145
1112510 72, 5151
1114503 66, 5158
1116590 67, 5082
1118503 78, 5183
1120504 65, 5171
1122667 78, 5088
1124577 61, 5011
1126503 66, 5103
1128542 70, 5069
1130671 76, 5005
1132539 60, 5078
1134683 75, 5024
1136503 72, 5132
1138603 79, 5193
1140504 74, 5031
1142567 72, 5087
1144625 61, 5160
1148526 60, 5182
1150656 64, 5147
1152654 60, 5069
1154510 68, 5074
1156510 77, 5148
1158503 62, 5122
1160607 60, 5173
1162696 76, 5097
1164609 76, 5166
1166529 75, 5121
1168568 78, 5162
1170571 75, 5084
1172667 66, 5144
1174510 75, 5065
1178529 70, 5146
1180561 74, 5140
1184503 76, 5052
1188503 62, 5094
1196603 78, 5021
1198638 79, 5043
1200526 71, 5088
1202574 63, 5137
1204696 60, 5130
1206689 74, 5086
1208510 69, 5188
1212535 62, 5084
1214625 60, 5124
1216503 62, 5121
1218551 66, 5175
1220510 60, 5016
1222660 64, 5193
1226561 61, 5099
1228503 63, 5037
1232503 69, 5027
1234503 74, 5100
1236510 71, 5082
1240504 62, 5012
1242510 79, 5040
1244529 69, 5017
1248564 76, 5070
1250504 79, 5104
1252657 62, 5018
1254503 61, 5023
1256622 69, 5103
1258638 66, 5083
1260504 66, 5130
1264510 64, 5060
1266503 65, 5161
1268503 67, 5011
1270510 74, 5178
1272638 68, 5123
1274606 65, 5027
1276580 71, 5124
1278686 77, 5030
1282686 76, 5095
1284616 61, 5143
1286529 76, 5009
1288660 72, 5131
1290533 63, 5172
1292600 74, 5052
1296503 62, 5138
1298676 73, 5188
1300545 63, 5169
1302580 71, 5097
1304612 73, 5000
1306596 61, 5083
1308593 63, 5075
1310655 62, 5143
1312564 69, 5153
1314657 67, 5041
1316503 67, 5022
1318503 76, 5191
1320533 69, 5023
1322600 60, 5099
1324686 73, 5004
1326510 75, 5041
1328641 64, 5183
1330510 66, 5179
1334555 67, 5044
1336503 76, 5167
1338526 74, 5094
1340664 67, 5006
1342548 73, 5146
1344503 77, 5060
1346548 61, 5003
1350558 76, 5116
1352526 63, 5082
1354503 73, 5090
1356561 75, 5167
1358523 66, 5136
1360545 63, 5190
1368548 69, 5159
1370533 60, 5048
1372564 76, 5144
1374529 75, 5017
1376567 61, 5101
1378632 64, 5171
1380629 73, 5191
1382510 78, 5121
1384603 67, 5124
1392664 79, 5066
1394503 69, 5113
1398523 79, 5044
1400639 67, 5169
1404596 78, 5021
1408510 77, 5095
1410590 79, 5077
1412503 79, 5120
1414587 65, 5019
1416622 65, 5003
1418529 64, 5072
1420690 70, 5161
1422590 70, 5027
1430504 72, 5135
1432619 77, 5090
1434664 70, 5186
1436510 66, 5009
1438513 77, 5176
1440510 74, 5131
1442548 75, 5041
1444648 64, 5180
1446609 70, 5146
1448657 64, 5089
1450523 78, 5026
1452718 72, 5124
1456532 64, 5087
1458510 62, 5090
1460581 65, 5108
1462510 70, 5149
1464593 62, 5046
1466503 62, 5128
1470629 78, 5000
1472551 64, 5063
1474542 73, 5041
1476510 76, 5099
1478632 72, 5070
1482503 64, 5028
1486632 62, 5136
1492676 78, 5177
1494590 71, 5000
1496568 63, 5090
1498580 73, 5036
1500545 63, 5004
1502503 77, 5049
1504635 71, 5150
1508503 73, 5104
1510504 79, 5027
1512603 63, 5001
1514644 77, 5186
1518503 65, 5047
1520510 65, 5023
1524616 77, 5144
1526510 73, 5167
1528676 66, 5133
1530510 62, 5175
1532577 61, 5188
1534680 69, 5129
1536718 70, 5191
1540552 76, 5192
1542510 60, 5050
1544696 67, 5082
1546622 68, 5056
1548503 76, 5028
1552555 64, 5008
1554503 66, 5175
1556577 64, 5067
1558628 71, 5176
1560622 65, 5178
1562510 64, 5015
1564606 70, 5186
1566561 70, 5152
1568510 78, 5022
1570632 71, 5001
1572526 77, 5037
1574510 65, 5072
1576510 73, 5192
1578609 74, 5123
1580632 77, 5036
1582551 60, 5039
1584600 74, 5141
1586686 66, 5131
1590658 77, 5022
1594510 71, 5163
1596510 78, 5125
1598696 70, 5011
1600517 72, 5192
1602718 67, 5175
1604535 60, 5125
1606542 77, 5085
1608510 71, 5050
1614503 74, 5088
1616567 76, 5151
1618529 76, 5060
1620626 65, 5016
1622584 60, 5119
1624561 77, 5006
1630597 76, 5046
1632699 61, 5023
1634503 77, 5076
1636622 71, 5005
1638503 70, 5143
1640539 60, 5060
1642568 78, 5022
1644548 61, 5052
1646574 66, 5122
1648503 74, 5122
1650523 75, 5175
1652510 75, 5005
1654529 60, 5053
1656692 65, 5046
1658503 75, 5014
1664503 78, 5162
1666564 66, 5114
1668516 69, 5160
1670616 69, 5108
1672529 60, 5087
1674648 62, 5099
1676510 72, 5199
1678510 75, 5118
1680510 78, 5134
1684561 66, 5102
1686641 71, 5119
1688545 77, 5189
1692519 63, 5139
1694622 64, 5117
1696510 66, 5102
1698503 79, 5185
1700510 75, 5183
1702632 63, 5004
1704606 71, 5013
1706503 71, 5002
1708503 62, 5018
1710510 64, 5062
1712596 76, 5026
1714740 61, 5109
1718600 61, 5151
1720559 67, 5048
1722516 69, 5155
1726548 71, 5032
1728551 64, 5161
1730517 77, 5055
1732580 73, 5082
1734635 75, 5039
1736587 74, 5150
1738555 62, 5148
1740510 74, 5140
1742600 69, 5192
1744503 62, 5148
1746628 77, 5025
1748529 72, 5094
1750591 79, 5103
1752571 63, 5153
1754702 76, 5145
1756510 70, 5031
1762503 79, 5054
1764503 78, 5090
1768699 71, 5093
1770552 66, 5061
1772510 63, 5057
1774564 72, 5086
1778590 64, 5132
1782708 62, 5006
1784564 73, 5083
1786503 64, 5137
1788545 73, 5188
1792590 67, 5137
1798503 74, 5184
