95960 3882
100706 3873
111166 3892
116339 3888
120932 3746
130971 3874
145773 3785
151031 3892
171241 3721
181068 3841
185991 3765
191202 3883
196117 3721
200752 3817
210723 3893
215982 3701
225796 3756
230885 3703
235858 3887
251036 3820
260921 3712
265954 3818
276151 3848
281029 3743
286389 3804
290754 3820
295598 3720
300877 3814
305732 3762
310945 3833
315933 3780
320880 3896
326100 3807
331025 3852
335736 3845
345933 3779
350921 3884
355977 3762
361067 3744
365856 3841
370909 3843
376119 3897
380989 3741
391217 3725
395954 3740
400862 3858
405860 3781
411090 3820
425896 3856
430876 3737
436040 3811
440899 3898
445926 3708
451082 3891
456353 3757
461157 3842
465739 3888
471077 3701
475733 3734
480872 3884
495850 3754
501037 3897
506050 3741
510985 3718
515989 3715
520747 3789
530966 3775
535887 3843
541070 3844
550746 3725
555828 3784
560831 3890
566002 3791
570926 3873
575895 3859
596049 3820
601032 3833
606071 3824
610761 3764
615805 3747
621014 3820
626005 3868
630940 3851
635952 3805
640802 3727
645937 3765
655660 3879
660723 3829
665994 3865
676030 3727
680990 3739
685937 3851
691205 3713
700866 3728
705690 3856
710697 3731
715847 3844
720699 3805
725943 3837
735980 3851
740878 3716
745997 3734
750789 3800
756060 3825
761073 3760
770757 3783
790949 3893
795931 3897
800783 3852
806098 3854
815818 3894
825905 3806
830703 3824
845845 3876
850940 3872
860792 3765
865946 3800
870921 3733
880984 3865
886006 3851
890862 3821
900777 3864
910996 3876
920911 3707
931228 3899
936095 3792
941047 3771
945844 3779
961126 3819
980929 3745
991017 3889
995837 3767
1000998 3810
1010980 3720
1016025 3830
1020767 3761
1025783 3715
1030935 3813
1035758 3854
1040704 3720
1046158 3710
1050760 3866
1061082 3796
1066107 3800
1075820 3759
1096009 3895
1100675 3786
1105895 3874
1110824 3736
1121010 3724
1125749 3887
1130831 3713
1135866 3801
1141068 3832
1145907 3788
1150797 3881
1160842 3875
1165828 3760
1176133 3871
1186094 3823
1191112 3795
1195939 3793
1200996 3767
1205968 3853
1210911 3814
1216083 3857
1220729 3738
1226004 3739
1230757 3795
1235914 3749
1255760 3869
1260945 3746
1270851 3869
1275639 3718
1280859 3839
1285876 3781
1290874 3724
1295837 3740
1300875 3876
1306017 3845
1311126 3748
1315668 3713
1321018 3770
1325738 3865
1331100 3896
1335821 3766
1340847 3825
1345880 3778
1355857 3722
1365987 3767
1370872 3721
1381224 3761
1385726 3733
1390984 3737
1396047 3718
1405857 3765
1410837 3863
1415988 3875
1425756 3738
1430764 3852
1435994 3863
1441002 3882
1446023 3704
1450869 3893
1456005 3754
1465931 3890
1471047 3713
1475771 3846
1481085 3839
1485717 3738
1490878 3838
1495898 3768
1506016 3824
1511020 3851
1520887 3872
1526001 3720
1535814 3879
1540712 3843
1545825 3745
1551139 3805
1555667 3802
1560967 3760
1570925 3894
1580993 3767
1585795 3713
1590901 3753
1596073 3816
1600948 3833
1615992 3815
1621088 3727
1626160 3821
1630850 3763
1635838 3733
1650965 3717
1655802 3784
1665781 3721
1670820 3806
1680881 3848
1691086 3874
1695854 3819
1705852 3889
1711062 3706
1716003 3863
1720988 3798
1730958 3719
1740773 3769
1746034 3856
1750797 3878
1766021 3792
1775792 3734
1780779 3777
1791009 3839
1795806 3728
