91202 3832
96123 3884
100824 3811
105916 3744
111128 3879
115949 3785
120665 3859
126049 3782
130924 3703
145849 3887
151256 3804
156074 3862
166105 3720
171098 3802
176004 3856
180869 3741
185822 3788
190691 3708
196367 3715
201101 3815
206435 3755
230795 3720
235990 3702
241023 3846
250816 3817
256272 3790
261169 3769
270784 3778
275957 3830
281210 3791
286018 3753
290852 3826
295727 3706
311327 3713
316308 3818
321168 3862
331004 3746
336276 3706
340822 3760
345636 3729
350765 3789
360668 3853
366007 3745
370748 3892
376050 3813
386004 3837
396104 3855
401323 3724
405864 3778
410555 3709
415626 3781
420717 3778
426100 3863
430708 3860
436299 3897
441149 3732
445841 3707
461089 3870
465766 3785
470878 3896
476075 3778
480888 3746
485901 3783
490990 3780
495706 3795
500920 3893
505841 3740
515753 3707
520880 3857
526113 3778
535851 3758
550923 3818
555517 3871
565971 3847
570782 3715
576050 3894
581161 3831
586039 3844
591032 3870
611051 3808
615788 3711
620824 3808
631009 3815
635886 3737
640807 3867
650830 3801
656115 3828
665951 3816
670904 3739
675784 3877
680754 3802
686158 3784
690972 3732
695935 3841
701172 3790
705927 3831
726022 3877
731151 3881
740827 3848
745647 3725
750763 3797
761015 3852
765851 3862
776103 3865
780848 3755
786200 3787
791058 3869
806047 3775
816009 3889
821014 3755
835841 3736
840848 3728
845957 3793
855540 3881
861068 3735
866051 3886
870836 3742
891068 3816
896004 3704
900866 3736
905899 3796
910880 3862
916221 3724
921081 3710
925786 3735
931113 3785
935964 3776
946004 3841
950930 3852
965698 3846
970984 3767
976054 3752
981109 3703
985907 3833
991081 3801
996046 3758
1000889 3794
1006078 3805
1010783 3881
1016289 3880
1020915 3750
1025872 3873
1031029 3816
1035911 3807
1045873 3838
1050653 3880
1055804 3868
1061198 3802
1066065 3891
1070914 3763
1086008 3895
1091074 3734
1095943 3840
1105764 3852
1115884 3749
1121237 3710
1125769 3765
1136166 3804
1140897 3869
1145700 3852
1150820 3737
1155992 3783
1171059 3805
1175827 3878
1181145 3718
1191045 3870
1195906 3705
1200867 3764
1205709 3749
1210988 3886
1220893 3833
1225814 3752
1231052 3895
1240938 3821
1245983 3799
1250986 3868
1255818 3869
1260959 3718
1271025 3880
1275889 3823
1280883 3831
1285669 3826
1290793 3855
1295814 3860
1301055 3806
1316043 3843
1321150 3798
1326116 3797
1331163 3896
1335961 3858
1345777 3834
1360987 3875
1365917 3899
1375769 3705
1385764 3756
1391144 3765
1396092 3876
1405623 3765
1410868 3868
1425815 3721
1430960 3867
1436031 3782
1441049 3761
1445947 3807
1450754 3830
1455920 3881
1471098 3877
1475843 3850
1490786 3705
1500882 3797
1511061 3795
1520866 3755
1525834 3769
1535960 3722
1540824 3751
1545904 3856
1551029 3834
1555740 3789
1560843 3747
1565907 3787
1570788 3895
1576010 3754
1586053 3834
1596049 3767
1600993 3896
1605996 3772
1610904 3899
1615997 3843
1621161 3870
1625755 3806
1631034 3783
1635855 3854
1640752 3781
1651154 3807
1655943 3815
1670595 3760
1675800 3776
1686114 3868
1691124 3895
1696032 3711
1700930 3814
1705914 3876
1715601 3749
1720789 3719
1725954 3822
1735712 3746
1740802 3738
1745953 3717
1751045 3746
1761021 3796
1765768 3705
1770914 3790
1775903 3853
1785694 3847
1791088 3815
