110504 4374
170604 4387
260607 4392
290661 4312
320626 4422
350510 4412
380677 4376
410510 4499
440510 4346
470533 4398
530526 4475
560504 4393
590533 4461
620504 4354
680533 4341
710636 4319
740549 4338
770539 4436
800613 4492
830510 4468
860533 4337
890703 4355
920504 4453
950504 4339
980632 4301
1010533 4494
1040635 4320
1070664 4328
1100510 4327
1130741 4312
1160680 4439
1190571 4374
1220600 4323
1310517 4367
1340581 4437
1370533 4346
1400562 4313
1430610 4300
1460587 4382
1490677 4349
1520584 4357
1550510 4474
1580533 4490
1610578 4419
1640578 4443
1670584 4336
1700693 4429
1730562 4321
1760555 4410
1790646 4417
