90593 3832
95891 3813
100841 3716
111104 3701
116416 3798
120799 3797
125958 3781
131301 3727
135940 3767
141007 3802
145870 3841
150982 3709
160899 3874
166054 3870
175966 3889
181059 3813
195866 3700
206291 3791
215999 3790
225825 3778
230837 3744
235973 3829
245990 3700
250709 3736
261190 3854
265691 3746
270845 3851
276310 3757
280669 3870
296064 3801
300778 3895
305785 3795
315998 3875
320755 3853
325785 3890
330739 3889
335774 3876
340850 3831
346160 3719
350675 3758
360673 3883
365965 3736
370865 3734
375647 3735
386105 3897
390720 3853
395910 3736
401458 3789
405776 3872
411343 3820
421005 3721
425917 3706
430928 3748
436100 3700
441227 3739
446240 3707
450763 3762
456022 3849
460975 3865
466083 3893
471053 3705
476017 3876
480825 3700
490703 3880
496021 3874
501010 3773
505614 3717
510847 3870
515801 3800
520796 3737
526037 3876
530829 3884
535547 3744
546065 3735
551148 3768
555971 3712
560960 3884
565874 3841
571000 3840
575937 3796
585950 3714
590927 3710
595991 3732
600934 3870
606048 3884
610769 3731
615999 3725
620916 3714
626075 3895
630961 3795
636018 3894
640889 3797
645889 3818
650812 3824
655644 3899
660960 3877
665856 3789
670912 3818
675654 3831
680658 3747
691287 3781
705887 3820
711025 3842
715830 3766
730791 3824
735786 3778
740987 3750
746141 3767
750745 3857
760976 3724
765885 3753
781112 3782
785805 3771
790828 3773
795955 3839
800845 3840
805942 3808
811046 3823
815572 3839
820871 3714
826010 3720
830686 3865
836090 3809
841084 3833
845882 3764
850719 3874
855747 3898
861094 3744
866074 3783
881030 3825
886122 3723
890820 3704
895858 3897
900845 3878
905860 3732
910914 3838
916160 3763
920831 3777
925885 3810
930898 3886
936012 3843
940737 3746
950882 3816
955928 3720
960637 3869
965750 3893
970786 3886
976029 3815
980878 3835
985578 3770
990985 3754
995851 3837
1000760 3779
1005815 3857
1011004 3830
1020827 3876
1025998 3807
1030982 3719
1035876 3716
1041146 3716
1045812 3752
1050873 3735
1055958 3854
1060869 3706
1066000 3890
1075788 3762
1080885 3752
1085832 3878
1090748 3805
1095683 3767
1100923 3808
1110936 3831
1116025 3779
1121208 3884
1126016 3854
1135859 3878
1141140 3828
1145677 3803
1151030 3711
1155930 3751
1160793 3768
1166018 3714
1170768 3770
1175883 3810
1180919 3701
1186051 3727
1190971 3845
1196074 3864
1200677 3842
1206071 3867
1210700 3724
1215861 3745
1221163 3740
1226090 3717
1235810 3742
1240956 3765
1245891 3738
1251064 3734
1275776 3812
1290998 3843
1295806 3839
1300944 3780
1305859 3759
1310960 3802
1315946 3718
1320902 3771
1325889 3835
1331028 3716
1345975 3894
1351058 3899
1360877 3703
1365826 3785
1370934 3743
1380797 3871
1386032 3802
1390884 3785
1395798 3718
1401005 3705
1405918 3833
1410845 3740
1415684 3732
1420738 3862
1425840 3847
1430935 3724
1435892 3812
1441110 3760
1446062 3759
1450907 3833
1455952 3713
1460793 3778
1465752 3764
1475754 3853
1480926 3764
1490919 3760
1495959 3782
1501020 3711
1506078 3752
1510838 3753
1515802 3711
1521039 3893
1530906 3719
1535618 3890
1545930 3875
1555976 3779
1560815 3764
1565818 3855
1570982 3785
1576039 3808
1580985 3734
1586093 3774
1590767 3772
1595736 3747
1600906 3864
1605879 3803
1615978 3762
1625933 3881
1635811 3806
1640998 3752
1651206 3813
1656062 3755
1661204 3739
1665980 3833
1671007 3854
1676032 3718
1680989 3772
1685805 3852
1691064 3877
1695777 3732
1705745 3874
1715784 3749
1721012 3836
1731326 3856
1741179 3751
1745673 3778
1750733 3786
1756031 3761
1761000 3782
1766122 3886
1770933 3752
1785754 3811
1791135 3751
