82539 79, 5050
84507 67, 5184
86606 60, 5019
88542 71, 5129
90639 67, 5199
92503 62, 5085
94632 69, 5108
96535 74, 5072
98522 74, 5186
100507 79, 5057
104641 60, 5102
108548 65, 5176
112513 78, 5094
114542 65, 5194
116510 63, 5007
120517 64, 5099
122580 66, 5009
124503 63, 5065
128539 76, 5000
130562 78, 5041
134590 63, 5017
136564 79, 5053
138571 62, 5152
140664 70, 5195
144609 77, 5033
146506 79, 5075
150597 61, 5194
152590 76, 5103
154558 72, 5114
156503 77, 5120
160552 68, 5039
162510 67, 5117
164628 76, 5192
166522 74, 5011
168510 78, 5153
170549 60, 5010
172577 68, 5083
176522 77, 5192
178619 76, 5122
180672 78, 5179
182548 78, 5163
184522 77, 5052
186510 74, 5079
188625 63, 5117
190510 67, 5196
192503 61, 5184
194625 68, 5053
196555 74, 5021
200520 75, 5092
204503 74, 5163
208574 67, 5084
212715 79, 5036
216503 75, 5033
218529 68, 5121
222648 60, 5098
226513 77, 5101
228516 61, 5166
230507 77, 5043
232577 62, 5010
234510 66, 5125
236510 70, 5037
238542 69, 5056
240510 75, 5098
244587 77, 5186
246619 62, 5068
248545 75, 5123
252529 64, 5197
254564 63, 5073
258503 63, 5193
264612 69, 5080
266555 69, 5164
268635 63, 5009
270504 79, 5140
274503 60, 5157
276536 69, 5003
278503 62, 5127
280622 67, 5083
282503 67, 5044
284580 66, 5002
288567 68, 5187
290684 72, 5127
292519 73, 5146
294503 72, 5063
296644 77, 5008
300526 72, 5005
302503 77, 5017
304702 62, 5105
306561 66, 5111
308564 79, 5104
314625 68, 5156
316580 67, 5046
318580 72, 5192
320626 67, 5063
322522 63, 5028
324555 72, 5177
326632 77, 5048
328564 64, 5016
330638 71, 5064
332526 73, 5098
334510 71, 5161
336612 76, 5045
338503 77, 5006
342616 69, 5166
346503 61, 5102
348680 78, 5102
350655 76, 5136
352522 79, 5155
356609 68, 5144
358555 68, 5054
364692 75, 5042
366510 74, 5049
368510 72, 5080
370581 61, 5184
372603 61, 5191
374510 66, 5119
376510 68, 5173
378510 69, 5126
380658 68, 5094
384510 65, 5063
386635 68, 5184
388545 79, 5063
390510 77, 5059
392584 61, 5175
394503 62, 5157
396542 72, 5039
398542 67, 5011
400546 75, 5037
402596 61, 5142
404506 69, 5111
406503 61, 5003
408545 79, 5125
410510 78, 5140
412660 63, 5117
414510 74, 5152
416555 70, 5016
420584 67, 5094
422642 69, 5025
424510 65, 5023
426622 74, 5023
430558 75, 5118
432628 77, 5002
436529 68, 5159
438516 72, 5102
440629 75, 5051
442506 72, 5080
444506 71, 5052
446548 70, 5157
448510 73, 5155
450606 68, 5161
452567 67, 5114
456522 67, 5192
458503 67, 5138
460680 71, 5032
462529 70, 5128
464724 65, 5148
466529 72, 5073
468628 76, 5013
470504 66, 5092
472548 76, 5153
474548 77, 5022
476571 79, 5169
478542 63, 5140
480510 71, 5112
482516 68, 5159
484644 79, 5068
488503 69, 5109
492510 65, 5149
494590 65, 5180
496577 77, 5073
498587 72, 5132
500504 77, 5174
502503 74, 5174
504574 72, 5117
508564 72, 5002
510658 66, 5195
512548 67, 5035
516503 79, 5152
518596 65, 5024
520504 70, 5010
522503 68, 5045
524510 61, 5094
526510 68, 5153
528503 73, 5043
532612 64, 5172
536503 78, 5028
538510 75, 5127
540696 64, 5179
542548 78, 5151
544510 60, 5150
548612 69, 5008
550504 74, 5076
554603 69, 5119
556503 66, 5006
558510 68, 5186
560555 79, 5091
562529 77, 5042
564577 68, 5123
566635 60, 5008
568622 64, 5199
570616 69, 5034
572580 74, 5066
574510 60, 5194
576503 65, 5050
582644 73, 5180
584635 75, 5119
586632 63, 5050
590620 63, 5135
592580 78, 5184
594519 76, 5027
596510 79, 5091
598510 72, 5159
600690 74, 5092
602564 79, 5003
604510 77, 5140
606510 78, 5081
608555 73, 5053
610565 75, 5002
612510 63, 5109
614632 62, 5096
616651 75, 5075
618683 61, 5044
620629 62, 5097
624632 61, 5191
630510 71, 5006
632503 72, 5176
636561 63, 5053
638522 74, 5184
640510 69, 5017
642616 68, 5004
644510 74, 5121
646510 64, 5021
648510 74, 5020
650600 73, 5017
652522 74, 5109
656673 79, 5161
658654 70, 5133
660658 64, 5114
662593 77, 5172
664590 66, 5090
666648 60, 5066
668689 62, 5167
670568 62, 5082
672593 60, 5146
674680 62, 5033
676568 60, 5058
678503 72, 5081
680587 76, 5032
682510 79, 5066
686510 71, 5171
688558 65, 5179
690504 70, 5063
692558 70, 5188
694590 63, 5058
696567 64, 5128
698548 64, 5047
702526 75, 5132
708523 61, 5103
710687 66, 5045
712667 76, 5093
716555 65, 5067
718545 63, 5064
720581 70, 5151
722561 74, 5100
724587 78, 5193
726529 60, 5101
728510 71, 5173
730738 65, 5044
732577 76, 5196
734548 64, 5070
736593 70, 5077
738529 72, 5188
740568 63, 5149
742564 72, 5124
746564 71, 5007
748529 75, 5142
750642 70, 5198
752526 73, 5112
754545 74, 5153
756522 68, 5192
758606 60, 5136
760571 73, 5089
762574 73, 5079
764641 75, 5034
768510 66, 5168
770526 79, 5105
772526 66, 5078
774503 64, 5056
776529 63, 5151
778510 70, 5003
780504 63, 5052
782529 62, 5077
784616 67, 5156
786660 64, 5154
788561 65, 5151
790504 78, 5119
794510 76, 5121
796580 61, 5012
800510 70, 5164
802648 76, 5171
804555 73, 5084
806548 62, 5171
808529 72, 5088
810504 72, 5114
812510 79, 5132
814593 61, 5167
816555 73, 5105
818503 68, 5106
820504 65, 5011
822548 66, 5188
824580 78, 5160
826590 68, 5124
828510 60, 5191
830504 72, 5102
832564 71, 5025
836724 73, 5198
838558 68, 5170
840571 66, 5141
842612 69, 5170
844587 78, 5082
846632 69, 5080
848648 73, 5020
850552 65, 5047
852561 64, 5042
854503 65, 5107
856680 78, 5184
858503 65, 5054
860645 78, 5074
862510 74, 5149
864625 79, 5076
866542 65, 5071
868542 78, 5150
870651 75, 5177
872510 62, 5091
874510 65, 5160
876558 61, 5025
878510 73, 5152
882539 69, 5123
884590 67, 5188
886616 73, 5035
888503 67, 5001
890504 78, 5180
892548 78, 5016
894590 62, 5082
896510 64, 5042
898503 70, 5165
900648 77, 5144
904593 64, 5009
906696 77, 5177
908564 75, 5037
910638 71, 5151
912529 68, 5145
914529 61, 5178
916503 65, 5183
918510 68, 5197
920510 62, 5053
922600 67, 5091
924548 76, 5001
926574 70, 5174
928612 77, 5023
930555 61, 5093
934542 71, 5092
936506 74, 5074
942522 69, 5098
944503 69, 5101
946519 65, 5165
948510 69, 5168
950668 65, 5031
952516 66, 5180
954503 67, 5097
956555 73, 5020
958619 61, 5031
960613 70, 5025
962625 75, 5014
964580 67, 5087
966510 67, 5112
970687 76, 5032
972667 68, 5112
974503 74, 5171
976721 70, 5113
978632 66, 5087
980706 61, 5182
982529 78, 5192
984657 62, 5183
986648 72, 5141
988600 61, 5192
990642 61, 5030
992577 60, 5139
994542 79, 5083
996510 73, 5073
998625 73, 5029
1000526 65, 5037
1002503 63, 5191
1004593 66, 5014
1006542 65, 5048
1008590 62, 5027
1010603 67, 5073
1012522 76, 5174
1014657 78, 5190
1016600 67, 5034
1020555 62, 5192
1022568 68, 5196
1024510 62, 5155
1026651 67, 5007
1028503 76, 5024
1030587 60, 5006
1032548 66, 5144
1034644 63, 5081
1036529 64, 5044
1040526 62, 5113
1044596 68, 5018
1048628 68, 5034
1054644 72, 5165
1056555 60, 5127
1060664 60, 5170
1062564 64, 5064
1064564 61, 5029
1066503 72, 5003
1070504 66, 5115
1072548 60, 5111
1074664 67, 5198
1078510 79, 5079
1082529 77, 5139
1084542 73, 5192
1086558 77, 5018
1088625 65, 5188
1090510 79, 5147
1092593 76, 5167
1094510 76, 5031
1098612 63, 5009
1100510 79, 5028
1102510 77, 5064
1104526 76, 5041
1106542 61, 5183
1110575 71, 5098
1112603 60, 5187
1114510 67, 5054
1118686 62, 5128
1120591 63, 5017
1122503 64, 5082
1124503 73, 5064
1126593 61, 5061
1128513 60, 5138
1130658 71, 5159
1132606 64, 5057
1134503 77, 5000
1136657 66, 5014
1138503 76, 5149
1140546 78, 5170
1142510 69, 5055
1144503 60, 5124
1146609 71, 5099
1148526 65, 5165
1150520 71, 5144
1152622 77, 5157
1154510 79, 5028
1158635 75, 5154
1160578 62, 5084
1162510 78, 5099
1164638 62, 5096
1166513 60, 5095
1168633 75, 5195
1172577 60, 5190
1174561 67, 5092
1176503 63, 5006
1178510 71, 5191
1180539 67, 5017
1182587 62, 5135
1184580 78, 5188
1186545 63, 5090
1188526 72, 5058
1190607 69, 5181
1192529 78, 5137
1194638 69, 5025
1196616 77, 5049
1198529 68, 5029
1200607 73, 5096
1206651 67, 5052
1208529 69, 5078
1210635 70, 5093
1212638 70, 5078
1214503 71, 5065
1216529 61, 5196
1218526 73, 5123
1220510 68, 5108
1224632 73, 5140
1226555 78, 5180
1230510 75, 5036
1232545 63, 5084
1236641 62, 5171
1238548 72, 5090
1240616 69, 5069
1242535 75, 5186
1244503 69, 5141
1246510 68, 5031
1248519 64, 5189
1252571 67, 5085
1254670 63, 5035
1256651 68, 5023
1258548 61, 5112
1260587 74, 5184
1262503 60, 5145
1264584 72, 5131
1266503 77, 5185
1268503 66, 5187
1270504 66, 5138
1272590 74, 5017
1276503 64, 5154
1278600 74, 5171
1282673 60, 5165
1284510 63, 5041
1286510 69, 5132
1288686 65, 5184
1290520 79, 5096
1292606 75, 5009
1294522 64, 5184
1296612 69, 5036
1298548 62, 5018
1300613 70, 5108
1302561 73, 5137
1304590 61, 5164
1306510 71, 5012
1310693 70, 5165
1314622 71, 5067
1316548 75, 5036
1318503 79, 5084
1322689 67, 5146
1324625 64, 5063
1326510 75, 5038
1328510 73, 5033
1330603 79, 5155
1334555 62, 5108
1336641 72, 5187
1338510 74, 5032
1340568 75, 5075
1342548 66, 5152
1344705 75, 5172
1346625 63, 5161
1348510 64, 5038
1350574 63, 5088
1356561 68, 5122
1358584 66, 5064
1362689 71, 5170
1368567 61, 5008
1370504 62, 5030
1372510 67, 5139
1374529 63, 5053
1376503 63, 5104
1378590 60, 5122
1380607 66, 5197
1382503 61, 5110
1384664 61, 5040
1390587 68, 5083
1392510 76, 5168
1394590 77, 5176
1396519 66, 5136
1398510 68, 5017
1400504 66, 5035
1402503 61, 5073
1404622 75, 5126
1406510 66, 5153
1408503 61, 5028
1410591 77, 5132
1412574 73, 5022
1416529 67, 5133
1418503 63, 5147
1420558 73, 5021
1422503 76, 5145
1424567 66, 5008
1426580 73, 5041
1428689 65, 5086
1430671 78, 5028
1432529 71, 5130
1434571 64, 5122
1438506 76, 5038
1440510 77, 5146
1444510 72, 5125
1446561 70, 5047
1448603 64, 5019
1450587 63, 5170
1452567 78, 5186
1454510 76, 5183
1456503 72, 5013
1458510 79, 5179
1462503 70, 5032
1464510 61, 5142
1466510 64, 5150
1468510 79, 5153
1470584 68, 5165
1474503 61, 5009
1478535 76, 5125
1480504 61, 5038
1482606 64, 5083
1484616 63, 5155
1488638 73, 5173
1490504 76, 5169
1492519 61, 5098
1494644 75, 5069
1496651 75, 5055
1498503 64, 5056
1502548 77, 5102
1504593 66, 5171
1506503 78, 5199
1508545 66, 5135
1514657 79, 5002
1516539 74, 5169
1518609 69, 5044
1520510 60, 5156
1522622 69, 5036
1524593 68, 5020
1526548 76, 5119
1528644 62, 5029
1532577 61, 5016
1534648 66, 5072
1536571 63, 5137
1538529 67, 5067
1542529 62, 5013
1544532 79, 5043
1546503 63, 5186
1548519 70, 5156
1550613 64, 5073
1552526 73, 5095
1554648 73, 5135
1556561 73, 5054
1558689 74, 5149
1560584 71, 5150
1562619 71, 5162
1564689 78, 5047
1568667 62, 5161
1572545 76, 5058
1574564 64, 5047
1576635 76, 5096
1578548 62, 5119
1580533 68, 5049
1582522 75, 5127
1584673 66, 5072
1586587 71, 5105
1590594 77, 5051
1592580 73, 5138
1594523 63, 5039
1596696 72, 5014
1598596 71, 5126
1600571 79, 5098
1602522 62, 5096
1604503 78, 5117
1606628 74, 5116
1608635 77, 5046
1610613 76, 5052
1616657 74, 5079
1618580 70, 5009
1620571 64, 5100
1622503 77, 5181
1624686 74, 5197
1626503 78, 5091
1628644 63, 5012
1630510 74, 5142
1632503 66, 5031
1636510 64, 5171
1638600 65, 5067
1640555 70, 5192
1644587 73, 5139
1646603 64, 5175
1648510 62, 5042
1650655 63, 5088
1652503 68, 5153
1654561 72, 5094
1656510 70, 5140
1658548 71, 5070
1660504 69, 5167
1664542 64, 5129
1666548 63, 5158
1668516 65, 5161
1672632 61, 5129
1674603 71, 5018
1678564 63, 5135
1680635 77, 5094
1682503 76, 5116
1684522 63, 5079
1686635 77, 5026
1688731 66, 5137
1690671 67, 5149
1694616 78, 5120
1696561 60, 5199
1698644 70, 5177
1700684 79, 5181
1702574 73, 5177
1706510 64, 5175
1708548 66, 5195
1710504 60, 5111
1712644 71, 5142
1714510 74, 5003
1716571 64, 5079
1718609 71, 5175
1720504 68, 5173
1722564 78, 5060
1724522 71, 5024
1726510 65, 5128
1730510 74, 5023
1732635 79, 5174
1734648 61, 5108
1736641 70, 5075
1738548 60, 5153
1740510 74, 5141
1742503 68, 5036
1744545 70, 5177
1746680 61, 5023
1750555 65, 5199
1752510 63, 5000
1756529 74, 5130
1758503 77, 5084
1760504 79, 5082
1762510 69, 5079
1766625 69, 5074
1772689 69, 5164
1774542 63, 5062
1776503 76, 5036
1778510 65, 5195
1780504 60, 5175
1782635 76, 5056
1784503 65, 5129
1786503 74, 5028
1788503 74, 5191
1790603 61, 5019
1792600 77, 5008
1794510 77, 5171
1796510 74, 5166
1798619 61, 5158
