90039 1932
100048 2066
120010 2020
130048 1941
140095 1929
160003 2005
170152 2015
180112 1982
190061 2087
210003 2049
220119 2077
230124 1910
240010 2032
250141 2015
260187 1970
270170 1927
280058 2025
310003 1987
320091 2083
330070 1905
350248 2003
360003 2022
400087 1995
410053 2041
430080 1944
440058 1935
450147 2080
460141 2069
480019 1967
490003 1949
500174 2054
510016 2082
530060 2092
540029 1930
560184 2038
570010 1978
590140 2067
600035 1910
610003 1943
630010 1936
650120 2082
660048 2004
670103 1985
680110 2027
690116 2094
700003 2016
730106 1903
770177 1997
780054 2039
790003 2051
800266 2069
810010 2047
820010 1990
830270 2092
850061 2093
860137 2080
870109 1907
880058 1930
900125 1915
910010 1906
920091 2017
930032 1915
940051 1973
950081 2097
960131 2074
970010 2056
1010172 2062
1040158 1927
1050003 2013
1060125 2091
1080045 1919
1090070 2092
1100148 1943
1110010 1934
1120183 2069
1140003 2012
1150112 2058
1170109 1944
1190152 1921
1200160 1995
1210010 1993
1220292 2006
1230112 1939
1290103 2028
1300080 2083
1310148 1931
1320083 2030
1330003 2002
1340051 2070
1350022 2005
1370225 1972
1380003 2015
1390022 1934
1400123 1945
1410003 2007
1420093 2047
1440016 2006
1450058 2037
1460154 1913
1490130 2067
1500042 2070
1520101 1917
1540045 1973
1550104 2067
1560051 1971
1570067 1961
1580249 1900
1590010 1969
1600093 2035
1610161 1902
1620003 1945
1630006 2000
1640152 1996
1650132 2049
1670154 1930
1680183 2046
1690010 1921
1700152 2022
1710003 1943
1720003 1960
1730199 1933
1740010 2011
1750157 2054
1770003 2012
1780067 1911
1790044 2091
