82010 76, 5041
86042 69, 5035
88087 60, 5156
94003 75, 5082
96096 63, 5113
102205 66, 5020
104109 61, 5145
110566 62, 5172
112023 75, 5014
116151 63, 5078
118010 62, 5033
120219 78, 5010
122026 79, 5023
126045 62, 5054
128084 76, 5119
132119 71, 5083
134010 74, 5026
136055 60, 5087
138071 65, 5198
142013 71, 5062
144103 64, 5002
148003 74, 5062
152023 65, 5136
154109 76, 5195
156167 77, 5001
158061 71, 5040
166010 61, 5188
170327 74, 5193
172010 72, 5110
176141 78, 5183
178045 62, 5058
180220 60, 5142
182048 77, 5106
184003 69, 5152
190244 64, 5167
196068 61, 5092
198071 64, 5056
200267 63, 5198
202003 70, 5076
210200 67, 5121
212003 71, 5046
214080 68, 5195
218040 66, 5155
220319 76, 5164
222061 69, 5137
224048 65, 5125
226103 77, 5080
230370 68, 5070
232042 70, 5074
238109 67, 5098
242016 76, 5026
244151 76, 5014
246026 73, 5055
248010 74, 5193
250428 64, 5099
252023 73, 5153
254003 66, 5068
258045 79, 5106
264100 66, 5116
268080 62, 5177
270369 63, 5097
272061 70, 5174
276157 69, 5133
278164 60, 5009
280433 77, 5091
282029 79, 5053
286010 60, 5079
288003 60, 5194
290225 78, 5015
292119 68, 5185
294087 75, 5006
296090 68, 5095
298045 75, 5021
300254 67, 5076
302068 61, 5105
304119 65, 5036
306010 71, 5054
308116 79, 5059
310257 70, 5155
312167 68, 5151
316042 70, 5044
320441 71, 5003
322048 70, 5044
324138 61, 5160
326019 75, 5145
328010 69, 5081
330264 71, 5040
332087 71, 5197
334048 67, 5092
338160 68, 5176
340397 78, 5003
346138 60, 5046
348042 74, 5096
350529 70, 5118
352007 63, 5089
356109 67, 5125
360387 64, 5045
362164 73, 5067
364003 79, 5106
366010 66, 5134
368003 60, 5029
370148 75, 5066
372003 66, 5169
374045 69, 5191
376103 69, 5186
378026 73, 5053
380337 60, 5103
382003 75, 5092
384029 72, 5009
386003 68, 5036
388010 61, 5111
390284 73, 5061
394192 74, 5154
396010 72, 5094
398122 75, 5140
406122 77, 5118
408148 74, 5026
410436 67, 5096
412084 78, 5145
414003 68, 5145
418003 73, 5163
420193 64, 5103
424003 78, 5069
428180 75, 5041
432119 68, 5095
434029 60, 5053
436010 74, 5197
438003 68, 5171
440508 61, 5142
442103 71, 5085
444029 76, 5062
446090 60, 5098
452055 63, 5015
454071 69, 5039
456026 70, 5044
458189 67, 5160
462003 61, 5175
464026 67, 5134
466173 68, 5171
468010 70, 5040
472103 63, 5039
478138 78, 5141
480107 64, 5159
484068 78, 5103
486003 71, 5083
488016 70, 5070
490363 70, 5057
492164 78, 5093
496154 75, 5182
498003 73, 5031
500401 67, 5100
506003 67, 5111
510309 77, 5027
512208 77, 5152
516048 70, 5166
518068 69, 5066
520108 74, 5121
522051 73, 5057
524003 61, 5025
526010 61, 5100
528010 69, 5011
530193 66, 5176
534100 73, 5161
536071 71, 5040
538180 62, 5180
540323 78, 5051
544144 67, 5012
546003 79, 5063
552035 70, 5081
554122 69, 5199
558003 75, 5054
562093 63, 5099
564128 65, 5181
568003 75, 5101
570288 72, 5193
572010 67, 5142
576228 65, 5048
580260 64, 5087
582067 75, 5171
584010 66, 5124
586023 66, 5123
590231 66, 5011
592003 61, 5093
594154 63, 5049
596077 67, 5125
598103 64, 5086
600270 68, 5099
602144 79, 5111
604208 75, 5065
606196 72, 5027
612010 73, 5063
614048 79, 5104
616055 74, 5004
618112 64, 5195
620601 67, 5063
622007 78, 5006
624212 68, 5016
626010 79, 5016
628071 60, 5051
630320 73, 5199
632151 60, 5096
634035 63, 5063
636055 61, 5014
638003 71, 5098
640170 63, 5185
642003 63, 5047
644003 76, 5035
646106 74, 5169
648067 61, 5168
652055 63, 5012
654010 78, 5184
658048 78, 5059
660241 64, 5182
662010 68, 5011
664010 73, 5070
666093 75, 5107
668135 76, 5184
670387 70, 5154
672074 65, 5008
674112 76, 5057
676042 65, 5186
678003 69, 5184
680425 64, 5109
682122 62, 5113
684003 60, 5009
690089 77, 5059
694003 71, 5134
698051 65, 5128
700157 74, 5071
702080 66, 5187
704048 74, 5082
706128 72, 5004
708003 79, 5076
710145 77, 5127
712119 75, 5044
714010 69, 5131
716122 72, 5109
718039 77, 5163
720316 68, 5000
722029 67, 5159
724003 77, 5049
726029 77, 5120
728029 75, 5041
730237 68, 5165
732135 67, 5072
734074 64, 5104
736087 78, 5115
738084 77, 5078
740426 67, 5035
742003 64, 5082
746010 72, 5082
748106 76, 5175
750243 78, 5126
752010 72, 5032
756173 69, 5197
758068 64, 5190
762164 71, 5141
764029 71, 5191
766208 65, 5118
770303 68, 5140
772048 62, 5167
776010 78, 5102
778039 71, 5064
780348 78, 5044
782135 79, 5120
784023 72, 5127
786029 73, 5065
788003 63, 5007
790378 72, 5114
794010 75, 5137
796154 68, 5013
798084 64, 5164
800324 60, 5109
802003 63, 5194
804034 67, 5119
806010 61, 5132
808122 78, 5012
810316 66, 5034
812122 73, 5035
816010 78, 5055
818003 70, 5026
820266 78, 5199
828010 68, 5044
830439 71, 5008
836010 75, 5027
840217 77, 5083
844122 61, 5088
846167 65, 5173
848196 62, 5197
850198 78, 5045
854003 69, 5193
858192 62, 5160
860551 63, 5010
862189 73, 5146
868135 60, 5014
870268 78, 5037
872068 70, 5192
874106 71, 5133
886074 66, 5177
888148 74, 5141
890461 74, 5089
892003 71, 5152
896064 60, 5156
898128 60, 5047
904039 62, 5157
906148 73, 5071
908003 68, 5015
910119 73, 5059
912084 73, 5175
914068 75, 5032
918148 68, 5012
928003 71, 5189
930380 60, 5135
934010 77, 5177
936186 67, 5133
938192 62, 5104
942003 74, 5103
944135 79, 5137
948084 68, 5171
950215 67, 5134
952093 68, 5062
954003 71, 5185
956003 78, 5051
958064 64, 5065
960229 72, 5080
964125 76, 5081
968067 76, 5192
970224 74, 5173
972010 78, 5107
974154 71, 5049
976029 64, 5177
978208 68, 5145
982048 78, 5082
984135 60, 5125
986010 67, 5012
988112 74, 5068
990297 76, 5014
994090 77, 5042
996010 66, 5177
1000192 75, 5171
1008135 62, 5090
1010529 78, 5056
1012003 71, 5046
1014196 62, 5148
1016135 68, 5143
1018151 78, 5197
1020163 73, 5120
1022029 62, 5143
1024128 60, 5100
1026010 70, 5163
1028182 68, 5047
1030458 63, 5126
1032003 65, 5128
1034010 76, 5108
1038010 68, 5121
1042016 61, 5143
1044090 65, 5007
1046010 71, 5019
1050364 69, 5068
1052170 73, 5105
1056119 67, 5197
1066048 67, 5088
1070321 78, 5138
1072042 63, 5174
1074125 75, 5015
1076157 65, 5044
1078010 62, 5011
1080103 65, 5057
1082010 76, 5085
1086003 76, 5184
1088003 68, 5143
1090310 75, 5067
1094010 68, 5098
1098048 76, 5130
1100138 79, 5077
1108138 61, 5156
1110278 63, 5165
1112144 77, 5173
1118003 79, 5103
1120539 62, 5128
1124003 78, 5107
1126132 70, 5103
1128096 71, 5186
1132010 67, 5185
1134003 78, 5143
1136087 77, 5079
1138074 66, 5032
1140233 67, 5082
1142042 75, 5140
1144048 66, 5012
1148119 68, 5072
1150220 76, 5101
1152010 79, 5053
1158003 75, 5136
1160165 79, 5174
1162148 79, 5031
1164010 74, 5186
1168160 65, 5030
1170345 76, 5106
1172029 61, 5092
1174138 76, 5172
1176003 65, 5095
1180480 66, 5186
1182003 75, 5016
1184074 79, 5193
1186125 72, 5195
1188071 61, 5122
1192077 77, 5109
1194132 74, 5168
1196106 71, 5057
1198045 73, 5009
1200377 79, 5183
1202109 64, 5071
1204010 73, 5155
1206125 68, 5052
1208051 78, 5089
1210225 73, 5106
1212042 66, 5146
1214029 66, 5160
1216084 66, 5063
1218122 60, 5116
1220413 61, 5016
1222048 72, 5116
1224135 72, 5022
1228003 65, 5014
1230422 72, 5182
1232010 73, 5018
1234048 70, 5067
1238003 64, 5051
1240338 68, 5024
1246010 72, 5044
1248077 79, 5145
1252138 77, 5004
1254003 73, 5026
1256010 60, 5174
1258010 62, 5013
1262103 65, 5151
1264116 71, 5150
1268093 60, 5182
1270261 70, 5018
1272052 62, 5124
1274048 79, 5084
1276010 73, 5022
1280455 72, 5108
1282154 79, 5008
1284048 66, 5115
1286144 68, 5172
1288106 79, 5180
1290172 69, 5008
1292183 62, 5170
1294048 70, 5058
1298138 78, 5081
1300310 66, 5030
1302048 78, 5180
1304048 65, 5090
1306067 69, 5139
1308135 78, 5044
1310462 77, 5062
1312010 69, 5114
1314116 74, 5057
1316010 73, 5007
1318003 76, 5139
1324093 67, 5191
1326048 79, 5070
1328048 61, 5140
1330371 68, 5128
1332003 61, 5062
1334132 65, 5119
1336189 75, 5175
1338202 62, 5101
1340539 73, 5089
1342019 68, 5114
1344010 73, 5122
1346029 66, 5174
1348003 62, 5186
1350278 73, 5180
1354205 63, 5013
1356068 62, 5163
1360348 67, 5017
1362244 67, 5167
1364048 77, 5042
1366109 70, 5158
1368067 71, 5026
1370452 66, 5198
1372093 73, 5102
1376106 76, 5000
1378199 75, 5008
1380257 70, 5020
1382010 72, 5001
1384084 70, 5160
1386128 71, 5044
1388048 61, 5094
1390271 67, 5124
1392087 66, 5086
1394003 76, 5190
1396010 76, 5043
1398061 78, 5132
1400261 66, 5157
1402010 79, 5151
1404112 63, 5101
1406148 63, 5108
1410313 67, 5118
1412074 73, 5049
1414048 71, 5115
1418151 70, 5011
1420417 68, 5154
1424154 69, 5090
1428138 65, 5007
1430331 68, 5173
1432003 78, 5177
1434135 73, 5125
1436010 79, 5121
1438106 60, 5112
1440270 73, 5051
1442010 73, 5079
1444132 64, 5008
1448010 73, 5099
1452138 67, 5054
1454173 60, 5184
1456051 62, 5028
1462051 60, 5100
1464212 66, 5166
1466048 67, 5107
1468035 60, 5173
1470235 77, 5122
1472003 67, 5073
1474003 66, 5101
1478132 71, 5160
1480256 66, 5092
1482029 73, 5177
1486071 60, 5175
1488167 71, 5109
1494096 65, 5150
1496003 72, 5051
1498010 69, 5101
1500185 66, 5154
1502010 66, 5030
1504122 70, 5081
1506003 72, 5171
1510224 67, 5140
1512023 63, 5012
1520292 67, 5107
1522010 71, 5056
1524051 72, 5027
1526084 67, 5144
1528048 60, 5177
1530303 61, 5120
1532010 71, 5177
1534010 66, 5017
1536160 63, 5145
1538010 78, 5153
1540396 66, 5166
1542132 69, 5067
1548067 61, 5035
1556128 74, 5028
1558055 75, 5063
1560255 60, 5064
1562058 61, 5059
1564003 74, 5006
1566010 78, 5165
1570307 61, 5027
1576010 75, 5161
1578039 65, 5082
1580601 73, 5021
1582071 65, 5170
1584048 76, 5045
1586061 71, 5147
1588154 68, 5056
1590272 64, 5132
1594138 78, 5185
1602205 79, 5169
1604189 73, 5077
1606023 68, 5064
1608010 78, 5158
1610368 68, 5182
1612164 67, 5194
1616119 60, 5106
1618055 70, 5105
1620369 74, 5139
1622010 70, 5043
1626039 78, 5119
1628003 77, 5110
1632071 64, 5079
1634003 72, 5114
1636045 70, 5099
1638010 74, 5031
1640363 71, 5148
1642003 68, 5169
1646167 75, 5047
1652003 66, 5088
1654003 67, 5152
1658048 74, 5166
1662199 79, 5019
1666128 63, 5100
1668067 61, 5153
1670487 71, 5166
1676055 62, 5108
1682208 75, 5137
1684019 69, 5129
1686003 63, 5180
1688087 78, 5194
1690306 63, 5111
1692068 75, 5157
1694154 69, 5007
1696170 72, 5019
1698119 63, 5180
1700279 64, 5017
1702192 66, 5158
1704003 71, 5044
1708151 67, 5005
1710346 72, 5045
1712010 64, 5117
1714180 76, 5159
1716068 74, 5199
1718148 60, 5155
1722138 74, 5035
1724144 68, 5003
1726116 76, 5087
1728122 77, 5082
1730498 73, 5001
1736055 62, 5067
1740160 60, 5142
1746010 61, 5091
1750297 71, 5054
1754100 73, 5116
1756093 69, 5195
1758176 74, 5137
1760412 66, 5075
1762042 62, 5181
1768112 73, 5068
1770217 78, 5199
1772048 61, 5160
1774003 72, 5119
1776109 70, 5008
1778048 73, 5099
1780187 65, 5083
1782039 79, 5064
1784141 61, 5023
1786135 73, 5076
1788180 79, 5003
1790375 76, 5006
1792048 71, 5046
1796125 74, 5028
1798148 77, 5137
