85870 3767
91099 3899
95471 3893
101697 3707
105589 3894
125316 3769
131480 3754
135576 3729
141411 3853
161077 3831
165523 3763
170872 3861
185309 3788
191091 3744
195360 3794
201694 3729
205427 3811
221209 3701
225546 3743
231715 3731
235738 3718
240856 3825
245541 3741
250685 3828
255357 3871
265467 3787
271712 3861
275456 3702
291349 3780
305121 3796
310627 3726
315644 3894
331145 3816
335384 3745
345344 3770
355466 3884
361166 3779
375445 3771
381424 3863
385419 3898
395445 3854
400876 3703
420943 3741
425262 3897
435291 3726
441827 3856
445273 3792
450670 3705
455243 3796
475462 3833
490587 3820
501175 3817
505331 3792
521179 3705
525161 3788
531159 3763
535400 3816
541100 3812
545179 3854
550521 3830
555637 3821
565462 3773
575263 3883
585376 3706
591446 3792
595374 3774
605102 3851
610839 3708
615553 3861
621179 3706
625532 3811
640861 3796
655288 3868
660658 3863
665423 3789
675379 3843
681433 3756
685414 3897
690880 3811
695442 3872
701210 3803
705408 3841
711330 3824
715468 3786
735374 3710
741453 3866
745393 3756
751281 3769
755157 3765
760767 3846
765540 3858
775401 3864
801760 3707
805351 3726
820983 3884
825360 3886
831256 3758
835097 3744
840727 3702
845313 3708
851156 3861
855221 3873
871125 3864
881041 3776
891218 3783
895259 3761
900839 3874
911064 3778
921779 3810
931346 3819
945075 3790
951172 3894
955455 3768
965321 3760
975299 3775
981161 3827
985535 3758
991167 3704
1005569 3739
1015482 3755
1025476 3864
1035406 3782
1041233 3825
1045269 3742
1050780 3738
1055360 3753
1061100 3888
1065383 3812
1071217 3845
1075492 3834
1080841 3873
1085466 3819
1095508 3840
1115203 3721
1125583 3779
1135368 3872
1145405 3753
1150839 3754
1155499 3819
1161261 3889
1171256 3734
1175331 3768
1180935 3738
1195269 3759
1200744 3808
1205486 3716
1210966 3744
1215458 3718
1221762 3889
1225480 3882
1230993 3761
1235286 3795
1245414 3855
1260972 3731
1275350 3874
1280896 3700
1291090 3754
1295232 3857
1301095 3706
1305459 3839
1310919 3873
1315303 3844
1320660 3823
1325458 3719
1335420 3884
1341479 3707
1345362 3874
1355458 3878
1361008 3867
1365437 3876
1375207 3749
1380747 3894
1385284 3804
1395449 3800
1401189 3791
1405293 3714
1410995 3714
1415199 3757
1431188 3810
1435131 3723
1440927 3755
1450944 3713
1461328 3897
1465360 3840
1470803 3837
1475469 3727
1481184 3795
1485359 3806
1491039 3809
1495342 3779
1501348 3818
1505438 3763
1510701 3774
1515213 3814
1521453 3764
1530990 3858
1535177 3866
1540940 3827
1555094 3847
1565409 3759
1570987 3849
1585426 3836
1600928 3727
1605570 3784
1621257 3772
1625214 3799
1630843 3835
1635542 3784
1640947 3793
1645504 3854
1650930 3749
1655198 3756
1671289 3893
1675325 3782
1681015 3881
1685326 3845
1690816 3874
1695444 3735
1705478 3715
1710820 3786
1715410 3812
1720982 3775
1730883 3899
1751043 3714
1755364 3893
1761275 3766
1765113 3821
1770974 3700
1781156 3846
1785269 3885
1791171 3784
1795396 3821
