141174 1904
150360 1940
171200 1928
190576 1927
201681 1952
220678 1935
231519 2069
280422 2048
300749 2088
331013 1927
351757 2031
360502 1967
380632 1901
420703 1914
430844 1983
441515 1924
460464 2042
510430 2079
550272 2085
561178 2026
570900 2097
580940 2024
610726 2007
620863 1962
630725 2095
660635 1952
690492 2034
711168 1924
730790 2011
771413 1923
780652 2072
790736 2041
801536 2091
810403 1922
820861 2020
860962 2092
870909 1953
880959 1950
890915 2086
900979 1915
930673 1957
940734 2048
951186 2029
990757 1985
1000767 1981
1020516 2051
1060890 2086
1101419 2013
1130947 2070
1140532 2003
1161190 2004
1170307 2054
1180576 1945
1240759 2011
1310829 2076
1331048 2023
1371204 2018
1380823 1967
1390744 1993
1420828 2076
1430960 1921
1450806 2084
1500651 2061
1540650 1994
1560618 2038
1600564 1922
1610842 2019
1620557 2056
1630389 2021
1641012 1928
1650358 1981
1660592 2037
1680789 2063
1710764 1933
1720467 2083
1770561 2022
