85135 3785
90130 3867
95074 3782
100088 3828
110335 3861
120088 3725
125003 3761
130128 3706
135029 3706
145010 3861
150020 3823
155022 3754
160153 3869
165083 3835
170114 3763
180072 3861
195003 3797
200171 3803
205003 3748
210086 3722
215125 3830
225026 3878
235128 3765
240184 3872
245003 3714
250116 3856
255045 3748
260094 3718
265058 3734
270112 3803
275132 3817
280139 3805
290064 3735
295122 3818
300084 3885
305010 3816
315003 3828
320276 3859
325051 3779
330065 3746
335006 3856
340097 3835
345003 3742
350290 3869
355154 3878
360051 3748
365026 3819
370082 3775
375090 3712
380215 3854
385096 3806
395003 3795
410123 3718
415006 3826
420113 3756
425058 3772
430030 3797
435019 3850
440259 3705
460245 3857
465026 3834
470212 3751
475138 3861
480293 3724
485051 3781
490072 3792
495099 3707
500326 3860
505064 3760
515003 3804
520082 3730
525125 3707
530124 3834
535032 3700
540224 3855
545054 3752
555019 3857
560188 3856
565010 3709
570120 3858
575010 3741
580158 3884
585176 3731
590158 3883
595106 3856
610243 3816
615070 3722
620361 3789
625026 3774
630338 3761
635003 3841
640254 3891
645003 3792
650400 3802
655106 3734
660226 3861
665003 3840
675003 3712
680080 3809
685038 3809
690127 3762
695010 3711
700143 3787
710234 3802
715010 3764
725135 3766
730097 3891
735010 3799
740377 3898
745003 3702
750087 3719
755087 3813
760157 3744
765132 3808
770337 3768
775135 3782
780118 3869
785090 3781
790325 3808
800111 3874
805122 3835
810136 3746
815003 3734
820075 3715
830112 3850
840130 3795
845115 3835
850107 3713
855048 3791
860209 3800
870180 3786
880113 3876
885010 3743
890153 3737
895083 3772
910085 3765
915151 3716
920310 3874
925010 3763
930044 3708
935045 3765
940308 3777
945138 3737
950280 3871
955116 3795
960249 3830
965192 3703
970113 3775
975054 3743
985029 3882
990165 3754
995019 3717
1000033 3816
1005080 3781
1015003 3773
1020070 3756
1025003 3841
1035042 3875
1040454 3852
1050149 3710
1055032 3761
1060150 3749
1065045 3793
1075010 3874
1080171 3857
1085093 3758
1095048 3787
1100142 3820
1105202 3824
1110145 3803
1115103 3882
1120238 3756
1125090 3875
1130388 3756
1135019 3898
1140167 3821
1145051 3831
1150117 3875
1160226 3778
1165080 3753
1170142 3868
1175042 3788
1180286 3858
1185090 3801
1200101 3846
1205010 3872
1210075 3771
1215122 3815
1220294 3748
1225003 3718
1230095 3785
1235006 3824
1245003 3837
1250114 3888
1255026 3816
1260116 3852
1265106 3890
1270219 3895
1275003 3850
1280084 3886
1285003 3800
1290101 3832
1295010 3802
1300064 3826
1305119 3866
1310260 3859
1315003 3824
1320210 3851
1325096 3750
1330156 3841
1335058 3704
1340213 3781
1345010 3739
1360222 3864
1365135 3844
1370254 3735
1375010 3795
1380085 3794
1385032 3803
1390033 3707
1395010 3872
1400241 3844
1410289 3825
1415144 3776
1420054 3701
1425045 3728
1430187 3802
1440061 3747
1445183 3759
1455106 3700
1460207 3706
1465022 3715
1470165 3888
1475122 3898
1480037 3732
1485122 3785
1490197 3887
1495032 3726
1505003 3892
1515112 3858
1520306 3700
1525016 3733
1530165 3854
1535202 3732
1540113 3864
1550191 3738
1555135 3894
1560267 3776
1565173 3798
1570069 3744
1575022 3877
1580347 3706
1585051 3875
1590073 3878
1595054 3838
1605067 3808
1615032 3837
1620187 3786
1625087 3724
1630107 3768
1635058 3807
1640130 3782
1645103 3756
1655048 3898
1660227 3810
1665010 3877
1670223 3776
1675087 3841
1685016 3863
1690158 3731
1695051 3751
1700188 3837
1705051 3833
1710097 3831
1715180 3850
1720123 3811
1725038 3789
1735064 3887
1740105 3847
1745106 3752
1750032 3779
1755151 3829
1760284 3853
1765048 3731
1770040 3815
1780206 3885
1785010 3830
1790135 3752
1795003 3767
