82851 75,
86755 71,
94706 73,
97661 61,
98914 75,
101602 66,
103156 69,
107609 78,
108398 75,
113230 76,
116961 69,
118928 65,
121955 73,
123762 78,
126608 73,
128624 60,
131738 61,
133176 63,
134306 73,
136610 68,
142273 75,
143761 68,
146538 66,
148541 64,
151436 78,
153027 78,
154136 69,
156939 75,
158748 65,
162663 68,
164505 77,
166938 70,
168805 75,
171984 67,
174771 75,
176947 69,
182926 71,
184475 65,
187329 66,
191474 64,
193080 73,
194580 68,
196371 65,
202950 61,
203801 76,
204912 70,
206681 67,
208888 60,
216625 63,
218456 75,
226460 72,
228676 60,
231908 79,
234395 69,
236595 67,
238206 63,
243040 75,
244752 74,
246293 72,
251567 60,
252384 60,
254442 74,
256526 64,
258424 72,
264402 67,
266720 75,
272569 74,
274467 76,
278403 79,
281311 62,
282661 74,
286331 76,
288304 61,
291338 70,
294532 73,
297004 79,
298661 75,
301307 71,
304382 64,
306416 69,
314349 61,
318263 68,
321115 69,
322934 65,
324320 77,
326640 63,
328577 68,
331567 61,
332783 68,
336526 68,
341233 68,
342315 63,
344327 62,
346553 73,
348286 70,
353351 78,
360989 74,
362459 79,
364454 66,
366169 76,
368455 61,
372653 69,
374310 74,
383362 70,
384519 79,
386738 72,
388310 64,
391211 65,
394479 60,
396671 64,
401414 74,
402656 78,
404590 72,
406239 61,
411924 76,
414661 68,
416981 63,
418409 61,
422410 79,
426378 76,
431472 75,
438387 75,
441751 70,
442917 65,
444595 63,
446768 79,
448514 72,
451179 70,
454743 63,
456602 60,
462689 78,
464318 63,
466415 75,
468184 73,
471865 62,
473055 69,
474479 76,
478625 72,
480990 78,
484504 65,
486542 63,
488078 75,
492370 79,
494286 65,
498274 79,
501919 78,
503193 60,
504265 77,
506360 67,
508524 64,
512516 65,
514503 77,
521189 77,
522310 64,
524678 69,
528470 61,
531775 61,
532698 69,
534315 67,
541290 77,
542458 67,
544582 71,
546601 61,
551453 78,
552298 60,
554477 66,
556529 77,
562423 75,
562929 64,
564328 75,
568591 60,
571524 65,
572231 67,
576636 78,
578395 71,
581677 66,
582518 78,
586500 78,
588402 65,
591752 66,
594620 77,
596478 65,
598207 77,
601698 75,
604306 67,
608240 71,
611097 66,
612231 67,
614274 62,
616649 63,
618598 63,
622277 71,
622797 79,
624532 73,
626459 67,
628547 76,
630877 65,
634575 67,
638194 66,
641285 78,
642769 63,
644114 77,
646658 72,
648512 67,
651675 66,
654482 72,
658466 62,
661063 76,
662642 65,
664370 78,
666323 67,
668823 72,
671030 70,
672365 69,
674324 67,
676385 63,
678406 74,
681679 77,
684319 77,
686354 62,
688348 78,
692501 67,
694280 71,
696270 62,
701369 61,
702625 60,
704428 79,
708416 71,
712685 65,
718372 68,
722078 79,
724449 73,
726494 73,
728407 70,
731377 75,
732216 67,
734440 75,
736559 77,
738277 66,
741560 65,
742723 72,
744552 71,
746290 74,
748615 60,
751331 63,
752202 68,
754282 68,
758199 75,
761363 67,
762276 75,
764537 71,
766514 61,
771441 67,
773111 72,
776635 73,
778513 66,
781243 77,
782642 74,
784331 72,
786551 79,
788708 78,
791152 60,
792505 71,
794526 78,
796512 62,
798397 69,
801672 74,
803159 67,
806284 63,
808309 71,
811075 76,
812162 79,
816255 63,
818417 69,
824363 69,
826676 69,
828389 74,
831764 78,
832535 62,
836680 77,
838729 78,
841051 73,
842819 73,
844371 71,
846491 70,
848392 76,
851340 60,
852448 72,
856398 70,
858776 68,
861306 66,
862535 61,
864315 74,
866338 79,
870964 67,
874383 79,
876547 68,
878254 78,
881293 77,
882307 78,
884612 74,
888523 68,
891799 73,
893281 76,
894261 66,
896644 65,
898386 79,
901590 67,
906469 69,
908484 72,
911611 63,
912461 73,
914371 76,
916105 75,
918226 73,
922800 65,
924323 77,
926348 68,
928635 78,
931317 75,
932441 67,
934374 75,
936418 78,
938593 71,
942636 73,
946402 61,
948410 79,
951857 64,
952752 77,
954490 68,
958413 74,
962621 61,
964359 72,
966262 78,
968474 60,
974483 67,
976409 78,
978296 74,
981728 63,
988261 64,
991456 61,
998237 70,
1002284 71,
1004300 74,
1006629 70,
1008146 77,
1011897 60,
1014224 61,
1016206 60,
1018377 64,
1022608 61,
1031039 73,
1032657 63,
1036275 64,
1038602 71,
1041305 70,
1042502 77,
1046502 69,
1048367 79,
1051416 64,
1054484 79,
1058453 73,
1061258 62,
1062234 67,
1064295 61,
1066421 62,
1068131 62,
1071686 71,
1072607 66,
1076338 74,
1078598 79,
1082511 69,
1084650 74,
1086433 75,
1088541 73,
1091577 71,
1094511 70,
1101274 69,
1102743 77,
1104359 75,
1111545 70,
1112390 73,
1116549 70,
1121181 67,
1128353 72,
1131719 62,
1132544 74,
1134311 64,
1138305 71,
1141275 69,
1142427 72,
1146401 68,
1148568 65,
1152534 78,
1154617 65,
1156185 68,
1158493 65,
1161598 68,
1166370 79,
1171166 62,
1174509 75,
1176593 75,
1178307 74,
1181273 61,
1182638 76,
1184351 63,
1186100 65,
1191352 76,
1192854 60,
1194367 79,
1196375 66,
1201262 69,
1202302 60,
1204445 67,
1208535 65,
1212416 63,
1216360 79,
1218641 70,
1221632 63,
1226568 61,
1228590 72,
1232593 60,
1234547 70,
1236421 66,
1238417 65,
1244323 65,
1246446 70,
1248299 66,
1251815 78,
1252930 77,
1254408 70,
1256701 63,
1258423 79,
1261123 74,
1262563 73,
1264296 65,
1266164 64,
1271376 69,
1274448 74,
1276442 75,
1281529 65,
1282689 68,
1288554 72,
1290986 74,
1294411 74,
1296392 75,
1304487 65,
1306477 63,
1308360 69,
1312237 60,
1312802 64,
1314471 71,
1316336 60,
1318469 65,
1320670 61,
1324609 76,
1328215 61,
1330820 67,
1332368 67,
1334555 75,
1336316 62,
1341593 72,
1344534 70,
1346756 77,
1348594 73,
1351283 68,
1354274 79,
1356370 64,
1358315 66,
1361109 67,
1362464 70,
1364080 68,
1366241 66,
1371347 71,
1372588 74,
1374344 75,
1378383 66,
1380809 73,
1384467 64,
1386356 64,
1391119 61,
1392222 78,
1394328 64,
1396292 63,
1398507 60,
1401389 62,
1406302 72,
1408621 75,
1412280 68,
1414485 62,
1416581 66,
1422472 62,
1424284 62,
1428309 66,
1432946 74,
1434406 64,
1436364 60,
1441240 75,
1442390 78,
1446480 77,
1448499 74,
1452448 71,
1456213 70,
1458250 73,
1462748 68,
1464502 76,
1468483 73,
1471254 74,
1472492 70,
1474439 74,
1476456 67,
1478318 73,
1480702 75,
1484298 76,
1486586 69,
1488252 76,
1491923 66,
1492765 62,
1494044 71,
1496492 76,
1501309 74,
1502466 75,
1504182 78,
1506208 78,
1512506 68,
1514541 71,
1516348 69,
1521391 65,
1524183 64,
1526600 67,
1528586 77,
1531210 71,
1532267 72,
1534275 64,
1536290 71,
1538469 77,
1541473 64,
1544341 70,
1546687 74,
1551578 77,
1552690 75,
1554364 78,
1558471 65,
1561352 79,
1562603 64,
1564668 65,
1566603 79,
1568446 63,
1571386 71,
1572708 62,
1574406 68,
1578251 75,
1581867 64,
1582905 75,
1584057 66,
1586434 76,
1590864 62,
1592571 64,
1594369 60,
1598200 67,
1600951 68,
1602166 69,
1611722 75,
1612426 76,
1616405 60,
1621482 70,
1622320 70,
1624144 66,
1626505 68,
1632325 76,
1636188 64,
1638505 64,
1642663 68,
1644195 77,
1646141 63,
1648385 60,
1651485 68,
1652375 77,
1654314 62,
1658186 64,
1661154 75,
1662659 72,
1664410 62,
1671689 62,
1674308 75,
1678443 66,
1682497 79,
1684107 61,
1686498 70,
1688332 72,
1690915 64,
1692360 60,
1694449 61,
1696790 61,
1698678 70,
1701584 61,
1702774 70,
1706209 79,
1708410 64,
1710934 72,
1712618 62,
1714468 78,
1716279 73,
1721752 77,
1722325 64,
1724370 63,
1728637 69,
1731047 61,
1732543 74,
1736445 66,
1742365 66,
1744310 77,
1746236 64,
1751205 71,
1752663 67,
1756084 78,
1758211 73,
1762059 72,
1762758 61,
1764784 66,
1772379 74,
1776248 71,
1778241 76,
1781303 70,
1782319 71,
1786454 67,
1788480 70,
1791777 69,
1794680 73,
