85992 3820
95545 3899
101014 3883
112766 3750
131306 3834
141448 3724
160871 3833
165488 3884
175399 3710
185444 3789
195377 3757
215377 3801
225587 3893
232442 3858
235217 3884
250774 3789
255486 3879
285503 3869
290929 3750
305473 3899
310864 3758
315279 3750
321137 3739
325721 3859
335307 3836
351651 3806
355581 3743
361510 3837
371158 3847
375296 3861
381640 3829
412413 3728
415370 3830
421210 3858
441453 3831
450893 3769
461074 3893
465175 3792
471123 3888
485325 3857
495313 3837
501529 3880
505283 3889
511050 3803
515319 3881
525496 3856
535442 3779
545328 3722
555797 3806
561218 3745
565180 3838
570988 3763
575180 3777
580905 3888
585383 3890
591223 3713
595471 3820
605535 3726
615453 3754
620785 3744
625371 3815
631107 3794
635450 3801
641026 3750
645341 3899
651419 3768
655508 3722
671498 3772
675452 3779
695614 3742
700618 3753
705354 3727
715311 3764
720957 3889
725359 3841
731162 3785
745581 3777
751059 3704
755459 3703
765501 3716
785282 3782
790834 3885
801788 3758
805391 3730
811036 3792
815385 3880
825308 3872
835400 3723
840771 3815
855229 3716
871066 3745
875276 3738
885230 3875
905120 3809
911317 3721
935289 3835
945426 3768
951316 3704
955181 3843
961198 3738
970405 3757
975473 3759
985235 3858
991022 3757
1000842 3708
1005541 3750
1011328 3814
1015415 3889
1021181 3844
1031110 3718
1041106 3851
1055372 3761
1075506 3887
1085232 3743
1105575 3714
1115309 3752
1120691 3724
1135624 3764
1145278 3732
1151058 3804
1165432 3800
1171208 3874
1180976 3853
1185145 3769
1195351 3827
1201012 3809
1215581 3774
1221350 3871
1225419 3758
1241228 3740
1245318 3725
1250992 3780
1260763 3860
1270718 3812
1275392 3810
1281457 3767
1291320 3775
1295364 3899
1300860 3802
1305241 3781
1311319 3822
1315266 3877
1325360 3885
1335297 3703
1341235 3767
1345699 3839
1361034 3766
1365311 3825
1370941 3763
1375180 3806
1380935 3862
1385373 3783
1391325 3875
1395260 3734
1401307 3798
1405497 3843
1410823 3765
1425429 3894
1441091 3795
1445393 3742
1455445 3833
1465308 3899
1475233 3710
1485550 3830
1491304 3723
1520953 3868
1531115 3768
1540977 3787
1551504 3856
1555243 3798
1560904 3783
1585651 3860
1600620 3749
1615297 3832
1645304 3704
1651000 3884
1665171 3781
1675461 3780
1680849 3868
1685611 3848
1690524 3879
1695611 3838
1702411 3851
1720711 3827
1740368 3754
1745287 3715
1755549 3786
1761543 3849
1765165 3800
1770924 3801
1775366 3747
1785487 3750
1791229 3797
