111819 2096
121268 2056
141955 2048
150494 1980
160654 1922
171458 2019
190492 2035
201223 1995
270499 1982
280664 1972
310916 2037
330614 1921
360391 1903
381100 2016
390618 2064
400688 2028
411085 1901
420527 2086
450314 2098
460959 2021
510741 2064
540856 2049
550444 2053
561280 2094
571039 2057
580833 1931
610373 2076
621456 1956
640416 2081
670449 2083
700629 1987
711244 2002
740646 2028
750949 1921
781131 2050
790480 1928
810907 1905
831304 1975
840499 1972
850744 1917
880713 2034
900898 1966
910436 1963
930654 2025
941025 2056
951298 2081
960912 1998
971028 2050
1050567 1910
1101263 2072
1111109 1991
1140707 2099
1150708 1910
1161216 1911
1170336 1967
1191241 1941
1220954 2060
1230605 1945
1251099 1942
1280983 1978
1300753 1952
1311469 1961
1320631 1946
1330847 2047
1341044 1952
1360519 1901
1380635 2009
1400761 1905
1430907 1920
1440563 2049
1461451 1935
1480679 2066
1500710 1966
1521161 1992
1581183 2019
1590676 2093
1611163 2069
1620953 2072
1641196 2015
1650715 1992
1660761 1946
1671179 2062
1720507 2006
1750531 2018
1770497 2051
1780551 1907
1791027 1993
