91382 3856
95495 3856
105275 3856
125326 3738
135751 3759
145337 3736
155477 3854
165171 3765
175488 3890
185272 3720
191276 3821
201575 3844
205288 3722
215414 3798
225670 3821
241585 3776
250802 3764
255562 3789
271124 3766
275383 3803
285547 3734
291363 3758
295419 3783
305350 3887
331184 3836
335439 3711
340546 3717
351916 3820
355101 3821
361270 3726
365268 3893
375190 3848
381991 3703
385484 3828
390817 3711
395338 3810
400780 3723
405559 3789
411417 3821
415584 3857
430909 3711
435373 3826
441847 3814
461081 3759
465236 3870
475574 3847
485758 3844
495424 3896
501338 3835
505551 3738
521034 3771
531558 3799
535369 3857
540941 3715
551031 3863
555228 3772
565442 3705
571045 3714
575241 3838
585532 3861
601077 3767
605308 3855
621346 3818
630813 3877
635563 3826
640899 3712
651953 3738
660912 3861
665256 3820
675278 3793
681525 3736
685317 3786
691081 3834
695584 3843
701050 3858
705075 3844
711337 3869
715540 3891
721233 3713
725504 3797
731059 3750
751037 3835
755426 3794
765417 3868
771311 3887
775563 3743
785334 3798
791334 3701
805395 3765
810915 3801
815256 3808
820865 3859
825461 3715
835390 3731
855333 3857
861137 3770
875542 3729
885405 3793
910818 3777
915362 3727
921384 3897
925261 3880
935450 3859
941419 3797
945593 3745
951137 3896
985470 3820
1001212 3758
1005344 3804
1015079 3761
1021170 3858
1035369 3766
1041184 3794
1045251 3842
1050987 3722
1055321 3822
1065167 3833
1085298 3720
1090982 3837
1095256 3713
1101113 3747
1105494 3812
1115259 3897
1121408 3808
1145528 3869
1151083 3758
1155230 3871
1165406 3866
1171084 3711
1175201 3827
1180636 3771
1195347 3835
1205294 3826
1221544 3845
1225457 3891
1230862 3861
1235246 3766
1255374 3766
1260688 3752
1265349 3735
1281289 3726
1291055 3746
1295316 3882
1305317 3800
1325377 3777
1341321 3842
1355423 3712
1361120 3892
1365648 3757
1375302 3790
1385470 3732
1405319 3820
1415247 3713
1425505 3892
1431297 3822
1445192 3873
1455214 3717
1470422 3767
1485483 3889
1495505 3821
1501373 3751
1510746 3885
1521295 3782
1525325 3870
1545327 3833
1555323 3763
1575302 3746
1590931 3845
1595162 3780
1601180 3711
1605137 3759
1620761 3747
1635528 3844
1655313 3705
1665429 3793
1671161 3858
1695626 3700
1701446 3761
1705178 3711
1715495 3890
1731078 3825
1735354 3769
1745414 3701
1761152 3754
1770852 3783
1775479 3889
1785144 3727
