82317 64,
86809 78,
91754 61,
97026 64,
101225 65,
104475 63,
112871 63,
114133 60,
117021 69,
124523 63,
126711 69,
131427 65,
133291 60,
134302 65,
142598 71,
143439 79,
144893 68,
148905 68,
151325 79,
155114 67,
161131 74,
164704 72,
166730 62,
168287 76,
173304 69,
174775 76,
176410 66,
181784 65,
182824 61,
184479 77,
187123 73,
188578 68,
191627 70,
196496 77,
198091 60,
203316 72,
204314 61,
205239 64,
207195 73,
208630 67,
211405 70,
212771 75,
214331 79,
216350 68,
218528 70,
221697 68,
222989 72,
224242 65,
226685 74,
228505 75,
232541 75,
233613 74,
234503 76,
236114 79,
238478 60,
241083 74,
244289 68,
246657 63,
248447 74,
251516 77,
252310 78,
254284 67,
256604 79,
258883 64,
262919 74,
263607 69,
264604 71,
268460 75,
271218 76,
274227 64,
278466 72,
282989 63,
284232 62,
286543 67,
288516 77,
291585 68,
292550 70,
294453 64,
296885 62,
298271 67,
301327 63,
304495 73,
306542 60,
308247 68,
312473 69,
314360 62,
318449 71,
321111 73,
322581 64,
326554 69,
328480 66,
331771 67,
332632 76,
334071 69,
336354 61,
341161 74,
344283 60,
346073 72,
348320 66,
352355 70,
358546 63,
361508 66,
362514 63,
366223 71,
368317 69,
370995 66,
374498 67,
376630 65,
383141 67,
384452 66,
386246 63,
388368 61,
391276 76,
396304 63,
398642 73,
401762 77,
404498 78,
406277 79,
411213 79,
412887 74,
416519 64,
418384 61,
422442 67,
428099 70,
431482 78,
434490 65,
441818 77,
442958 75,
446525 70,
450971 68,
452433 65,
454696 64,
461399 66,
462646 72,
464641 66,
468267 72,
471775 68,
472829 78,
474242 78,
476261 66,
478452 78,
481102 63,
484496 68,
486335 75,
488498 60,
491606 79,
492472 63,
494451 68,
504534 78,
508369 62,
511584 75,
512344 67,
514251 70,
516223 78,
522368 78,
527026 79,
528446 70,
531829 73,
534391 70,
536499 61,
538545 72,
542533 68,
544346 76,
546433 78,
551412 78,
552066 68,
554188 77,
556472 64,
558327 60,
562386 63,
563379 75,
564419 67,
568246 74,
570917 67,
574074 71,
576520 62,
578145 64,
581185 73,
582538 72,
584328 74,
586282 73,
588502 74,
594320 68,
596568 65,
598448 65,
601426 77,
602283 74,
606419 77,
608336 65,
610993 73,
614284 73,
618463 78,
621674 74,
624461 71,
626494 68,
628693 76,
632347 75,
636436 63,
638243 79,
641071 60,
646372 63,
651592 67,
656441 79,
658477 62,
662555 69,
664230 71,
671151 65,
672580 66,
676580 65,
681453 79,
682561 76,
686617 70,
688323 63,
691473 79,
692450 61,
694528 71,
696293 62,
698250 72,
704209 60,
706526 75,
708354 62,
711645 75,
712572 75,
714577 72,
716457 69,
718564 66,
720568 75,
726280 66,
728540 66,
731281 75,
732233 73,
734421 68,
736187 63,
741507 70,
746789 79,
751582 64,
752597 64,
754236 78,
756191 67,
758217 72,
761591 70,
762398 78,
764810 71,
766318 75,
768126 66,
774483 73,
776479 68,
778699 63,
781439 64,
786201 77,
791286 60,
792275 62,
796536 67,
798639 72,
801761 77,
806156 65,
812422 73,
814280 69,
816549 76,
818603 66,
821120 72,
822239 74,
824336 72,
826502 79,
828455 63,
832156 65,
832810 63,
834488 69,
836279 65,
838243 65,
841458 74,
842515 75,
844332 71,
848317 74,
852612 60,
854311 77,
858687 69,
861768 70,
862691 61,
864526 79,
868314 78,
876500 67,
882556 73,
884607 73,
888643 75,
893215 61,
894549 63,
896500 63,
898486 66,
901070 70,
902454 78,
904455 75,
906105 73,
911522 66,
912683 71,
916356 71,
921337 62,
924250 77,
926260 67,
931324 65,
932572 79,
936433 61,
938620 60,
944850 74,
946443 65,
948697 74,
951412 60,
952736 70,
954369 60,
956633 76,
961502 77,
964505 64,
966171 79,
971654 70,
972469 61,
974634 72,
978173 73,
982817 63,
984412 78,
986464 63,
994219 60,
1001221 65,
1002492 75,
1008372 64,
1012918 66,
1014497 65,
1016223 72,
1018256 75,
1021006 77,
1022301 68,
1024340 62,
1026567 76,
1028268 66,
1030912 67,
1032437 63,
1034414 61,
1036814 66,
1038344 76,
1041158 72,
1042715 73,
1046547 67,
1048255 60,
1051157 65,
1052646 61,
1054603 72,
1058241 72,
1062217 78,
1064366 61,
1066273 75,
1071036 60,
1076428 68,
1078099 76,
1084615 64,
1086412 74,
1092389 74,
1096653 66,
1101351 75,
1111053 62,
1112393 69,
1118683 72,
1121549 70,
1122273 78,
1124309 72,
1126369 78,
1128169 71,
1131475 69,
1138385 65,
1141100 62,
1142481 71,
1148369 78,
1152307 75,
1154157 72,
1156357 75,
1158652 70,
1161244 78,
1162399 68,
1164383 72,
1166417 60,
1168578 73,
1170781 68,
1174535 65,
1176434 62,
1184278 70,
1188373 68,
1191298 73,
1192843 74,
1194475 65,
1196677 61,
1198401 77,
1202605 78,
1206236 72,
1211198 63,
1212312 79,
1214376 63,
1216274 66,
1221236 72,
1222465 79,
1224506 74,
1230925 60,
1232329 68,
1234505 78,
1238253 69,
1241529 73,
1242509 61,
1251293 60,
1253006 75,
1254508 63,
1258479 71,
1260704 63,
1264343 65,
1266537 74,
1268342 70,
1272260 63,
1274591 65,
1276587 60,
1281418 70,
1284366 77,
1286527 71,
1288492 69,
1291121 63,
1292611 74,
1298361 70,
1301350 66,
1302520 68,
1304342 78,
1306666 69,
1308386 62,
1312262 68,
1312764 69,
1316321 60,
1318350 64,
1321607 68,
1324445 65,
1326248 70,
1328438 63,
1331495 63,
1334505 65,
1336745 73,
1338167 63,
1341268 67,
1342647 67,
1344337 74,
1346491 64,
1348619 78,
1350999 77,
1352498 68,
1354555 73,
1356610 64,
1358367 76,
1361024 61,
1364328 71,
1371549 79,
1374384 61,
1376574 74,
1378651 73,
1380982 74,
1382279 61,
1384278 64,
1386348 70,
1391164 64,
1392540 71,
1394403 76,
1398405 69,
1400953 67,
1402548 65,
1404142 73,
1406778 67,
1411250 73,
1416585 71,
1418217 68,
1421273 67,
1422240 78,
1424449 79,
1428404 71,
1432786 61,
1434389 65,
1436625 60,
1441202 60,
1442139 69,
1444650 63,
1448482 69,
1451245 69,
1452491 63,
1454424 78,
1458502 79,
1461916 60,
1462843 66,
1464396 66,
1466612 66,
1470873 68,
1472568 65,
1476373 79,
1481156 70,
1482435 78,
1484438 76,
1486368 77,
1492740 74,
1494553 64,
1496352 77,
1498672 62,
1501375 62,
1502385 67,
1504229 76,
1508438 67,
1511307 60,
1512362 67,
1521711 76,
1522715 71,
1524260 76,
1526572 78,
1528132 69,
1534264 69,
1536459 71,
1538520 61,
1546382 69,
1548759 71,
1551546 69,
1552477 61,
1554281 65,
1556389 73,
1561184 77,
1562561 78,
1566725 64,
1568450 60,
1570856 65,
1572534 66,
1574337 78,
1576486 70,
1578316 68,
1581831 62,
1582678 60,
1584510 60,
1586486 78,
1588355 72,
1591429 72,
1592353 79,
1594450 76,
1598347 72,
1604462 72,
1608439 71,
1611357 67,
1614332 66,
1616293 64,
1620980 64,
1622140 68,
1626204 73,
1631331 75,
1632670 76,
1634357 60,
1638424 67,
1641156 63,
1642611 79,
1644424 62,
1646468 66,
1648211 62,
1651173 72,
1654544 65,
1656406 63,
1661220 71,
1662311 72,
1664225 64,
1666539 77,
1668349 60,
1671524 71,
1674516 78,
1678573 63,
1684385 67,
1688592 61,
1691704 78,
1692470 77,
1694639 79,
1696765 66,
1698497 76,
1704361 61,
1706222 60,
1708201 60,
1711171 60,
1712418 72,
1714593 72,
1716497 73,
1718292 79,
1722306 60,
1726198 78,
1728271 77,
1731995 69,
1732748 65,
1734299 68,
1736278 79,
1738542 70,
1741156 76,
1742320 70,
1744212 73,
1748531 66,
1752386 60,
1754511 66,
1756560 77,
1758842 73,
1761131 66,
1762783 70,
1766524 73,
1768531 71,
1771254 70,
1772434 72,
1776519 71,
1778182 66,
1781047 71,
1782436 68,
1788434 64,
1791371 78,
1794389 64,
1796196 68,
