85048 3733
90151 3701
95278 3893
100251 3848
105164 3895
125003 3813
130124 3868
135035 3801
140353 3862
145032 3723
150148 3811
155141 3842
165093 3758
170294 3797
175151 3700
180119 3720
185032 3819
190114 3836
195167 3700
200214 3803
205074 3736
210133 3798
215244 3868
225067 3887
235125 3749
240068 3810
245103 3876
250101 3709
260158 3874
265032 3835
270103 3890
275058 3814
280241 3757
285051 3860
290214 3741
300069 3720
305022 3775
310161 3841
315003 3731
325003 3700
330161 3711
335135 3880
345045 3869
350143 3747
360154 3723
365013 3807
370120 3863
375147 3882
380244 3734
385064 3711
390253 3799
395029 3793
405032 3768
410329 3812
415010 3730
420059 3861
425125 3809
430101 3778
435035 3821
445199 3735
450371 3842
460150 3821
465022 3823
475038 3805
485022 3889
490117 3873
495038 3789
505048 3830
510110 3769
515010 3816
520076 3704
525032 3710
535119 3878
540283 3712
545010 3718
550222 3779
555176 3824
560374 3739
565212 3737
570221 3866
575045 3741
580183 3885
585003 3794
595003 3832
600155 3847
605048 3809
610227 3820
615010 3811
625061 3853
630150 3712
635003 3759
640062 3899
645048 3707
650194 3844
655135 3812
660177 3746
665016 3765
670216 3703
675003 3868
685138 3729
695042 3878
700048 3823
705010 3723
710268 3832
715052 3893
720273 3759
725058 3799
735006 3739
740422 3835
745093 3847
750108 3834
760122 3733
765010 3857
775090 3888
780113 3706
785106 3763
795122 3776
800261 3894
805010 3795
810052 3744
820060 3732
825032 3706
830235 3746
835003 3822
845003 3768
850100 3708
860232 3740
865061 3739
870093 3714
875038 3771
880141 3778
890286 3863
895003 3747
900225 3745
905103 3726
910235 3824
915090 3761
920271 3790
925003 3707
930256 3898
935122 3710
955093 3891
960057 3859
965003 3794
970088 3717
975083 3847
980269 3857
985180 3766
990161 3795
1000311 3886
1005051 3783
1015109 3898
1025083 3863
1030066 3725
1035003 3713
1040095 3712
1045144 3810
1055003 3723
1075128 3865
1080129 3743
1085084 3734
1090190 3716
1100227 3772
1105010 3726
1110057 3702
1120139 3791
1125010 3774
1135003 3854
1140034 3707
1145003 3863
1150040 3779
1155003 3844
1165151 3849
1170115 3797
1175192 3723
1185068 3843
1190229 3713
1195003 3811
1205013 3766
1215032 3740
1220243 3820
1225115 3838
1230270 3849
1235096 3733
1240152 3766
1250380 3774
1255003 3884
1265003 3776
1270263 3899
1280246 3805
1285125 3725
1290155 3838
1295003 3826
1300194 3803
1310167 3834
1315138 3732
1325128 3849
1335061 3759
1340345 3817
1350225 3799
1355125 3805
1370190 3883
1375112 3763
1380109 3728
1390161 3824
1395003 3894
1400256 3891
1405087 3745
1410172 3823
1415010 3700
1420051 3751
1425045 3801
1430137 3714
1435051 3729
1445019 3831
1450273 3779
1455003 3760
1460114 3794
1465003 3770
1470169 3792
1475003 3847
1480298 3781
1485218 3752
1490059 3802
1495061 3811
1500193 3884
1510103 3735
1515048 3838
1520143 3853
1535054 3765
1540243 3721
1545074 3878
1550251 3865
1555128 3711
1560044 3777
1565100 3890
1570170 3718
1575003 3723
1585061 3862
1595122 3801
1600203 3738
1605141 3746
1610361 3899
1615010 3820
1620259 3892
1625032 3864
1635010 3820
1640303 3741
1645010 3736
1650332 3755
1655032 3718
1665080 3825
1675003 3757
1685048 3717
1695051 3725
1705240 3866
1710241 3881
1715003 3707
1720144 3852
1725038 3872
1730306 3845
1735090 3764
1740073 3701
1745032 3756
1750213 3827
1755010 3777
1760237 3788
1770223 3726
1775144 3867
1780174 3729
1785003 3896
1790265 3887
1795032 3811
