120744 2080
130593 2066
141772 1990
150420 1984
180367 2031
190634 2083
201412 2053
210863 1977
220424 1977
260944 2063
271024 1937
291224 2008
300700 1947
321322 2071
330439 1949
340528 2038
351285 1933
361149 2069
380701 1953
390440 1908
400839 1989
420511 1911
450264 2044
460562 2079
480820 1984
490337 1999
510583 2022
550630 1981
560790 2049
570619 2039
600529 2074
660672 2025
670635 1940
680901 1920
690597 1925
700775 1918
711302 2092
720646 1991
730726 1914
750752 2050
760519 2069
771365 2079
780761 2098
790258 2006
801135 2023
820656 2020
830985 2002
840438 2015
850721 1938
870819 2043
900562 1914
921225 2036
930561 1977
940544 1925
950875 2083
960663 2055
980917 1939
1020810 2066
1030399 2091
1050745 2046
1060908 1990
1090607 2094
1100443 1921
1120375 2067
1130929 1939
1161048 2051
1180388 2031
1190949 1949
1200670 2089
1210695 1920
1240755 2058
1251163 1957
1270642 1991
1280786 1983
1300409 2029
1311102 2048
1320438 1912
1331024 2043
1371263 2009
1380782 1931
1390849 2023
1400859 1915
1410685 2061
1431005 2012
1440550 1919
1520984 2021
1530550 2038
1540701 1925
1560664 2046
1581334 2076
1590651 1984
1600745 2032
1611027 1993
1630781 2050
1660876 2013
1670808 2096
1680828 2092
1690771 1978
1701803 2017
1710575 2009
1720642 2039
1750434 2063
1780374 1943
