85109 3882
95100 3798
105010 3700
115016 3729
130230 3777
135125 3713
145051 3738
150221 3881
155022 3887
170283 3849
185032 3751
190186 3767
215051 3806
220272 3712
225019 3829
235096 3759
245144 3870
250305 3871
255064 3843
260242 3772
265003 3801
275051 3829
280151 3714
285010 3714
300145 3843
305144 3802
310078 3770
325077 3832
345045 3859
350145 3798
365026 3732
370184 3895
380185 3814
385125 3830
395010 3854
415019 3702
420114 3875
430196 3713
435253 3774
445244 3837
450192 3830
455125 3843
470435 3745
485010 3710
495010 3864
500155 3805
505032 3717
510040 3858
525003 3785
535039 3722
540210 3701
545074 3821
550072 3819
555115 3872
565071 3701
570206 3834
575003 3748
580277 3828
585010 3831
590200 3820
595192 3823
610051 3762
620233 3761
625010 3750
635103 3859
640174 3703
645125 3807
650281 3803
660323 3841
665074 3746
670146 3862
680165 3817
685131 3834
690308 3777
695032 3707
705151 3763
710426 3856
715042 3830
725109 3842
730168 3759
735010 3872
740281 3892
745055 3828
755003 3836
770320 3741
775154 3809
800277 3765
810267 3853
815051 3832
825010 3748
850266 3842
855032 3888
860330 3710
865067 3769
870130 3806
880267 3716
885003 3792
905003 3706
910216 3716
920255 3773
925003 3819
930212 3709
940110 3841
965154 3841
970172 3739
975148 3872
985115 3756
990169 3855
995144 3764
1000104 3882
1005003 3881
1010437 3723
1020115 3813
1025045 3804
1030163 3778
1045051 3706
1050109 3817
1060056 3793
1065122 3897
1085003 3751
1090174 3732
1095010 3809
1100230 3821
1110225 3793
1115039 3842
1125180 3830
1130167 3727
1140190 3712
1145144 3744
1155093 3770
1165010 3804
1170107 3867
1175115 3788
1180155 3754
1190206 3722
1195010 3796
1205071 3761
1210225 3733
1215032 3894
1220277 3753
1235212 3753
1250172 3817
1255099 3840
1260203 3767
1270094 3851
1275003 3843
1290149 3877
1295010 3892
1300033 3810
1305048 3825
1330206 3796
1335058 3760
1340201 3705
1345010 3795
1350164 3889
1355106 3734
1360257 3808
1365080 3711
1370332 3761
1380037 3723
1385228 3762
1390331 3710
1400409 3733
1415132 3724
1420097 3706
1435157 3718
1450196 3864
1455032 3712
1460174 3736
1470235 3866
1480084 3786
1490451 3779
1495103 3862
1500059 3772
1505132 3730
1510296 3806
1515032 3709
1520484 3889
1530187 3791
1535003 3757
1545010 3885
1570280 3753
1580256 3858
1585032 3705
1605116 3789
1610211 3898
1615237 3722
1625003 3858
1630299 3866
1635003 3753
1640472 3804
1645003 3753
1650101 3858
1655138 3840
1660161 3797
1665003 3818
1670259 3778
1680146 3851
1685068 3760
1705116 3708
1710305 3729
1715010 3750
1720232 3863
1730271 3704
1740350 3721
1745010 3712
1750187 3883
1755151 3800
1765080 3737
1770235 3842
1780219 3811
1785074 3808
1790390 3836
1795112 3811
