111882 2047
120406 2089
130568 2016
180684 2093
190584 2066
201561 2041
220747 2021
230798 2031
250633 2011
260981 1973
300942 2096
321351 2011
340496 1994
351202 1989
360448 2034
370778 1908
420595 1986
430452 1905
450225 2050
460430 2043
540720 2099
581032 2057
590938 2001
640513 2066
700730 2042
730917 1977
760246 2071
860579 1998
891181 1971
900739 1922
910739 2067
940835 1954
970613 1940
990936 2083
1020695 2055
1030583 2092
1050876 1925
1060673 1944
1131350 1908
1170920 1914
1180451 1917
1191156 1920
1200462 2006
1221306 1975
1240660 1978
1270510 2080
1300462 1986
1361054 2071
1380682 1957
1410565 2049
1450970 1998
1460730 1984
1470327 2054
1530602 1922
1540728 1943
1570747 2065
1610882 2048
1620571 1968
1650665 2092
1680769 1939
1690294 1974
1710874 1951
1730978 2033
1761110 1990
1770507 1910
1780325 1948
