100703 1977
131233 1961
141921 1921
161011 1951
201138 1985
231006 2008
240972 2073
270461 2040
280863 2066
291393 1969
300639 2046
310833 2067
321043 1981
330635 2023
340769 1971
351412 2018
370883 2082
380953 2012
400622 1900
411048 2033
421018 1922
431121 2012
450757 2075
470703 1940
490891 2065
501027 1904
510543 1971
520728 1988
560885 1936
570800 2020
580497 1940
600462 1902
610236 2079
621476 1970
640540 1900
670499 2000
680934 2047
700769 2000
711320 1992
720477 2098
760713 1943
771367 2097
790777 2042
801059 2052
810580 1973
831267 1918
861323 2028
921542 2064
930754 2018
940838 1930
1030970 2020
1041102 1957
1050680 1907
1060587 1982
1071051 2079
1080625 1924
1090392 1916
1131297 1972
1160758 1925
1180881 2048
1190794 2087
1200735 1995
1210554 2092
1230798 2033
1240703 2065
1250834 2059
1260610 1951
1270757 1938
1281194 2095
1300608 2024
1380520 2088
1390382 2097
1400988 1922
1410434 1914
1431191 1934
1450821 1988
1461298 1945
1470578 2011
1491596 1911
1500822 2078
1510771 2042
1521222 1913
1530715 2007
1551138 2068
1560417 1942
1570991 2088
1580921 1972
1590722 2053
1600415 2034
1610973 2088
1621024 1996
1630368 1912
1641132 2039
1690863 1955
1701165 1974
1720677 1915
1760896 1930
1791181 1974
