86151 76,
88116 72,
94176 73,
96010 74,
100305 78,
102003 66,
104176 76,
108003 72,
110269 61,
114010 74,
118003 74,
122084 70,
124090 64,
126029 73,
128068 63,
130260 79,
132103 72,
134253 70,
136116 72,
140314 76,
142013 71,
146067 77,
148051 67,
150347 72,
152048 76,
154023 67,
156112 60,
158051 72,
162071 60,
164029 72,
168026 72,
170530 76,
174087 77,
176010 72,
178010 64,
182003 72,
186023 79,
188023 65,
192003 67,
194010 66,
196071 77,
200201 61,
202010 77,
204003 71,
206170 76,
208045 71,
214119 65,
216010 60,
218003 69,
224170 60,
226010 62,
228029 70,
230425 73,
232010 65,
234019 63,
236048 61,
238029 63,
240212 78,
242010 62,
244250 76,
246144 66,
250297 68,
254116 76,
256003 64,
258164 71,
260497 61,
262003 79,
264010 76,
266138 78,
268170 61,
272003 74,
274026 74,
276306 75,
278205 73,
280454 74,
282003 73,
288010 61,
292125 74,
294048 64,
296154 78,
300244 72,
304128 71,
306016 65,
310271 76,
312154 62,
316029 66,
318116 75,
324067 72,
328003 71,
330175 77,
334119 79,
338135 67,
340246 78,
342010 70,
348003 67,
354093 67,
356003 71,
358003 72,
360259 75,
362093 67,
364186 70,
366090 75,
368154 73,
370259 64,
372061 74,
374010 78,
378109 70,
380452 62,
382100 70,
384010 78,
388186 71,
390305 72,
392010 66,
394010 72,
396013 70,
398112 66,
400099 73,
404067 70,
406003 75,
408003 74,
412080 74,
414234 79,
416003 67,
420310 67,
422154 78,
424068 63,
426055 79,
428048 74,
432077 68,
434109 62,
436055 63,
440365 69,
442077 72,
446003 78,
448090 65,
450121 76,
454010 69,
456003 61,
458157 65,
460294 74,
464151 77,
470413 61,
472135 67,
474003 60,
476148 70,
478029 76,
480432 62,
482112 77,
484010 78,
486071 74,
488180 70,
492096 75,
494003 71,
496240 61,
500602 77,
502045 65,
508125 78,
514003 62,
516026 65,
518122 61,
520249 71,
526154 79,
528003 79,
530308 79,
534112 71,
536068 62,
538180 63,
540262 76,
546164 79,
548109 65,
552052 79,
554183 75,
560496 60,
562010 77,
564122 79,
566029 70,
568010 60,
572032 65,
576067 79,
578039 62,
582023 72,
584010 64,
586003 76,
588148 64,
590263 70,
592023 62,
594106 78,
596042 78,
598048 64,
600371 69,
602077 66,
610145 63,
612122 69,
614170 68,
616055 79,
620429 69,
624003 63,
626010 77,
628122 76,
630392 78,
632167 63,
634010 62,
636042 70,
640326 79,
642189 60,
644010 62,
646029 65,
648010 71,
650190 61,
654010 62,
658029 70,
660420 66,
662055 73,
664164 75,
666125 79,
670445 77,
672148 63,
674010 77,
676064 78,
678010 65,
680386 76,
682084 78,
686192 76,
688106 74,
690342 72,
692035 71,
694010 64,
696003 65,
698003 78,
702103 67,
704023 60,
706068 69,
710417 77,
714003 73,
716010 71,
718170 71,
720381 62,
724084 67,
726058 70,
728048 75,
730351 72,
732010 65,
734100 75,
736048 67,
740161 77,
742071 60,
746003 64,
748234 74,
750291 70,
754003 73,
756010 72,
758199 71,
760197 75,
766029 72,
768029 67,
774003 72,
776010 60,
778055 63,
780256 67,
782148 68,
784010 64,
788176 71,
790464 70,
794026 77,
796010 65,
798003 78,
800465 62,
802003 66,
804067 60,
806176 69,
808003 79,
810219 63,
812029 76,
814122 62,
818010 78,
820161 68,
824013 68,
826029 74,
828048 62,
834157 64,
836010 66,
838144 69,
840201 68,
842003 63,
844029 69,
846029 70,
848096 74,
850290 64,
852148 62,
854010 79,
860388 63,
862132 66,
864067 79,
866128 72,
868208 77,
870187 61,
872141 78,
874003 75,
876023 78,
878106 78,
880421 68,
884109 67,
886138 77,
888144 64,
890493 74,
892003 79,
894154 69,
896170 64,
898144 69,
902010 71,
908055 72,
910225 78,
912122 76,
914135 73,
916122 71,
918003 74,
920465 78,
922100 67,
924093 68,
926205 72,
930137 65,
932003 61,
936010 68,
940174 60,
942157 77,
944189 79,
950303 72,
952048 76,
954010 61,
956144 75,
958010 77,
960421 61,
962003 74,
968164 66,
970412 70,
972144 72,
976051 62,
978116 76,
980397 65,
982135 73,
984010 77,
990381 79,
992218 71,
996003 60,
998064 78,
1000198 68,
1002010 68,
1004132 65,
1008010 79,
1010199 62,
1012003 79,
1014048 63,
1016003 62,
1018067 69,
1020276 74,
1024032 66,
1030498 63,
1032010 61,
1036199 78,
1038010 68,
1040274 67,
1042003 62,
1044071 70,
1046010 79,
1050326 74,
1052100 78,
1054003 60,
1056125 66,
1058132 75,
1060270 75,
1062029 70,
1064132 70,
1066061 68,
1070227 74,
1076160 61,
1078029 76,
1080235 73,
1082003 61,
1084189 76,
1086122 64,
1092128 68,
1094090 64,
1100436 67,
1102109 64,
1110278 68,
1114010 72,
1116141 74,
1122180 64,
1124064 68,
1128010 65,
1132202 71,
1138003 71,
1140061 70,
1142010 64,
1144010 61,
1146045 68,
1148093 60,
1150393 66,
1152144 65,
1154029 60,
1156109 79,
1160247 74,
1164148 75,
1170355 62,
1172010 69,
1174122 78,
1176010 77,
1178128 66,
1182186 74,
1186048 75,
1190283 72,
1194010 67,
1196087 65,
1198003 66,
1202003 66,
1204100 66,
1206010 76,
1208196 74,
1210356 70,
1212010 69,
1214212 75,
1218064 79,
1220330 65,
1222080 79,
1224010 78,
1226173 79,
1228061 72,
1230171 74,
1236010 79,
1238010 76,
1240370 77,
1242100 77,
1244029 61,
1246010 76,
1252160 74,
1254003 63,
1256042 68,
1260400 60,
1262164 63,
1268067 79,
1274122 70,
1276116 75,
1278116 76,
1282003 70,
1288093 69,
1294125 77,
1296003 62,
1298003 63,
1302045 72,
1310596 75,
1312068 63,
1314048 79,
1320393 74,
1322042 60,
1324087 79,
1326010 65,
1328029 77,
1332087 71,
1334042 65,
1336003 69,
1338029 60,
1342003 74,
1344138 63,
1346180 78,
1350343 75,
1354003 61,
1356164 77,
1364039 71,
1366109 66,
1368122 77,
1370563 75,
1372013 64,
1374010 70,
1384010 72,
1386003 62,
1388090 78,
1390256 70,
1392199 64,
1394125 62,
1396093 74,
1400446 63,
1412160 61,
1414080 73,
1416090 77,
1418029 75,
1420351 68,
1422100 63,
1424003 69,
1426173 65,
1428048 73,
1430311 71,
1432039 61,
1434119 74,
1438003 60,
1440318 61,
1442055 64,
1444010 72,
1446003 65,
1448029 70,
1454132 69,
1456071 64,
1462077 76,
1464010 64,
1468064 74,
1472039 63,
1474080 75,
1476003 64,
1478010 61,
1480284 64,
1486116 60,
1488183 66,
1490432 79,
1494010 74,
1498186 78,
1500246 60,
1504128 77,
1506010 72,
1510367 76,
1512003 60,
1514090 76,
1516003 62,
1522023 71,
1524160 73,
1526003 70,
1528160 61,
1530329 74,
1532144 74,
1538061 60,
1542071 69,
1544170 62,
1550510 69,
1552029 67,
1554151 60,
1556058 67,
1558003 67,
1560142 79,
1564183 64,
1566067 75,
1572029 69,
1574080 62,
1576106 61,
1578087 64,
1582119 79,
1586071 69,
1590380 67,
1592224 71,
1594141 72,
1596122 74,
1598160 76,
1600125 71,
1602100 70,
1606039 69,
1608135 61,
1610329 69,
1612026 71,
1614068 75,
1616010 70,
1618090 71,
1624144 61,
1626029 63,
1630447 64,
1632067 75,
1634045 73,
1636010 68,
1640328 76,
1642215 63,
1646077 68,
1648119 79,
1650322 75,
1652003 79,
1654010 79,
1656042 75,
1658096 62,
1664138 79,
1668128 74,
1670303 70,
1672003 74,
1674167 62,
1676003 73,
1678128 63,
1680163 66,
1684010 63,
1688013 72,
1692003 69,
1696128 77,
1698010 64,
1700647 78,
1702096 73,
1704080 65,
1706003 79,
1708080 63,
1710188 73,
1712084 63,
1714061 78,
1716084 63,
1720355 60,
1724042 64,
1726010 62,
1728186 74,
1732007 61,
1734003 62,
1738058 62,
1740259 75,
1746122 68,
1748003 64,
1750387 67,
1752010 79,
1754048 76,
1756010 65,
1758093 75,
1760209 65,
1762087 73,
1764010 75,
1766128 63,
1770323 75,
1774029 76,
1780243 72,
1782061 63,
1790501 79,
1792058 66,
1794055 68,
1796003 67,
1798003 71,
