92505 3719
95393 3885
101499 3827
105234 3875
115313 3885
125381 3775
131316 3888
135377 3731
145443 3867
151046 3769
155374 3724
165609 3729
171226 3720
181045 3878
185485 3865
195317 3772
201735 3775
205214 3730
231669 3791
235598 3727
241740 3889
245628 3862
251494 3746
255226 3812
265385 3858
271766 3882
275439 3828
280610 3720
285604 3837
291509 3899
295391 3895
300901 3732
315617 3870
321382 3899
325696 3709
331031 3705
335257 3783
351990 3762
355270 3871
375344 3777
385311 3726
390850 3764
401328 3858
405376 3873
425425 3871
435243 3834
441529 3724
455205 3748
460819 3828
465512 3764
471873 3786
475494 3751
485367 3855
501092 3706
505492 3713
515494 3732
520945 3807
525514 3700
531413 3868
545246 3867
555217 3740
571062 3866
575441 3747
581337 3854
585403 3885
591772 3733
595642 3813
605681 3749
610938 3837
615299 3853
625419 3793
630796 3760
635418 3827
645710 3730
651741 3812
660761 3752
671480 3899
675410 3892
681266 3760
695610 3895
701032 3828
730944 3712
735325 3820
741145 3839
745428 3857
760909 3829
765384 3881
771513 3819
775393 3863
785331 3813
790744 3700
795311 3758
801550 3749
815377 3760
821182 3876
831524 3811
841210 3730
855410 3879
860996 3818
870976 3811
885190 3716
895364 3806
905276 3721
910904 3750
915289 3706
921494 3721
925112 3846
930713 3795
935374 3803
940810 3741
951411 3802
955424 3725
961093 3747
965438 3830
970845 3762
975243 3713
981248 3787
985415 3763
991230 3842
1000828 3817
1005552 3784
1015405 3803
1025287 3895
1030997 3882
1041453 3895
1045017 3706
1050893 3773
1055280 3748
1065352 3769
1071195 3736
1075408 3739
1080813 3829
1085329 3773
1095404 3791
1105490 3722
1110988 3835
1120673 3892
1130964 3813
1135646 3784
1140788 3873
1145307 3865
1151109 3814
1165275 3735
1170695 3728
1175358 3746
1180678 3896
1185550 3738
1191356 3807
1195470 3774
1200946 3731
1210848 3843
1215339 3779
1221438 3895
1231083 3822
1235413 3841
1240940 3826
1245291 3745
1251084 3749
1255428 3758
1270955 3716
1281638 3758
1291227 3777
1295291 3728
1305487 3813
1315390 3749
1320918 3765
1325336 3789
1331097 3847
1335368 3775
1341126 3898
1345449 3793
1365297 3731
1375163 3780
1380865 3873
1385383 3816
1395390 3712
1401240 3755
1415372 3827
1420845 3841
1425344 3837
1431063 3719
1435209 3724
1445168 3856
1461574 3700
1465123 3848
1475213 3760
1481142 3831
1485206 3800
1491172 3891
1500731 3876
1510677 3724
1515347 3828
1521146 3839
1525403 3740
1531031 3898
1535478 3759
1541090 3751
1555365 3729
1565255 3874
1575391 3744
1581359 3823
1585343 3727
1590873 3776
1595242 3719
1600874 3809
1615482 3864
1630486 3788
1635325 3875
1641075 3769
1645406 3814
1650741 3771
1655317 3876
1665593 3781
1671249 3783
1675336 3742
1680896 3769
1685461 3754
1690615 3848
1701780 3889
1705610 3708
1710792 3769
1715272 3847
1725189 3774
1735097 3733
1745486 3848
1751060 3790
1755491 3827
1765193 3709
1770830 3879
1780696 3854
1785255 3766
1791675 3774
1795474 3722
