82436 78,
84583 64,
86922 60,
93678 63,
94193 63,
98563 73,
101054 79,
103138 68,
106923 69,
108467 70,
112238 74,
114178 77,
116835 72,
123258 62,
124186 77,
126672 62,
131088 78,
134434 67,
138368 64,
144330 73,
146688 70,
148715 61,
152914 65,
154984 72,
156624 71,
158650 62,
164546 66,
166384 66,
168525 64,
173576 70,
174972 76,
178409 70,
181130 62,
182725 77,
184487 66,
186938 62,
198109 74,
202111 75,
204303 72,
205243 68,
208686 61,
211395 64,
214501 62,
216485 62,
223109 79,
226636 71,
232737 66,
233237 68,
236332 61,
238541 79,
241007 69,
242721 75,
248468 64,
251275 62,
252176 67,
256149 60,
258499 66,
262984 61,
263677 67,
264218 65,
272497 70,
274285 69,
276346 69,
278474 61,
282952 66,
286507 75,
288439 70,
290959 76,
294295 72,
298560 63,
301208 68,
302204 65,
304321 73,
306320 63,
308129 67,
311409 74,
312477 72,
314207 64,
318666 61,
321673 62,
322762 71,
324366 77,
328582 72,
331600 69,
332693 72,
336725 65,
338509 78,
341216 64,
342510 76,
344874 79,
352275 66,
354321 66,
358466 64,
364459 79,
366435 68,
368242 66,
372502 70,
374209 69,
376669 77,
378252 68,
384310 71,
386402 71,
391138 77,
392365 65,
394265 60,
396552 63,
402739 74,
404417 64,
406414 68,
408245 69,
411196 71,
418187 70,
421925 61,
422628 71,
424148 60,
426677 70,
438181 71,
441734 79,
442804 74,
444550 67,
446539 79,
448436 68,
451470 77,
452371 61,
454574 60,
456355 63,
458340 69,
461529 79,
462667 75,
464794 62,
466234 64,
468476 64,
472501 73,
473027 67,
474398 65,
476341 67,
478643 66,
480862 75,
484454 64,
486366 78,
494401 78,
501797 66,
504313 62,
506424 77,
508329 65,
512372 62,
514485 76,
516174 77,
518321 75,
522290 61,
524371 77,
527256 69,
531009 73,
532621 77,
534538 64,
536488 65,
542295 62,
544639 78,
546222 70,
548422 77,
551425 74,
552587 75,
558596 68,
562940 71,
566258 71,
568675 79,
572636 76,
574393 71,
576506 75,
578332 75,
581060 75,
584505 77,
586146 64,
594351 78,
598416 66,
601465 73,
602431 79,
604442 75,
606241 71,
610716 79,
612575 62,
616310 60,
618627 66,
621442 71,
622724 65,
624846 66,
626269 64,
628489 76,
634554 79,
638494 72,
642626 70,
644250 67,
646357 74,
648529 67,
654285 63,
656230 74,
662593 79,
668118 78,
671571 77,
672318 72,
674519 68,
678496 73,
681406 73,
682697 69,
684223 60,
686103 78,
696754 74,
698413 64,
701729 71,
704271 75,
708554 69,
712716 75,
714674 67,
718490 60,
722515 61,
724308 67,
728471 75,
731170 70,
732615 75,
734387 75,
736416 62,
741300 72,
742330 74,
744524 66,
746485 78,
748422 74,
751370 75,
752725 61,
754213 73,
756232 68,
762193 74,
764570 63,
766287 74,
772394 66,
772962 75,
774253 64,
778656 60,
782251 78,
786240 64,
788318 75,
792228 76,
794608 64,
798494 69,
801730 69,
806222 77,
811363 79,
812510 69,
814432 73,
816262 60,
818309 65,
821070 69,
826355 60,
828511 61,
832644 65,
836290 66,
838616 61,
840833 70,
842853 73,
846378 69,
851435 70,
852328 79,
854218 67,
856377 70,
858365 78,
861236 70,
862880 69,
864597 60,
866314 68,
871459 66,
872400 71,
874215 72,
878166 60,
881273 60,
882590 72,
884338 71,
886631 64,
888528 72,
892214 76,
893174 76,
894358 61,
898367 61,
900640 76,
902432 65,
904397 60,
906222 76,
911138 60,
912062 68,
914277 68,
916398 77,
918309 67,
921984 74,
922769 78,
924351 61,
928638 67,
930932 70,
934435 78,
936381 78,
938640 72,
944681 79,
946429 70,
948402 62,
951184 73,
954386 73,
958340 78,
961178 63,
962515 79,
964654 71,
966357 69,
968407 60,
971285 69,
972436 64,
974321 72,
976202 67,
978501 70,
981947 71,
982937 72,
984388 71,
986370 72,
988221 63,
992554 79,
994369 71,
996481 78,
998389 74,
1001126 64,
1002413 62,
1004195 69,
1006358 75,
1008323 71,
1012010 72,
1012739 64,
1014430 74,
1016218 68,
1018521 79,
1021157 63,
1022371 73,
1024246 66,
1026332 78,
1034442 75,
1038373 76,
1042482 78,
1046240 78,
1048314 79,
1051218 64,
1052848 66,
1054641 63,
1058338 66,
1062114 74,
1066259 74,
1068349 69,
1071860 65,
1072794 78,
1074176 60,
1076310 71,
1081424 79,
1082618 63,
1084595 78,
1086241 65,
1088380 69,
1094258 68,
1096524 60,
1101382 78,
1102424 71,
1106411 69,
1108623 67,
1111566 62,
1112170 77,
1116455 76,
1121160 65,
1122351 69,
1124405 79,
1126168 76,
1128440 70,
1131741 73,
1132456 78,
1134340 66,
1136438 79,
1144316 72,
1146346 64,
1148509 63,
1151118 71,
1152439 74,
1161605 78,
1166540 75,
1168182 69,
1171092 70,
1172409 74,
1174562 73,
1176531 73,
1178470 63,
1181249 76,
1182249 73,
1184375 77,
1191914 60,
1192815 62,
1196395 62,
1198350 77,
1202310 60,
1204417 75,
1206427 61,
1211502 77,
1214289 75,
1216633 72,
1218195 68,
1221560 66,
1222660 79,
1224330 78,
1226252 62,
1231235 63,
1232683 64,
1236455 61,
1238449 76,
1242462 68,
1244382 78,
1246180 60,
1248498 64,
1251465 74,
1252760 74,
1254430 63,
1258096 66,
1261135 76,
1264304 67,
1266526 70,
1271143 74,
1272322 74,
1274177 68,
1276348 78,
1278530 67,
1282298 63,
1284383 64,
1286510 67,
1288338 63,
1290889 65,
1294271 64,
1296494 73,
1298405 62,
1301506 73,
1302465 78,
1304514 75,
1311991 74,
1312729 64,
1314192 75,
1318374 74,
1320859 71,
1326471 62,
1332420 76,
1334383 66,
1336632 64,
1341618 60,
1342341 74,
1344573 69,
1351064 77,
1352443 62,
1356518 75,
1364441 78,
1368404 60,
1372612 68,
1376271 74,
1381115 71,
1382314 78,
1384445 78,
1386110 61,
1388546 60,
1391283 79,
1392350 78,
1394515 71,
1396399 70,
1398489 63,
1401457 62,
1402655 66,
1404393 69,
1406802 76,
1408461 66,
1411142 68,
1412420 76,
1414296 71,
1416444 70,
1418321 66,
1420789 67,
1424339 73,
1426181 76,
1428287 60,
1432828 61,
1434365 61,
1436334 70,
1438551 62,
1441376 75,
1442449 73,
1444585 79,
1446437 60,
1448395 68,
1452227 65,
1454413 75,
1456653 70,
1458364 63,
1461852 78,
1462905 65,
1464597 79,
1466584 66,
1468309 67,
1470942 75,
1472217 65,
1474309 76,
1476514 73,
1480836 65,
1482399 71,
1486596 76,
1488524 78,
1494518 64,
1496770 64,
1498320 75,
1502256 75,
1506349 60,
1508312 69,
1511416 60,
1512209 63,
1514430 76,
1516274 73,
1518170 75,
1521902 74,
1522781 76,
1528544 69,
1530758 75,
1534141 62,
1536610 73,
1538397 72,
1541000 64,
1542442 61,
1544461 63,
1546526 71,
1548563 78,
1552866 63,
1554647 70,
1556313 79,
1558496 76,
1562300 74,
1564461 64,
1568606 75,
1571397 68,
1572539 76,
1574116 63,
1576314 64,
1578509 64,
1581991 61,
1582833 61,
1584201 65,
1586414 60,
1591038 73,
1592191 70,
1594358 72,
1596512 72,
1598333 79,
1600785 66,
1604389 71,
1606289 72,
1608322 71,
1611490 79,
1614274 67,
1616279 77,
1618549 61,
1621405 61,
1622412 75,
1624401 62,
1631339 75,
1632550 63,
1636571 62,
1641343 65,
1642656 69,
1644562 68,
1648189 60,
1651519 66,
1652657 68,
1654382 67,
1661171 67,
1662369 72,
1666559 61,
1668219 66,
1671444 63,
1674346 64,
1676557 72,
1680973 72,
1682500 75,
1688396 74,
1696581 72,
1702294 76,
1702599 77,
1708476 75,
1712536 63,
1714432 66,
1722431 61,
1724524 61,
1726158 62,
1728458 78,
1731266 64,
1732578 62,
1736486 60,
1741354 69,
1742411 75,
1744356 71,
1746285 65,
1750931 60,
1752400 70,
1754544 77,
1758521 79,
1761671 68,
1764749 74,
1766468 79,
1768542 63,
1774344 66,
1776382 77,
1778473 79,
1781257 78,
1784454 76,
1786644 68,
1791618 73,
1796587 64,
1798583 70,
