90632 1945
111605 1980
141142 2083
160588 1984
170733 1944
180929 1999
190316 1938
201331 2001
210858 1949
231756 1923
250505 1909
260694 2075
280547 1914
291068 2064
301056 1987
310396 1954
320863 2086
330738 2040
340909 1975
351219 1901
361112 2030
381111 2004
390611 1913
400904 2086
441346 2088
450294 2015
460513 2050
471182 1973
480644 2053
490782 1980
510727 2015
530827 1906
540642 2002
550403 1916
561195 2059
570793 1932
580841 2096
591681 2043
600251 2041
610801 1967
630729 2031
660316 2029
671189 1937
680983 1947
690771 1960
700737 2093
710940 2061
741319 2029
750293 2002
780867 2023
800933 1928
810415 1939
831096 2078
850452 1910
861100 2029
870940 1905
880519 1950
891139 1986
900695 2062
910666 2065
920863 1914
930860 1905
940681 1997
950892 1928
960368 2001
970852 1991
990676 2025
1000775 2037
1020669 1983
1030482 1928
1040952 2056
1061034 1912
1101070 2068
1131051 1950
1140912 2096
1150968 2077
1160916 1945
1170466 2064
1180647 1950
1191058 2086
1200445 2028
1210831 2084
1230453 2022
1240691 2085
1260427 2020
1270590 2012
1280977 1913
1300389 1985
1310761 1912
1330904 2021
1341074 1921
1350519 2097
1360584 1912
1390818 1980
1401063 2033
1420296 2050
1431159 1922
1440312 1900
1470261 2059
1480503 2022
1501232 1944
1521257 2052
1530513 2093
1550905 2094
1560679 1932
1570338 2080
1590784 2057
1611086 1910
1620911 2022
1650553 2064
1660487 1973
1670862 2055
1680566 1927
1690283 2079
1701403 2073
1710706 1991
1740725 1995
1750638 1963
1761009 1900
