82141 74, 5044
86048 79, 5179
88016 61, 5134
90246 69, 5099
92153 72, 5146
94087 65, 5075
96035 60, 5120
98119 61, 5027
100284 70, 5185
102093 71, 5038
104003 71, 5091
106128 64, 5010
108186 79, 5034
110198 77, 5145
112116 74, 5149
114042 60, 5171
118240 66, 5010
120298 76, 5092
122211 64, 5121
126003 78, 5005
128164 62, 5150
130119 66, 5098
132132 69, 5003
134061 72, 5142
136080 66, 5125
138128 75, 5032
140338 79, 5047
142125 72, 5183
144048 65, 5067
146068 71, 5094
148010 70, 5152
150305 71, 5052
152093 72, 5100
154058 70, 5092
156077 72, 5118
158010 61, 5027
160169 78, 5050
162090 63, 5028
164080 60, 5198
166010 77, 5156
170276 72, 5163
172231 62, 5149
174019 69, 5120
176010 61, 5017
178003 60, 5059
180173 77, 5090
182019 65, 5181
184096 66, 5158
194026 65, 5108
196048 70, 5019
198064 75, 5127
200242 70, 5056
202139 69, 5149
204010 72, 5144
208003 63, 5168
220278 75, 5085
224064 72, 5117
226010 71, 5101
228029 72, 5179
232003 61, 5053
234109 75, 5088
236029 79, 5110
238183 63, 5002
240501 69, 5045
242026 70, 5054
246010 64, 5045
250102 76, 5071
252039 71, 5092
254106 79, 5059
258074 72, 5009
260299 69, 5009
262122 66, 5133
264116 68, 5059
266090 73, 5138
268106 64, 5149
270189 62, 5126
272003 63, 5110
276090 69, 5115
278003 60, 5094
280107 79, 5180
282103 62, 5031
286010 74, 5114
288010 77, 5039
292106 71, 5133
294128 69, 5007
296215 69, 5100
298119 78, 5111
300241 64, 5195
302122 68, 5119
304045 66, 5024
306048 77, 5117
308138 76, 5038
310127 70, 5190
312003 61, 5070
314022 73, 5067
316019 71, 5125
318029 78, 5043
320471 74, 5044
322048 72, 5067
324202 70, 5187
326269 61, 5004
330093 64, 5084
334010 72, 5152
336010 62, 5109
340184 70, 5051
342087 64, 5154
346100 74, 5016
348084 74, 5144
350180 67, 5186
352109 77, 5143
354006 72, 5196
356016 68, 5019
358022 68, 5045
360287 74, 5030
364048 65, 5086
366003 65, 5119
368048 60, 5113
370268 69, 5190
372106 62, 5077
376016 76, 5108
378116 78, 5194
380353 71, 5148
382138 69, 5142
386061 69, 5186
388103 67, 5137
390078 70, 5132
394003 60, 5130
400225 64, 5078
404103 65, 5054
406148 61, 5146
408003 60, 5036
410201 65, 5064
412010 78, 5126
414067 65, 5119
418051 74, 5184
422013 61, 5072
424010 72, 5027
426003 70, 5149
428055 64, 5181
432180 62, 5188
434128 76, 5049
436074 62, 5124
438068 78, 5012
440318 72, 5022
444003 61, 5009
446170 61, 5148
450230 75, 5100
452090 69, 5165
456010 74, 5038
458048 61, 5101
460321 61, 5118
462096 78, 5176
466010 79, 5086
468003 65, 5016
470240 75, 5034
472019 67, 5079
474058 63, 5010
476071 60, 5190
478106 67, 5052
480278 62, 5131
482154 76, 5143
484160 65, 5098
486048 77, 5034
488010 75, 5018
490224 61, 5171
494205 69, 5145
496006 79, 5082
498048 60, 5110
500295 77, 5054
502077 76, 5128
504010 64, 5074
506003 68, 5143
508010 78, 5121
510204 67, 5168
512029 67, 5150
516109 69, 5174
518141 70, 5191
520066 64, 5082
522022 77, 5100
524022 75, 5106
526003 74, 5111
528160 61, 5054
530534 77, 5109
532132 71, 5175
538119 72, 5096
540376 62, 5007
544151 77, 5119
546071 65, 5084
548010 76, 5142
550091 60, 5172
552016 73, 5113
554061 67, 5023
556164 60, 5103
558068 77, 5129
560291 73, 5151
562093 65, 5046
566003 76, 5013
568026 77, 5007
570252 61, 5174
572068 70, 5146
574003 63, 5058
576157 65, 5082
578003 72, 5138
580175 65, 5098
582010 66, 5135
586022 71, 5132
588042 61, 5096
590406 60, 5056
592112 63, 5090
596026 69, 5129
598016 72, 5090
600366 71, 5008
604048 79, 5132
606080 70, 5085
608026 75, 5159
610274 67, 5054
612055 75, 5178
614061 76, 5111
616141 71, 5124
618003 64, 5060
620396 71, 5043
622032 68, 5041
624010 71, 5108
626003 69, 5182
628003 69, 5115
630279 66, 5195
632061 72, 5015
634010 69, 5029
636180 68, 5055
640094 73, 5092
642192 74, 5025
644048 63, 5134
646029 70, 5011
648218 63, 5139
650260 75, 5128
654029 67, 5190
660270 76, 5146
662055 69, 5072
664154 69, 5072
666010 69, 5136
668202 79, 5098
670264 69, 5044
672029 69, 5173
674048 75, 5088
676042 73, 5077
678144 74, 5098
680169 79, 5130
682026 71, 5154
686151 76, 5024
688048 63, 5041
690137 66, 5157
692003 78, 5144
694048 62, 5085
698003 63, 5095
700195 69, 5184
702003 74, 5066
704084 65, 5081
706010 61, 5134
710349 75, 5035
712003 72, 5076
714100 63, 5026
716170 63, 5016
718019 63, 5195
720321 60, 5082
722048 67, 5132
724138 78, 5080
726003 66, 5170
728010 65, 5166
730254 63, 5042
732010 75, 5164
734093 76, 5191
736202 67, 5024
740327 69, 5068
742058 67, 5061
744167 73, 5110
746084 73, 5060
748144 69, 5082
754096 67, 5150
756061 62, 5169
760262 70, 5151
762125 64, 5157
764116 71, 5072
766112 69, 5062
768026 70, 5184
770197 73, 5133
772029 71, 5018
774003 79, 5151
778208 62, 5124
780157 71, 5019
782042 76, 5100
784016 75, 5185
786221 77, 5011
788170 78, 5167
790123 72, 5179
792173 73, 5053
794048 73, 5077
796112 64, 5114
798010 73, 5161
802003 65, 5012
804003 76, 5199
806010 66, 5104
808036 68, 5111
810224 71, 5167
814205 74, 5157
816023 76, 5100
818048 60, 5083
820198 71, 5074
822003 75, 5099
824055 68, 5168
826071 69, 5054
828074 73, 5152
830213 68, 5192
834010 68, 5074
836010 65, 5016
838039 75, 5083
840241 74, 5018
842010 65, 5024
844167 63, 5080
846019 72, 5062
848026 62, 5075
850255 60, 5192
852019 69, 5009
854010 66, 5018
858132 78, 5092
862016 63, 5166
864103 73, 5124
866029 66, 5183
868100 77, 5143
870304 70, 5084
872010 74, 5014
876003 72, 5080
880188 69, 5013
882084 65, 5196
884003 74, 5109
888058 63, 5003
894010 70, 5128
896064 61, 5003
898068 67, 5075
900148 60, 5052
902061 78, 5083
904051 64, 5172
906167 79, 5008
908003 65, 5153
910232 74, 5010
916068 70, 5113
918173 73, 5089
920186 67, 5057
922016 73, 5151
924109 63, 5036
926048 61, 5157
928125 60, 5122
932022 70, 5128
934071 73, 5031
936048 68, 5055
938048 75, 5055
940239 68, 5084
942010 67, 5169
944029 79, 5157
950098 71, 5111
952132 68, 5038
960217 78, 5083
962189 61, 5003
964003 69, 5053
966100 61, 5165
970182 79, 5136
972157 79, 5063
974010 70, 5039
978003 66, 5084
980105 75, 5057
984020 78, 5071
990090 77, 5162
992064 62, 5147
994106 63, 5114
996016 71, 5031
998080 79, 5057
1000093 79, 5122
1002029 71, 5185
1004080 69, 5095
1006010 73, 5169
1008141 69, 5127
1010303 66, 5132
1012029 79, 5135
1014003 71, 5012
1016010 79, 5104
1018051 70, 5110
1020287 75, 5127
1022128 79, 5099
1024022 66, 5017
1032003 78, 5061
1034157 62, 5110
1036109 67, 5032
1038116 70, 5027
1040334 68, 5123
1042029 66, 5192
1044090 67, 5155
1046010 68, 5020
1048022 72, 5094
1050134 71, 5010
1052196 60, 5178
1054067 65, 5109
1056080 64, 5097
1058176 72, 5069
1060239 79, 5001
1062010 76, 5152
1064010 60, 5008
1066061 71, 5162
1068010 69, 5080
1070396 67, 5022
1072010 70, 5118
1076064 63, 5022
1080217 62, 5073
1082135 66, 5110
1084003 78, 5078
1086080 70, 5031
1088029 66, 5172
1090179 60, 5047
1092180 79, 5183
1094068 69, 5068
1096071 69, 5009
1098029 65, 5012
1100297 75, 5109
1102010 62, 5020
1104010 74, 5181
1106003 70, 5120
1108003 62, 5108
1110256 61, 5103
1112157 66, 5140
1114087 64, 5103
1116039 75, 5028
1118010 78, 5007
1120134 61, 5018
1122138 78, 5189
1124125 68, 5128
1126003 60, 5141
1128215 60, 5128
1130167 62, 5081
1132125 65, 5060
1136103 79, 5019
1138003 64, 5100
1140359 72, 5035
1142135 70, 5137
1146067 60, 5116
1148132 79, 5049
1152010 62, 5129
1154135 68, 5170
1156096 65, 5152
1158010 72, 5158
1160489 67, 5174
1162013 66, 5049
1164080 73, 5109
1166112 62, 5152
1168128 74, 5064
1170368 70, 5142
1172055 68, 5095
1174003 77, 5012
1178080 65, 5138
1180266 66, 5068
1182003 62, 5191
1184122 75, 5013
1186109 62, 5066
1188090 73, 5052
1190516 73, 5124
1192077 71, 5079
1194160 67, 5121
1198051 77, 5016
1200183 61, 5099
1204189 65, 5018
1206010 62, 5019
1210100 76, 5157
1216096 67, 5006
1218064 77, 5049
1220512 65, 5175
1224074 66, 5063
1226116 73, 5147
1228048 72, 5073
1232208 63, 5078
1234144 66, 5191
1238045 70, 5175
1240270 73, 5141
1242035 63, 5184
1244003 66, 5085
1248010 75, 5007
1250321 77, 5030
1252048 69, 5028
1256029 62, 5175
1258180 64, 5136
1262064 60, 5049
1268061 64, 5117
1270209 65, 5159
1272029 64, 5021
1274010 79, 5137
1278125 68, 5081
1280210 73, 5016
1284084 79, 5035
1288048 60, 5192
1290211 66, 5179
1292122 72, 5077
1294138 78, 5002
1296119 63, 5198
1298122 64, 5121
1300292 74, 5116
1302003 68, 5037
1304068 78, 5194
1306016 69, 5186
1308084 65, 5038
1312048 63, 5116
1314096 66, 5044
1316003 72, 5131
1318068 64, 5135
1320174 74, 5068
1322010 78, 5133
1324003 75, 5130
1326250 71, 5005
1328010 60, 5193
1330290 74, 5163
1332061 77, 5196
1336061 75, 5169
1338042 73, 5023
1342196 65, 5048
1344055 73, 5081
1346087 75, 5180
1348103 60, 5086
1350177 78, 5116
1352151 63, 5092
1354084 79, 5169
1356170 73, 5195
1358061 62, 5026
1360262 78, 5136
1362090 63, 5089
1364125 75, 5085
1366010 71, 5120
1372042 79, 5060
1374157 71, 5195
1376026 77, 5004
1378029 71, 5158
1380215 75, 5189
1382010 75, 5089
1384058 61, 5002
1386096 73, 5015
1388003 63, 5169
1390102 67, 5151
1396003 69, 5050
1398045 67, 5148
1400254 61, 5176
1402064 74, 5074
1404010 68, 5099
1406071 73, 5198
1408199 63, 5046
1410329 65, 5083
1414010 71, 5163
1416003 60, 5135
1418157 77, 5015
1420335 61, 5132
1422067 78, 5181
1424003 71, 5125
1426003 78, 5171
1430498 76, 5060
1432067 77, 5195
1434061 65, 5122
1436135 69, 5030
1438093 65, 5087
1440223 75, 5131
1442042 75, 5043
1444061 65, 5005
1446003 74, 5029
1448026 63, 5077
1450103 66, 5173
1452080 79, 5046
1454116 79, 5155
1456013 72, 5052
1458080 78, 5019
1460273 78, 5123
1462006 62, 5113
1466100 70, 5156
1468035 78, 5094
1472087 72, 5149
1474003 79, 5083
1476100 76, 5125
1480172 63, 5086
1482116 66, 5071
1484071 64, 5101
1486029 69, 5125
1488029 74, 5110
1490331 78, 5153
1492003 70, 5053
1494048 61, 5115
1498042 62, 5164
1502010 76, 5118
1504029 67, 5135
1508010 62, 5085
1510135 72, 5140
1512010 73, 5002
1514003 65, 5074
1518026 60, 5102
1520117 70, 5088
1522048 61, 5194
1524087 76, 5188
1526192 75, 5048
1528039 61, 5194
1530373 66, 5070
1532144 72, 5198
1534016 64, 5023
1536084 70, 5056
1538138 61, 5097
1540230 73, 5141
1542074 71, 5081
1544071 72, 5171
1548067 78, 5185
1550336 75, 5097
1552080 76, 5092
1554010 61, 5184
1556003 74, 5168
1558144 78, 5043
1560272 62, 5026
1562003 72, 5168
1564051 66, 5101
1566010 74, 5173
1568058 71, 5078
1570300 63, 5121
1572109 68, 5010
1576010 75, 5047
1578010 70, 5066
1580284 79, 5146
1582016 71, 5136
1584090 63, 5054
1586202 67, 5118
1588055 61, 5080
1590263 75, 5164
1592042 60, 5052
1596141 68, 5159
1598221 66, 5080
1600093 67, 5153
1602221 77, 5059
1604003 74, 5033
1606022 79, 5051
1608048 73, 5190
1610203 78, 5135
1612074 72, 5003
1614067 72, 5090
1616096 73, 5003
1618029 67, 5184
1620245 79, 5063
1622125 71, 5079
1624013 79, 5076
1626039 66, 5134
1628048 63, 5102
1630060 76, 5048
1632087 75, 5091
1634151 75, 5110
1640190 65, 5066
1642093 67, 5043
1644045 78, 5059
1646048 72, 5084
1648192 77, 5142
1650226 79, 5067
1656122 68, 5135
1658080 74, 5182
1660124 62, 5119
1662061 76, 5018
1664016 67, 5064
1666128 77, 5055
1670326 67, 5141
1674103 67, 5121
1676035 73, 5088
1678055 62, 5045
1680196 69, 5068
1682003 74, 5100
1684212 63, 5064
1686048 69, 5035
1688029 76, 5001
1692003 62, 5098
1694010 68, 5160
1696090 68, 5073
1698074 74, 5115
1700398 78, 5090
1702061 63, 5137
1704010 75, 5106
1706058 66, 5104
1708022 78, 5075
1710118 75, 5098
1714029 66, 5000
1720196 76, 5065
1722087 78, 5075
1724116 74, 5006
1726045 70, 5199
1728003 66, 5150
1730279 78, 5153
1732016 70, 5076
1736003 62, 5123
1738010 64, 5003
1740528 67, 5017
1742116 61, 5128
1744042 61, 5046
1746010 68, 5183
1750128 73, 5048
1752010 61, 5091
1756010 63, 5018
1758228 78, 5150
1760183 64, 5089
1762048 78, 5090
1770290 64, 5127
1772071 61, 5077
1776144 61, 5139
1778010 75, 5165
1780152 75, 5006
1782112 73, 5009
1784192 69, 5093
1790187 63, 5109
1792148 73, 5146
1794016 78, 5078
1796119 70, 5184
1798100 74, 5155
