92001 3847
96463 3713
102316 3860
106461 3880
113514 3724
123072 3867
125853 3725
135523 3717
143183 3857
145765 3883
156349 3852
161739 3844
172715 3736
175909 3829
182104 3806
185993 3862
191806 3813
203503 3734
211563 3768
215854 3771
225439 3881
233149 3739
235697 3804
251684 3730
255576 3871
271995 3865
275292 3833
282485 3751
285665 3828
292504 3735
295665 3845
301716 3708
305584 3736
311775 3752
335426 3703
341708 3783
345696 3791
352972 3704
355749 3760
361803 3713
365928 3865
371857 3873
375991 3735
382704 3760
385840 3846
412458 3811
422257 3891
425568 3894
435593 3836
442768 3799
445610 3739
451778 3885
455796 3810
465553 3764
472692 3871
475635 3797
481806 3894
486031 3848
491782 3801
495721 3860
505542 3766
511702 3733
515795 3752
521711 3850
535546 3755
545663 3710
551518 3847
555629 3862
562687 3825
565477 3855
575937 3731
581770 3750
585601 3825
592386 3841
595392 3702
605729 3767
611303 3718
631764 3836
641806 3831
645626 3738
652417 3717
661702 3845
665603 3794
671524 3716
681894 3798
685576 3852
691528 3753
695488 3815
701880 3798
705696 3703
712373 3830
715550 3823
721284 3729
725522 3736
735751 3761
741921 3876
745606 3742
751637 3895
755555 3841
761567 3855
765609 3786
772729 3805
775436 3883
785552 3894
795640 3878
805421 3778
815674 3880
821254 3855
825563 3853
832424 3761
835546 3858
841846 3733
855509 3880
865534 3715
871738 3816
875772 3895
892615 3879
901242 3798
905865 3760
915529 3827
922526 3882
925567 3713
931663 3807
935617 3755
941714 3766
945645 3810
951894 3710
955729 3895
961768 3839
965624 3749
975743 3852
982436 3864
985694 3860
991581 3836
1001192 3858
1005600 3872
1012564 3731
1025671 3750
1031473 3797
1035691 3890
1042351 3868
1045572 3879
1051824 3723
1055904 3859
1061802 3771
1065630 3845
1075820 3706
1081403 3880
1091925 3825
1095505 3751
1105522 3873
1111661 3731
1115828 3751
1125949 3844
1131984 3881
1135536 3890
1141538 3848
1145552 3723
1151545 3734
1155633 3816
1161893 3751
1171043 3779
1175506 3861
1181890 3764
1185709 3873
1192528 3873
1195692 3780
1201770 3843
1205531 3884
1215641 3706
1221963 3834
1225604 3803
1230936 3850
1235887 3740
1245470 3789
1252532 3714
1255551 3716
1261563 3862
1265648 3734
1271629 3735
1282137 3880
1285576 3855
1291484 3884
1295763 3747
1305474 3814
1312656 3889
1315617 3823
1321552 3874
1325577 3880
1335627 3736
1342305 3831
1345784 3890
1351556 3899
1355527 3858
1361516 3728
1365574 3784
1375618 3758
1381367 3822
1385460 3806
1391592 3786
1411708 3846
1415676 3803
1421531 3861
1425506 3864
1431832 3805
1445566 3887
1451597 3732
1455652 3839
1462393 3821
1465547 3701
1471583 3783
1475751 3710
1481441 3897
1485717 3881
1501806 3788
1505522 3763
1511825 3724
1515493 3745
1522240 3776
1525557 3813
1531523 3896
1535514 3739
1541687 3728
1545363 3834
1551941 3802
1555480 3759
1561745 3797
1565475 3721
1571735 3748
1575625 3811
1582303 3881
1585639 3727
1595547 3792
1605627 3739
1611997 3768
1615486 3792
1621725 3882
1625706 3711
1645577 3859
1651744 3751
1655603 3765
1661864 3751
1665584 3830
1671938 3771
1675505 3899
1685710 3817
1691543 3772
1695678 3768
1702395 3808
1711259 3736
1715597 3757
1721948 3748
1725735 3761
1732361 3792
1735492 3750
1741371 3791
1745690 3801
1751418 3747
1755563 3883
1762655 3853
1765660 3835
1775621 3813
1781387 3762
1785567 3773
1791832 3798
1795695 3805
