90125 2070
100096 2097
120003 1992
140099 1939
170168 2070
180019 1994
200222 1958
210080 2018
220003 2054
250141 2014
260281 1987
280013 2099
300048 2096
310055 1907
320344 1944
330051 2025
340099 1998
370003 2049
380074 1938
390071 1923
410077 1990
430154 2095
510055 2005
530152 2094
560152 2089
570003 2082
580010 2062
590148 1911
600125 1953
610022 1910
620094 1929
650068 1908
670003 1958
700026 2097
710191 1996
720003 1969
740161 1962
750055 1979
760003 1978
770104 1933
780032 2045
800123 1954
810093 1927
820039 2078
830147 1997
860184 1993
870010 2064
880128 1913
890134 2096
900010 1975
910176 1923
920223 1969
930087 1924
940003 1905
950133 1965
970029 1965
980030 1917
990032 1987
1000003 2006
1030119 2074
1040079 2096
1090051 1904
1100099 2001
1130149 2004
1140131 2000
1160286 2053
1170128 1924
1190110 2092
1200128 1940
1220366 1913
1230010 2053
1240106 1916
1250376 2043
1280101 1942
1300068 2078
1310033 1920
1360071 1922
1400041 1948
1420173 1921
1440119 1933
1450077 1947
1460133 1911
1470003 1922
1490187 2092
1500051 1905
1510003 1996
1530103 1938
1550232 2079
1560106 1929
1580238 2051
1590170 1960
1600003 1918
1630013 2048
1650010 2089
1660154 2077
1670154 2065
1690199 2001
1700228 2079
1720003 2069
1730177 1904
1740055 1962
1750045 1902
1790158 2051
