85003 3796
90075 3760
95125 3878
100096 3703
105023 3809
110311 3731
115112 3782
120212 3835
125199 3726
130076 3721
135022 3717
140166 3782
150203 3761
155103 3830
160079 3834
165016 3759
170228 3782
175090 3817
180146 3745
185170 3885
190194 3796
200189 3850
205080 3861
210061 3801
215019 3813
220159 3735
225032 3860
230299 3743
235003 3820
240078 3852
245138 3755
255003 3765
270345 3706
275048 3797
285106 3899
290377 3757
295022 3774
300094 3799
305016 3871
310059 3896
315045 3891
320265 3787
325093 3864
330111 3751
335003 3836
340151 3855
345010 3748
350352 3807
355032 3875
360045 3721
365112 3815
370232 3822
375128 3794
380360 3885
385019 3810
390199 3840
400107 3816
405112 3883
410096 3726
415032 3771
420251 3703
425010 3739
430179 3779
435003 3735
440065 3832
445010 3761
455093 3842
465141 3802
475010 3782
480062 3847
490025 3797
495157 3791
500201 3782
505003 3725
510059 3700
515144 3789
520132 3727
525045 3868
530087 3723
535170 3812
540163 3758
545183 3751
555032 3891
560207 3727
565160 3832
570329 3729
575010 3743
580225 3867
585115 3748
595128 3735
600078 3835
605112 3809
610030 3750
615032 3840
620281 3891
625138 3761
630217 3764
635010 3889
640107 3868
655064 3732
665087 3815
670190 3830
675083 3818
680230 3890
685144 3739
695064 3784
700130 3706
705138 3855
710368 3732
715099 3857
720161 3839
725035 3700
730143 3704
735067 3869
740175 3837
745026 3787
750132 3883
755003 3750
760161 3781
765119 3705
770206 3715
780062 3895
785090 3705
790101 3822
795010 3797
800283 3829
810212 3850
815003 3834
820047 3873
825183 3757
830304 3734
835099 3889
840251 3823
845003 3835
855128 3740
865003 3705
870175 3701
875106 3729
880155 3880
885032 3782
890372 3796
895051 3774
900129 3814
905003 3762
910014 3853
915010 3713
925051 3774
930125 3791
935010 3737
940145 3701
945003 3894
955010 3706
960234 3721
965032 3781
970220 3738
975157 3750
980338 3797
985003 3709
995003 3767
1000328 3732
1005003 3838
1015100 3878
1020152 3879
1025125 3719
1045067 3790
1055010 3885
1060197 3774
1070332 3862
1075048 3718
1080079 3834
1085039 3833
1090190 3712
1095003 3793
1105003 3761
1110143 3837
1115160 3774
1120254 3886
1125026 3843
1130214 3739
1140049 3813
1145003 3702
1150195 3832
1155045 3728
1160430 3748
1165051 3878
1170155 3746
1175010 3829
1180318 3789
1185010 3795
1190172 3770
1195010 3843
1200187 3842
1205048 3853
1210113 3716
1215099 3703
1220351 3761
1225003 3888
1230129 3768
1235196 3804
1240228 3702
1245032 3707
1250253 3745
1255154 3873
1260270 3879
1265103 3726
1275109 3852
1290197 3834
1295167 3753
1300097 3883
1305029 3845
1310199 3854
1315010 3820
1320094 3768
1325064 3793
1330182 3774
1335003 3815
1345010 3790
1350088 3779
1355071 3744
1360321 3804
1365099 3869
1370250 3783
1375080 3791
1380108 3822
1405064 3890
1410119 3734
1415064 3854
1420155 3749
1425010 3881
1430466 3814
1435154 3804
1440047 3746
1445003 3732
1450069 3783
1455061 3789
1460180 3892
1465010 3740
1470158 3815
1475064 3724
1480091 3764
1485003 3860
1490218 3781
1495176 3788
1500157 3725
1505010 3828
1510216 3883
1515003 3890
1520104 3825
1530184 3764
1535032 3742
1545010 3750
1550127 3775
1555019 3762
1565032 3769
1570103 3856
1575202 3889
1580256 3872
1585131 3799
1590083 3700
1595032 3721
1600122 3764
1605022 3898
1610178 3758
1615074 3782
1620092 3872
1625096 3787
1630020 3781
1635157 3779
1640238 3855
1650166 3878
1655003 3856
1660116 3706
1665032 3755
1670263 3873
1675109 3785
1680240 3718
1685022 3878
1690076 3885
1695010 3700
1700211 3837
1705003 3765
1715010 3896
1720091 3846
1725016 3739
1730229 3817
1735032 3804
1745084 3703
1750161 3836
1755087 3867
1760446 3751
1765147 3802
1770278 3737
1775051 3863
1780230 3736
