92528 2045
101711 2024
121503 1946
151409 2003
161635 2051
172310 2003
202585 2072
211634 2011
231889 1975
251505 1983
261610 1903
281351 2077
321881 2063
331715 1954
341014 2021
352406 2079
361728 2017
371253 1957
382505 2082
391701 1947
401483 2009
411200 1964
421233 1900
431903 2040
451323 1943
481821 2065
490985 2031
501907 1986
511448 1991
541588 2054
561849 1947
571366 1999
581749 1961
601494 2030
652365 1960
671831 1942
682252 1973
691292 2046
701614 1992
711550 1985
731470 1923
741801 2035
761006 2000
771889 2019
781837 1980
821446 2014
831714 2094
841277 2093
851314 2099
881553 1901
891767 1900
911466 1985
931110 1959
952156 2077
961125 1969
971423 1942
981590 2039
991465 1958
1001502 2008
1021492 2035
1031248 2063
1041641 2052
1051176 2005
1061576 1970
1072226 2059
1081220 2039
1111420 2022
1121422 2026
1131584 2030
1161915 1907
1191903 2046
1211021 2004
1222291 2002
1231161 2048
1252309 2085
1271299 2035
1281873 2056
1291584 2050
1301355 1963
1311697 1913
1341950 2084
1351193 2025
1361468 1952
1371542 2074
1381490 1954
1391470 1973
1401793 2014
1441276 2052
1461758 2099
1491892 2002
1501640 1944
1511004 2056
1521877 1948
1531580 2000
1561225 2029
1601236 1903
1631334 2023
1641760 1942
1681527 1910
1691271 2038
1702180 1938
1721527 2011
1731936 1920
1741192 2062
1771141 1929
1791763 1901
