82173 74,
86016 63,
88144 65,
90441 64,
92019 62,
94183 64,
96160 68,
98103 66,
100238 75,
102003 71,
104045 76,
108003 69,
112132 68,
114058 61,
116157 75,
118003 79,
120268 71,
124205 72,
128205 69,
130166 60,
132058 67,
136096 70,
140458 79,
142058 75,
144180 66,
146029 64,
148010 69,
150195 64,
152055 61,
154067 75,
156019 77,
158180 67,
162039 72,
164071 61,
166003 71,
172084 64,
180166 65,
182061 79,
184061 70,
186128 71,
188064 75,
190240 63,
194103 63,
200577 69,
202157 73,
204119 64,
206051 68,
208164 78,
214138 78,
216010 79,
218067 71,
220355 78,
222106 64,
228003 62,
232154 70,
236186 79,
240103 68,
244051 74,
246003 69,
248084 72,
250371 64,
252148 62,
254090 61,
256116 71,
258234 70,
262003 71,
264096 65,
266125 63,
268170 68,
270388 68,
272100 73,
276067 67,
278173 68,
282135 78,
284090 69,
286003 78,
288196 61,
290483 62,
292039 76,
294003 79,
296026 71,
298010 68,
300201 75,
302055 71,
308039 77,
310066 76,
312010 76,
320519 72,
322010 79,
326058 71,
328112 71,
330389 64,
332109 70,
334087 77,
342048 76,
344122 66,
346007 63,
348010 70,
354029 75,
356138 78,
358151 77,
360211 63,
364205 64,
368154 62,
370166 61,
374055 74,
376112 72,
380048 73,
384029 75,
386128 68,
390341 79,
392084 71,
396032 74,
400255 73,
402019 74,
404067 75,
406029 73,
410541 71,
412148 63,
414010 62,
416042 69,
420336 78,
422003 71,
424192 63,
426003 78,
430170 77,
432045 71,
434061 64,
436023 71,
438048 61,
440461 76,
446157 77,
450202 63,
452003 73,
454010 62,
458010 77,
460273 78,
464064 68,
468003 62,
470391 65,
474023 67,
476003 76,
478205 62,
480127 74,
482003 72,
484106 68,
486051 75,
488151 77,
490242 66,
492128 66,
496003 60,
498071 66,
502176 60,
504132 62,
506100 75,
508100 62,
512003 65,
514144 65,
516003 76,
518003 64,
520279 62,
522003 63,
526116 75,
528138 70,
530387 60,
532148 79,
538029 67,
540393 66,
544154 71,
548173 76,
550399 78,
552003 74,
556064 67,
560127 72,
564048 67,
566010 74,
572026 76,
574003 63,
576192 64,
578109 69,
580431 76,
582183 67,
584116 65,
586029 64,
588003 68,
590462 74,
592144 60,
594100 68,
600293 77,
602003 77,
604003 60,
606071 73,
608067 78,
612039 77,
614125 67,
616048 66,
618144 66,
620456 69,
622224 67,
626103 69,
628228 61,
632132 62,
638148 77,
642029 72,
644003 78,
646087 76,
648109 73,
652122 79,
654010 62,
660089 67,
662122 77,
666087 61,
668125 60,
670520 66,
672029 74,
674125 73,
676064 60,
678010 73,
682106 67,
686074 79,
688138 74,
692103 72,
694061 69,
698029 65,
700213 67,
702010 79,
704023 77,
706128 71,
710472 66,
712048 63,
714167 79,
716010 78,
718112 73,
722010 64,
726144 62,
728048 62,
734003 74,
736061 73,
738068 71,
740510 65,
744010 76,
746010 65,
748106 69,
750296 60,
752064 76,
756010 72,
760259 73,
762003 63,
768003 74,
770317 68,
772003 74,
774202 70,
776003 60,
778109 77,
780256 74,
782208 72,
784068 65,
786048 74,
788138 74,
790275 75,
792003 63,
794173 69,
798109 78,
800375 63,
802010 64,
804010 61,
806003 78,
808003 61,
810355 76,
812003 72,
816061 64,
820283 69,
822003 77,
824128 67,
826109 72,
828109 74,
830363 62,
832186 73,
834144 70,
836003 68,
838003 79,
840217 79,
844003 68,
852003 61,
854103 63,
856122 66,
862003 64,
864138 62,
868003 64,
870463 62,
872010 60,
874010 78,
880348 72,
884071 70,
888029 76,
890417 78,
892151 78,
896164 77,
900265 71,
902003 76,
904010 62,
906023 71,
908289 65,
910252 74,
912074 67,
914128 69,
916019 61,
918068 77,
920452 67,
922010 77,
924122 61,
926029 74,
928058 64,
932084 64,
934026 79,
936109 64,
938064 77,
940264 69,
942106 78,
946128 69,
948035 76,
950397 79,
952010 69,
954148 66,
958010 63,
960406 63,
962090 65,
964003 62,
966010 77,
972192 67,
976119 74,
978003 67,
984116 64,
986128 68,
990243 65,
992048 78,
994003 61,
1000261 62,
1004100 62,
1008080 77,
1010494 71,
1012010 70,
1014003 68,
1016010 75,
1020381 78,
1022157 75,
1024074 67,
1026080 75,
1028109 76,
1030311 74,
1032093 63,
1034135 67,
1036067 63,
1042231 68,
1044119 75,
1046116 78,
1050410 78,
1052003 71,
1056148 72,
1058215 73,
1060285 76,
1062003 76,
1064093 65,
1066003 69,
1070480 62,
1072068 67,
1074048 65,
1076096 71,
1078029 60,
1080247 61,
1082154 64,
1084100 63,
1086042 68,
1088116 69,
1090444 70,
1096119 63,
1098026 63,
1100481 60,
1104084 63,
1106100 61,
1108029 76,
1110259 71,
1114035 77,
1116003 74,
1120342 65,
1122109 65,
1126061 65,
1128010 63,
1130437 73,
1132029 66,
1134106 66,
1136048 63,
1138103 77,
1140264 63,
1142067 79,
1144096 75,
1146170 77,
1148003 62,
1154003 66,
1158010 66,
1160473 72,
1162084 73,
1164112 61,
1166090 69,
1170340 74,
1172010 73,
1178010 69,
1182173 60,
1184010 60,
1188003 63,
1190360 78,
1194048 76,
1196003 71,
1198122 69,
1200230 72,
1202003 67,
1204125 69,
1206003 67,
1210262 70,
1212051 66,
1214176 65,
1218202 62,
1220567 65,
1222128 69,
1224100 69,
1226090 75,
1228042 73,
1230359 69,
1232003 71,
1234080 74,
1236003 64,
1238055 77,
1240265 68,
1242112 67,
1244029 71,
1248087 63,
1252010 66,
1254157 61,
1256029 60,
1260150 68,
1262003 60,
1264003 74,
1266003 67,
1268096 74,
1270205 61,
1272003 76,
1274122 61,
1276128 61,
1278003 66,
1280314 75,
1284151 77,
1288029 79,
1292010 60,
1298128 76,
1304064 66,
1306109 62,
1310519 63,
1312132 75,
1314003 77,
1318048 77,
1320406 74,
1322042 79,
1324010 66,
1328010 62,
1330335 77,
1336067 76,
1340345 78,
1344010 72,
1348003 61,
1350481 75,
1354010 71,
1356132 76,
1358112 77,
1360270 75,
1362067 76,
1364064 78,
1366109 70,
1372019 63,
1374148 74,
1376042 74,
1378010 77,
1380332 71,
1382192 61,
1386122 62,
1388228 61,
1390281 60,
1392093 72,
1394029 75,
1396164 64,
1398154 73,
1400587 71,
1404122 63,
1406010 78,
1408029 73,
1410398 66,
1412196 70,
1414144 66,
1416010 77,
1418010 71,
1420415 79,
1422157 63,
1426173 65,
1428103 66,
1432045 62,
1434148 71,
1438132 73,
1442100 72,
1444029 75,
1446010 70,
1448010 61,
1450424 60,
1452135 65,
1456071 66,
1458010 72,
1460351 68,
1462010 77,
1464144 73,
1466010 64,
1468064 62,
1470323 74,
1476096 66,
1478048 62,
1480236 70,
1484148 66,
1486010 75,
1488087 64,
1492023 68,
1494048 61,
1496144 61,
1500156 70,
1502080 76,
1506010 79,
1508100 78,
1512003 75,
1516010 79,
1518010 70,
1520419 61,
1522010 69,
1524010 66,
1526003 70,
1530355 69,
1532029 72,
1538039 64,
1542160 77,
1544048 70,
1546010 60,
1548125 76,
1550306 76,
1556148 76,
1560178 63,
1564016 63,
1568029 61,
1570329 63,
1572061 62,
1574128 77,
1576003 73,
1578010 70,
1580410 74,
1582048 67,
1590309 60,
1592093 79,
1596183 77,
1602067 72,
1610157 62,
1612084 78,
1616023 74,
1620167 76,
1622010 61,
1624003 69,
1626122 63,
1632141 69,
1634141 60,
1636144 78,
1638039 67,
1642010 75,
1644003 77,
1650246 65,
1652003 70,
1656128 66,
1658080 73,
1662132 74,
1664010 60,
1666003 60,
1668077 61,
1670283 75,
1674135 66,
1676003 63,
1678160 60,
1680183 63,
1682003 61,
1684003 67,
1692116 66,
1694029 60,
1696180 79,
1700333 61,
1704003 73,
1706164 75,
1710393 68,
1712029 66,
1716010 77,
1718119 65,
1720395 73,
1726138 73,
1728019 60,
1730404 61,
1732058 70,
1734064 64,
1736218 70,
1738148 77,
1748067 76,
1750483 64,
1754010 68,
1758010 70,
1760241 76,
1764029 63,
1766122 75,
1770163 63,
1772080 78,
1774224 63,
1778051 71,
1782003 63,
1784180 72,
1786160 71,
1788180 71,
1790366 64,
1792109 79,
1798010 76,
