91124 1995
111388 2062
141201 1912
160486 2085
190259 2053
210682 1949
240722 1945
270717 2013
291027 2067
321020 1926
330748 2091
361249 1999
370869 2088
400732 1968
411234 1948
430332 2058
490659 2024
501406 1916
520966 2068
531276 1991
540820 1926
570281 2067
590699 2016
620767 1915
630648 2092
700392 1952
731101 1921
741267 2025
771323 2042
780404 2069
801511 1906
820737 1969
831402 1977
850822 1916
870948 1945
910678 2032
940852 1943
970483 2085
990553 2075
1000600 2039
1010838 2009
1041028 2010
1050722 1981
1090629 2090
1100762 1942
1120785 2054
1160849 2011
1180548 2088
1190819 1959
1210352 2032
1221154 2043
1300805 1929
1330472 1925
1380904 2097
1410611 2030
1420887 1946
1431121 1933
1450319 1967
1460853 1995
1480915 2071
1491100 1980
1510432 1970
1520898 2003
1540739 1994
1570891 2055
1600338 2085
1620736 1911
1640985 1982
1650395 2047
1660792 1995
1680810 1937
1701530 2094
1710723 1951
1730839 1953
1760855 2079
1770757 2019
1780720 1990
1791378 1988
