85963 3864
105334 3796
112647 3861
115254 3728
121266 3840
130865 3863
135635 3722
141295 3702
145574 3728
155190 3830
161091 3840
165492 3795
171088 3872
175310 3888
185292 3892
195208 3878
210908 3744
221471 3810
235070 3866
245607 3711
250966 3819
261178 3788
265463 3893
271914 3712
275327 3701
291207 3761
315321 3738
331339 3843
335192 3809
351972 3752
355133 3791
361302 3743
365326 3744
375172 3810
381680 3767
385414 3887
391225 3749
395342 3763
415576 3888
435525 3754
442064 3827
445454 3856
451155 3755
465226 3880
471339 3749
481318 3728
485597 3845
490539 3891
495233 3870
501417 3891
505613 3707
510954 3727
515404 3846
535551 3882
545569 3835
550829 3702
555515 3711
561291 3893
575194 3763
585635 3767
591061 3719
605319 3828
611073 3820
621038 3779
625546 3791
640715 3873
655384 3737
660888 3833
665273 3792
671287 3750
685102 3893
690816 3799
705302 3709
715598 3852
725370 3817
735514 3793
745499 3779
750610 3885
755190 3783
760885 3728
785303 3890
801428 3861
805383 3719
815229 3724
821237 3846
835306 3830
845480 3873
850947 3774
855363 3816
865385 3720
871021 3765
875149 3809
885338 3797
901070 3871
905342 3829
911022 3814
915310 3750
921522 3720
941344 3778
945347 3761
951282 3897
955325 3774
970908 3748
975372 3847
995456 3797
1000861 3777
1011496 3735
1015430 3822
1021063 3750
1030838 3723
1035448 3790
1050841 3705
1055497 3889
1060976 3851
1065335 3761
1075379 3847
1080650 3822
1095350 3708
1100902 3745
1105599 3835
1110843 3878
1115239 3884
1121022 3795
1125284 3833
1131208 3799
1141009 3811
1145408 3820
1155424 3724
1161888 3837
1165384 3780
1171128 3754
1185159 3735
1191452 3739
1205352 3717
1215637 3821
1225436 3719
1230796 3888
1235387 3795
1240958 3859
1251137 3827
1260705 3711
1265506 3743
1270665 3783
1275542 3741
1285317 3851
1290634 3807
1295506 3756
1315355 3715
1321241 3711
1325252 3837
1331089 3781
1335572 3773
1341004 3892
1345351 3880
1355231 3715
1365345 3812
1371360 3877
1375224 3804
1385418 3712
1391051 3807
1395196 3889
1401144 3860
1405388 3802
1425498 3848
1440628 3896
1455455 3748
1461175 3850
1465255 3852
1471098 3718
1480952 3710
1485380 3856
1491704 3782
1495601 3897
1501224 3775
1511134 3800
1515514 3842
1521218 3738
1535587 3894
1541178 3850
1555400 3893
1565383 3834
1571044 3875
1575419 3781
1581430 3852
1591030 3815
1595083 3804
1600882 3857
1605237 3787
1611476 3786
1620811 3878
1635504 3889
1641239 3890
1650902 3861
1660784 3835
1665566 3763
1671322 3750
1675361 3831
1685516 3772
1690743 3814
1705440 3845
1711398 3804
1745346 3878
1775393 3813
1781090 3705
1795382 3791
