86196 3802
95596 3787
125401 3896
135689 3884
145422 3860
150792 3739
161188 3870
171419 3721
175337 3757
181478 3876
205488 3719
215552 3827
221231 3797
235629 3773
261229 3755
265519 3836
271434 3737
291158 3745
295180 3794
305194 3874
310892 3764
315275 3797
325416 3830
340805 3853
355169 3878
361087 3795
370918 3768
381778 3727
385191 3792
395472 3733
405171 3746
415209 3816
421379 3727
430584 3734
455440 3868
465465 3881
475435 3758
480868 3841
495438 3782
501001 3867
505537 3753
515435 3704
525259 3887
531327 3758
535355 3825
545384 3727
555278 3800
561421 3737
565537 3713
575359 3783
585047 3834
605205 3727
615518 3816
620952 3889
630925 3827
641126 3887
655408 3860
660687 3811
685356 3781
695509 3819
700823 3774
705561 3893
715397 3778
721141 3820
725600 3718
735442 3758
741263 3806
750809 3847
761071 3791
771636 3816
775613 3825
781134 3752
785099 3885
795419 3782
801975 3748
810849 3757
815498 3830
820882 3801
825404 3832
835365 3749
840848 3809
845560 3768
855233 3783
861383 3768
865374 3894
885307 3864
891290 3798
901032 3892
905253 3819
910716 3775
915258 3768
925279 3887
930985 3827
935402 3862
941163 3803
945157 3803
951367 3860
955496 3740
960959 3853
970801 3711
975337 3828
981327 3850
995585 3848
1000889 3878
1005414 3866
1011031 3889
1015200 3748
1025407 3863
1030818 3868
1041600 3835
1045265 3859
1055225 3795
1060981 3823
1065331 3738
1085253 3822
1091010 3715
1095308 3730
1105311 3726
1131076 3874
1145340 3843
1151249 3825
1155403 3798
1161472 3720
1165542 3899
1171070 3847
1180750 3716
1185373 3701
1191578 3773
1195296 3761
1215441 3740
1225248 3783
1241146 3890
1251288 3821
1260500 3735
1265198 3750
1275278 3840
1285268 3838
1295284 3810
1300891 3819
1305345 3785
1311375 3734
1315523 3821
1325312 3879
1335504 3872
1345505 3796
1355561 3822
1365861 3750
1371613 3873
1381050 3710
1385508 3899
1391138 3868
1395236 3727
1401148 3882
1405456 3725
1415345 3794
1425409 3889
1435220 3746
1440883 3838
1450869 3797
1455364 3812
1461084 3895
1465422 3741
1480925 3830
1485408 3890
1491584 3885
1495313 3836
1500939 3832
1510660 3762
1515411 3840
1521193 3740
1525396 3780
1531278 3836
1535293 3701
1541024 3861
1545245 3899
1551041 3849
1555357 3724
1560821 3759
1565105 3774
1571068 3835
1575288 3832
1581127 3825
1585526 3848
1590904 3700
1605286 3705
1611369 3895
1615395 3746
1665247 3788
1675302 3748
1680701 3704
1685466 3762
1695181 3867
1701395 3703
1705164 3863
1710677 3758
1715204 3850
1731437 3764
1735313 3809
1740825 3848
1750861 3740
1755259 3867
1761065 3855
1765427 3742
1795587 3871
