85087 3771
95039 3894
100152 3701
115176 3885
120070 3824
125003 3728
130256 3706
135010 3769
145045 3750
150148 3881
155003 3776
160267 3803
165010 3868
175035 3844
180040 3878
185083 3782
190243 3885
195003 3882
200161 3821
205100 3792
215003 3894
220040 3870
230404 3891
235003 3845
240097 3895
245010 3833
265199 3767
270104 3880
285003 3823
290214 3740
295022 3738
300228 3740
305157 3813
310120 3724
315003 3733
325010 3873
330161 3825
335119 3895
340104 3826
345022 3795
355215 3786
365077 3748
375003 3754
380393 3832
385096 3828
395045 3855
400072 3804
405010 3766
425157 3879
430129 3865
435048 3753
445003 3897
450088 3833
455032 3881
460232 3715
465148 3735
475208 3790
480370 3756
485087 3798
505183 3764
510184 3709
520184 3702
525109 3820
535003 3758
550096 3793
555010 3893
565022 3883
575237 3878
580200 3825
590239 3869
600229 3780
610121 3796
615003 3899
620415 3866
625074 3779
630222 3869
635010 3779
645087 3858
650079 3826
655128 3718
660218 3724
665010 3789
670292 3859
680262 3802
685010 3762
690254 3776
700225 3778
705125 3711
710396 3843
715003 3726
720221 3747
725083 3705
735132 3895
740108 3719
750222 3718
755077 3756
760138 3748
765119 3818
775003 3898
780232 3868
790293 3763
795061 3777
805010 3701
810168 3814
815051 3817
820077 3866
825051 3783
830366 3766
840171 3882
845003 3793
855128 3874
865138 3829
870179 3850
880120 3850
885051 3703
905032 3792
915010 3704
925010 3797
935010 3874
940162 3729
945010 3855
950299 3719
955224 3779
960187 3783
965010 3888
985032 3865
995090 3848
1015122 3852
1025032 3891
1035096 3790
1040180 3873
1045010 3852
1050303 3733
1055186 3754
1060056 3876
1065026 3842
1070120 3782
1075010 3788
1080219 3865
1105003 3747
1110226 3725
1125039 3795
1135010 3775
1140049 3710
1150344 3714
1170318 3798
1175132 3731
1180235 3821
1200084 3765
1205087 3753
1210249 3820
1225170 3776
1235064 3705
1245122 3825
1250253 3713
1260222 3824
1265125 3806
1270062 3862
1275032 3820
1285003 3827
1290063 3831
1295003 3712
1305090 3848
1310454 3897
1315125 3811
1325122 3891
1330145 3811
1340259 3782
1345141 3895
1350339 3790
1355032 3797
1360193 3884
1365051 3795
1370457 3873
1375138 3896
1380093 3850
1385167 3866
1390195 3753
1405003 3740
1415029 3826
1435144 3726
1450174 3751
1455032 3864
1465010 3780
1475115 3826
1480232 3822
1485010 3815
1490332 3793
1495135 3836
1500209 3725
1505010 3701
1515103 3738
1520265 3801
1535010 3726
1540017 3700
1550400 3785
1555019 3796
1560077 3816
1565010 3759
1570206 3780
1575010 3808
1580171 3831
1585032 3794
1600086 3825
1605128 3805
1615103 3719
1625189 3883
1630272 3870
1635263 3736
1645003 3883
1655010 3760
1660142 3747
1665039 3854
1675032 3780
1680123 3874
1685010 3739
1690085 3764
1700518 3830
1705083 3707
1710017 3726
1715003 3789
1720347 3737
1725237 3891
1735045 3720
1740189 3834
1745003 3827
1765160 3790
1770171 3847
1785112 3828
1790371 3772
