93583 66,
97090 79,
98993 79,
101537 69,
105488 65,
107547 64,
108180 77,
112211 72,
114950 71,
117181 72,
126730 77,
128943 74,
132183 75,
133059 72,
134353 68,
136624 66,
143514 68,
144414 60,
146661 68,
148856 77,
151550 73,
152662 78,
162589 60,
164389 63,
166362 78,
171799 67,
173241 69,
175244 76,
176858 66,
178342 70,
181021 60,
182835 78,
184245 75,
188330 60,
193037 61,
194509 64,
198171 69,
202852 75,
204443 69,
204832 73,
206670 74,
208262 75,
211482 61,
212690 68,
214376 68,
218600 60,
221799 74,
223004 73,
232720 66,
236550 73,
241599 72,
242078 60,
244786 65,
246177 77,
248405 60,
251365 69,
252341 75,
258977 70,
264793 71,
266607 64,
268432 71,
271410 70,
274495 70,
282560 60,
284395 70,
286422 61,
288598 62,
294564 78,
298699 78,
301239 65,
302389 75,
304433 72,
306505 60,
308591 72,
314553 65,
316248 73,
318470 67,
321561 76,
324723 73,
326632 66,
328428 60,
331901 70,
334318 77,
336701 79,
338380 73,
341199 63,
342151 69,
344301 78,
346419 76,
348177 70,
352131 70,
354538 74,
356578 68,
358433 67,
361468 74,
362518 78,
364415 64,
366477 72,
368680 72,
372228 65,
374611 68,
383331 62,
386724 60,
391332 72,
392523 69,
394551 60,
396593 71,
398560 72,
404339 79,
406199 78,
408342 72,
411903 72,
414496 69,
416699 79,
418349 64,
421243 62,
422453 77,
426325 69,
428278 72,
430949 77,
432369 79,
443116 65,
446442 73,
451308 66,
452330 67,
456214 77,
458573 75,
461668 61,
462619 60,
466423 68,
468390 73,
476320 62,
481592 64,
482482 68,
484549 60,
488648 66,
492452 79,
494488 73,
496335 78,
498768 73,
503165 60,
506099 72,
508573 65,
511377 73,
514230 78,
516469 72,
522389 66,
524138 67,
528410 76,
531648 70,
536309 79,
546426 74,
548297 70,
550964 72,
552509 62,
554580 66,
558582 68,
562866 71,
568522 72,
571120 67,
572339 75,
576434 78,
581308 78,
584432 67,
594612 73,
601760 76,
602210 66,
604181 78,
611241 75,
612488 70,
614252 78,
616410 67,
621889 73,
622848 61,
624811 78,
628507 63,
632271 77,
634507 63,
636499 71,
638410 74,
641040 73,
642654 62,
648334 68,
651911 67,
652924 77,
654581 68,
656293 64,
658563 61,
661599 60,
662638 66,
664276 64,
666402 70,
668532 77,
670934 63,
674504 69,
676611 65,
678469 66,
681273 68,
682597 74,
688524 71,
690931 69,
692551 76,
694253 71,
698485 78,
702490 72,
706369 61,
708421 65,
712564 78,
714252 61,
716315 79,
721085 79,
722539 64,
724496 65,
726617 67,
728353 73,
731150 66,
732312 78,
734485 64,
736454 78,
738264 73,
742817 60,
744048 77,
746435 64,
748495 79,
750922 62,
752655 68,
756396 76,
761556 60,
762218 74,
764590 62,
766276 79,
768168 71,
772518 74,
773211 72,
776357 62,
778234 79,
781310 75,
782330 60,
784481 71,
786322 72,
788647 67,
792306 70,
794407 79,
796757 62,
798321 68,
803305 72,
804259 61,
811406 64,
812528 79,
814294 67,
816239 77,
818656 74,
820605 75,
822310 67,
826529 66,
828251 73,
831898 75,
834283 69,
836726 65,
838678 75,
841273 74,
842412 66,
844129 68,
852512 63,
854627 62,
856573 71,
862921 78,
871418 76,
872554 69,
874323 77,
876435 70,
878539 78,
881345 76,
884244 62,
891912 76,
893121 69,
894582 66,
898378 65,
901375 62,
902327 61,
904356 74,
906340 61,
908378 74,
911423 74,
912496 77,
914225 75,
916447 79,
922185 67,
922959 74,
924373 65,
926555 72,
928550 72,
931407 60,
934391 64,
936484 67,
938404 68,
941593 75,
944441 76,
948359 70,
951430 67,
956132 74,
958305 72,
961467 66,
964291 64,
966340 67,
968449 63,
972458 76,
974250 62,
978404 60,
981777 67,
984258 63,
986531 69,
988429 73,
991501 77,
994455 64,
996380 73,
998629 69,
1000993 74,
1002370 62,
1004222 75,
1006325 62,
1008350 73,
1012429 60,
1012941 65,
1016659 79,
1018475 71,
1022456 73,
1024266 76,
1026530 72,
1028330 63,
1030998 69,
1034318 69,
1036446 70,
1038352 76,
1041682 73,
1042410 78,
1050911 73,
1052875 77,
1054383 61,
1058442 72,
1061155 61,
1062449 79,
1064564 66,
1066367 77,
1072163 61,
1072648 61,
1074371 75,
1076518 75,
1078454 67,
1082435 72,
1084441 69,
1086683 65,
1092267 61,
1096766 68,
1098359 75,
1101586 69,
1106432 64,
1108643 77,
1111516 63,
1112407 67,
1114287 68,
1116497 66,
1118405 78,
1122312 73,
1124627 72,
1126642 75,
1128469 60,
1131660 78,
1132368 69,
1134244 75,
1136412 73,
1138095 60,
1142394 74,
1144247 69,
1146319 60,
1151331 75,
1154339 61,
1156268 77,
1161721 61,
1162267 70,
1166655 70,
1171280 65,
1174283 73,
1178403 65,
1181615 68,
1182270 65,
1184532 63,
1186572 76,
1188508 64,
1192975 65,
1194406 70,
1198301 62,
1201101 72,
1202373 66,
1204371 78,
1206299 65,
1208330 77,
1211379 66,
1212658 64,
1216545 70,
1220991 68,
1222483 75,
1226441 68,
1228467 71,
1232719 74,
1234571 76,
1242458 79,
1244364 62,
1246731 74,
1248487 73,
1251819 68,
1252982 64,
1256368 72,
1258392 63,
1262350 75,
1264360 72,
1268449 60,
1271316 64,
1272561 71,
1274463 75,
1276177 62,
1278760 70,
1284410 72,
1286452 69,
1288288 63,
1291274 77,
1292563 79,
1294549 70,
1296337 62,
1298505 76,
1301464 67,
1302395 75,
1304130 72,
1306724 69,
1308511 61,
1312259 79,
1313142 66,
1314394 74,
1316500 63,
1321306 60,
1322339 79,
1324212 68,
1328527 72,
1330992 60,
1332604 61,
1334362 72,
1336615 77,
1341173 71,
1344630 78,
1346512 61,
1350897 79,
1356535 74,
1358433 67,
1362239 75,
1364300 70,
1366356 66,
1371902 77,
1372519 66,
1374323 77,
1376502 77,
1378488 74,
1381360 76,
1384326 60,
1388282 60,
1391393 61,
1392309 71,
1396306 63,
1402808 62,
1404338 67,
1406521 65,
1408389 75,
1414575 61,
1416254 79,
1418228 60,
1422346 71,
1424373 69,
1428605 77,
1433015 69,
1434456 60,
1441487 73,
1442512 70,
1444545 70,
1446593 73,
1448260 76,
1458240 61,
1461731 61,
1462981 64,
1468445 77,
1472362 62,
1476436 64,
1478334 71,
1481124 67,
1482280 68,
1486442 74,
1488513 69,
1491677 67,
1492699 61,
1494369 67,
1496403 66,
1498931 63,
1502569 61,
1504415 71,
1506415 64,
1514642 78,
1516441 63,
1518196 78,
1521609 70,
1524140 62,
1528370 74,
1531043 72,
1532298 60,
1534384 76,
1538598 70,
1542314 77,
1546639 69,
1548542 64,
1551753 66,
1552445 76,
1556660 61,
1561277 76,
1564505 71,
1566847 61,
1568620 74,
1571421 66,
1574056 75,
1578187 72,
1582989 78,
1588510 69,
1591054 77,
1592329 68,
1594313 68,
1596357 67,
1598411 75,
1601079 61,
1604622 72,
1606275 79,
1608308 73,
1612371 73,
1614428 67,
1616719 65,
1621365 73,
1622197 79,
1624880 65,
1626436 64,
1628691 72,
1632366 67,
1634670 71,
1636388 76,
1641326 70,
1644209 75,
1652643 67,
1656444 74,
1658437 62,
1664233 75,
1668544 63,
1671477 66,
1672594 77,
1674130 60,
1676352 69,
1678233 73,
1681420 72,
1682658 66,
1684484 73,
1686658 63,
1688515 75,
1692508 63,
1694341 64,
1696544 79,
1698396 75,
1702444 70,
1704340 69,
1706250 62,
1708280 75,
1712285 77,
1714380 65,
1716445 72,
1718358 73,
1721745 64,
1722481 67,
1726402 62,
1728489 75,
1731665 68,
1732765 76,
1734377 67,
1736512 73,
1738290 66,
1741025 61,
1742594 61,
1746317 64,
1751288 61,
1758776 79,
1762864 68,
1764452 60,
1766766 79,
1768280 61,
1771208 61,
1772499 75,
1782416 76,
1784196 79,
1786224 70,
1788314 66,
1791433 68,
1792497 75,
1798325 77,
