100775 2046
111460 2018
121766 1930
130854 2097
160959 2044
171298 2045
180742 2088
201085 2025
220575 1984
231289 1964
250736 1921
261251 1958
270321 2027
291219 2049
300533 2054
320804 1940
330587 1997
340720 2032
351083 1988
370942 2041
390670 1993
410825 2016
420510 1973
441065 1943
460986 1969
480770 2004
500996 2058
521015 2035
530920 1935
540527 2008
560857 1993
571002 1915
580961 1941
591487 1988
600733 1946
621157 2011
640439 2078
650490 2081
661043 2074
680909 1924
690317 2022
701114 1941
711552 2069
720815 1996
730737 1939
741161 2002
750587 2077
771183 1990
780492 1942
790750 2062
801084 1918
810758 2002
831250 1998
861025 2003
870415 2067
890932 2061
910406 2061
940484 1908
961116 1958
970528 2096
990357 1910
1020806 1971
1060712 1908
1071106 1974
1090888 2014
1101064 1987
1110692 2052
1120742 1990
1130824 1902
1140613 1981
1150616 2031
1160975 1931
1170618 2002
1191036 2065
1200564 1951
1210809 2039
1221225 1984
1230617 1948
1240962 2082
1251524 1963
1270486 2018
1281022 1977
1311088 2065
1320726 2014
1340852 2010
1380715 2089
1390331 1927
1410614 1954
1420578 2090
1431237 1960
1440591 1904
1450709 2076
1461148 2051
1470640 2054
1480783 1915
1490880 2039
1510970 1982
1520856 1936
1530322 1974
1550984 2028
1571061 1912
1580894 1972
1590691 1977
1600851 2035
1630717 2048
1640819 2039
1660877 1959
1670941 1957
1680907 1995
1701337 1926
1710631 1900
1720549 1939
1740632 2021
1750538 2034
1761471 2011
1770540 1963
1790844 1967
