82616,5071,74
84641,5002,62
90545,5107,71
94529,5051,61
96522,5030,66
98574,5013,71
100651,5083,76
104721,5148,73
106548,5147,78
108622,5162,78
110674,5093,72
114503,5186,76
116539,5169,78
120613,5068,79
122619,5100,70
124506,5165,67
126506,5107,66
128526,5113,79
130552,5131,63
132568,5172,79
138503,5194,70
140671,5182,74
146539,5105,63
154606,5004,70
156609,5023,75
158561,5008,64
160527,5000,72
166503,5048,75
168503,5113,67
172510,5184,72
174542,5050,61
178503,5114,67
180561,5055,64
182632,5069,71
184612,5067,69
200562,5095,61
202616,5144,74
204580,5144,65
208510,5145,62
210510,5015,70
212651,5034,74
218593,5146,60
220696,5014,65
222510,5156,65
224587,5128,73
226616,5010,69
228548,5133,66
230607,5178,64
236571,5055,72
238577,5099,78
244529,5088,68
246676,5034,66
248625,5155,69
250504,5110,75
252721,5144,64
256548,5121,70
258510,5001,73
260658,5110,78
262548,5002,78
264593,5030,76
268503,5130,76
270510,5025,75
272715,5154,68
274660,5058,60
276721,5099,62
280626,5118,67
284529,5046,75
288503,5092,65
290510,5160,69
292503,5184,62
294526,5012,70
296510,5024,61
298600,5161,66
304593,5072,77
306503,5135,77
310504,5152,69
316548,5177,64
318641,5194,73
320648,5132,64
322510,5036,75
324612,5074,70
326676,5126,70
328702,5076,67
330504,5044,65
334603,5038,71
336590,5057,77
338506,5030,67
340683,5106,76
344522,5096,79
346558,5093,77
348619,5125,69
352510,5101,77
354516,5124,68
356503,5052,66
364519,5002,66
368632,5188,63
372628,5118,62
376545,5102,70
378676,5070,69
380526,5080,69
382510,5083,66
384555,5044,64
388692,5176,73
390600,5167,70
392510,5164,73
398558,5090,60
400648,5052,66
402503,5072,67
404542,5158,64
406654,5071,71
408548,5105,79
410719,5103,64
414510,5002,73
416548,5127,79
422503,5093,71
428503,5123,72
432571,5049,64
438622,5108,73
444551,5059,73
446510,5031,79
448507,5124,67
450667,5042,63
452545,5010,64
454548,5051,62
456529,5186,64
458619,5106,60
462561,5175,69
464510,5059,72
468609,5119,65
474603,5005,60
476584,5118,70
478635,5025,65
480523,5036,66
482635,5155,75
484664,5133,73
486740,5159,67
488548,5073,72
490703,5016,74
492632,5152,63
498686,5196,66
500587,5074,72
502568,5189,64
520555,5138,61
522548,5096,69
530575,5106,77
532510,5173,68
540504,5057,62
542510,5148,64
544654,5168,71
546692,5087,68
548632,5086,74
550587,5060,62
552548,5136,64
554510,5198,70
556555,5067,77
558737,5163,60
562529,5088,64
564708,5094,65
568728,5183,71
572529,5104,72
574510,5136,79
578548,5005,71
580510,5151,64
582503,5028,69
584622,5109,72
588702,5098,61
590607,5042,63
592616,5085,75
594612,5172,68
596571,5052,68
598715,5044,66
602606,5048,66
604529,5167,60
606606,5061,61
608503,5083,67
610565,5147,69
614612,5097,74
618680,5180,61
622542,5193,72
624558,5094,66
626673,5175,79
628503,5151,61
632539,5155,60
636676,5124,62
640671,5137,78
642628,5149,67
644635,5101,66
646510,5095,70
648632,5145,62
650504,5166,74
652740,5113,68
654580,5064,61
660658,5076,79
664609,5190,66
666503,5080,62
670539,5116,74
674510,5124,67
676529,5193,77
678702,5106,60
682571,5123,63
688510,5032,60
690687,5125,66
692584,5151,66
694587,5198,72
696628,5088,66
700562,5023,73
702503,5050,71
704545,5102,60
708571,5090,64
710504,5144,75
712510,5023,76
716529,5089,77
720738,5048,71
722510,5010,77
726628,5134,60
732503,5044,60
734503,5161,72
736539,5034,68
740510,5115,69
742683,5073,66
744574,5021,71
748590,5104,62
750504,5004,66
752548,5130,60
754503,5104,68
756638,5197,64
766667,5033,76
768619,5022,71
772503,5141,62
774510,5013,70
776529,5074,61
780536,5037,71
782503,5062,65
784628,5115,71
786542,5122,71
790600,5041,73
792561,5150,63
794600,5046,75
800671,5026,67
802510,5188,63
804548,5136,75
806503,5083,67
812503,5078,76
814503,5136,64
816529,5045,66
820744,5183,77
822551,5142,70
824593,5073,65
826667,5158,70
828667,5062,78
832622,5031,66
840587,5154,73
842551,5180,69
848558,5158,70
852667,5046,77
856510,5199,72
858567,5035,75
860504,5115,70
864503,5099,72
866702,5107,65
868574,5199,76
870568,5178,71
876699,5056,62
878616,5112,75
880581,5084,76
882600,5170,71
884503,5188,68
886568,5030,72
888567,5198,64
892510,5160,63
894510,5083,64
896510,5109,65
902558,5195,72
904503,5131,74
906612,5154,70
908670,5050,67
910639,5068,60
912503,5034,71
914622,5145,74
916667,5052,67
924510,5047,69
926632,5081,67
930751,5186,73
934609,5067,76
938510,5097,70
940626,5137,68
946577,5060,77
948510,5016,61
950578,5121,66
952555,5165,62
958548,5189,65
962708,5189,60
964510,5146,73
966644,5099,72
968503,5123,67
972606,5124,71
976577,5190,61
980645,5063,72
982503,5185,74
984606,5127,66
986619,5162,63
988529,5184,79
992510,5032,72
994503,5141,75
996603,5007,68
998612,5138,77
1000610,5012,78
1002510,5179,63
1004641,5130,69
1006503,5021,71
1014510,5000,60
1016577,5019,65
1018510,5185,74
1022564,5115,63
1024503,5125,63
1026622,5037,66
1028628,5092,74
1030565,5154,61
1032510,5018,75
1036564,5008,71
1040687,5062,78
1050510,5179,60
1052680,5133,76
1056529,5149,69
1058622,5003,76
1060555,5164,73
1062503,5038,77
1064503,5183,60
1066510,5159,78
1070533,5072,69
1072561,5161,60
1074510,5030,60
1076648,5092,79
1078635,5167,76
1082590,5152,72
1084510,5044,66
1088526,5133,64
1092596,5077,68
1094603,5195,70
1096510,5169,72
1104503,5075,60
1106664,5030,63
1110658,5001,75
1114510,5089,72
1116567,5151,70
1124584,5137,72
1128564,5145,63
1130504,5037,77
1132625,5080,74
1134510,5168,64
1138510,5167,78
1140651,5032,77
1142510,5168,75
1144503,5029,60
1146657,5082,72
1150574,5173,72
1152548,5057,64
1156552,5193,74
1158568,5111,68
1164510,5061,68
1166503,5163,67
1168510,5142,61
1170558,5163,73
1172628,5042,64
1176616,5007,73
1178654,5073,76
1180558,5194,72
1182503,5014,78
1184638,5090,65
1186526,5042,66
1188612,5177,76
1190645,5000,77
1192660,5109,60
1194529,5081,60
1198548,5040,62
